1.948853581410469715e+00
1.945905277982095560e+00
1.942249979185580511e+00
1.938737633823274686e+00
1.934418709959030869e+00
1.931699956978511157e+00
1.928356265640235323e+00
1.923770055784839839e+00
1.920407755153167528e+00
1.917945012858321752e+00
1.914188317500381764e+00
1.908960894607890202e+00
1.905642315307159773e+00
1.901807457529786749e+00
1.898883501722834488e+00
1.895210681944814457e+00
1.892671790963079914e+00
1.887644504270375112e+00
1.883281610090930869e+00
1.878923362771510286e+00
1.875212788203458603e+00
1.872520031499138149e+00
1.868991849470891253e+00
1.865753547499091836e+00
1.862358759557639409e+00
1.859746797668999418e+00
1.854862307066438731e+00
1.850333799016246061e+00
1.846339860455534554e+00
1.841833729258214980e+00
1.838906975039497960e+00
1.836059526116119223e+00
1.832134313011031912e+00
1.828606392905607336e+00
1.825350462918333250e+00
1.821439849838281111e+00
1.818209531769569454e+00
1.813755756055613455e+00
1.809893267334025113e+00
1.806336885464899789e+00
1.802095147234777039e+00
1.798791025766040885e+00
1.795632401773776365e+00
1.791498347692237258e+00
1.788618372436150405e+00
1.783854189466729467e+00
1.780641767126792230e+00
1.777375015590951568e+00
1.773589447076035608e+00
1.768358236200066047e+00
1.765269811163902691e+00
1.760084954585328099e+00
1.756043927919014536e+00
1.752381062978008552e+00
1.749775436194753730e+00
1.744772964314465158e+00
1.740394024903229919e+00
1.735432713141791261e+00
1.729865099782204263e+00
1.726470730403456777e+00
1.724265311882285490e+00
1.721256245870394608e+00
1.717113486766780994e+00
1.713587853462929189e+00
1.709928355646613607e+00
1.706445421453849587e+00
1.701910436305882568e+00
1.699315089503820708e+00
1.695423124865751863e+00
1.691714560588600591e+00
1.688097361586331058e+00
1.684428735070831351e+00
1.681528507283355678e+00
1.677959251328316359e+00
1.673526679778623683e+00
1.669976673954552071e+00
1.664981986933765201e+00
1.661061401637284218e+00
1.657652354026043051e+00
1.653315242244512095e+00
1.650393170505702445e+00
1.645613666668213071e+00
1.643292893097288987e+00
1.640186965989620660e+00
1.636741164385949077e+00
1.633867767291857565e+00
1.631125683250919556e+00
1.626784595746332274e+00
1.623083576153189433e+00
1.617846605313471020e+00
1.613641749600128072e+00
1.608948903905214500e+00
1.604951566976499322e+00
1.602296411791539477e+00
1.598230926569725430e+00
1.594275831660394882e+00
1.589723940628835930e+00
1.585263060998985507e+00
1.582077883332688728e+00
1.579490575794483043e+00
1.575054231182151154e+00
1.571614735565112664e+00
1.567894501540672003e+00
1.563286660047684684e+00
1.558304374322737162e+00
1.553528366364870683e+00
1.549882376414067897e+00
1.545061391188226274e+00
1.540089802572594424e+00
1.537256087448504838e+00
1.532791411708968266e+00
1.530001152239764295e+00
1.526015853416821999e+00
1.521421463273253893e+00
1.518581150921164413e+00
1.514982646835248525e+00
1.512541687270068547e+00
1.510306245240270240e+00
1.507235677222614090e+00
1.503585622880656336e+00
1.498894138573608759e+00
1.495773731121129435e+00
1.492051551738503345e+00
1.488313697162502169e+00
1.484269361122036335e+00
1.481576656305470863e+00
1.477280004577452788e+00
1.473145487429509126e+00
1.470776793455302656e+00
1.467906688322240472e+00
1.464328121603399424e+00
1.460871162352151087e+00
1.456881358843062024e+00
1.453088924215380162e+00
1.448216905952889766e+00
1.444146244368601284e+00
1.440387229695601734e+00
1.436919963911521103e+00
1.433218379025597677e+00
1.428680500845508572e+00
1.425872911787669617e+00
1.421350368085445792e+00
1.418579245680213097e+00
1.414231947885138840e+00
1.409481356936875374e+00
1.405244552396755831e+00
1.401844020036635996e+00
1.398923998796404833e+00
1.396024282501980851e+00
1.391458419374627553e+00
1.389188908483456775e+00
1.385686234709748943e+00
1.381233805982857277e+00
1.376866666260082139e+00
1.373252856397742416e+00
1.370724720408582398e+00
1.367540138743336353e+00
1.364903294253766219e+00
1.360851734921787681e+00
1.356611046877301829e+00
1.352930773909335915e+00
1.348602768256105700e+00
1.345990243209418846e+00
1.342815364733543015e+00
1.338644497806003031e+00
1.336125254845711208e+00
1.332964677955916333e+00
1.328254878910879011e+00
1.323752951008074108e+00
1.319818505573867151e+00
1.316409906472428171e+00
1.313379326980363304e+00
1.308716069197567666e+00
1.305686705334704545e+00
1.301905486193661643e+00
1.299224386063769332e+00
1.296293924058285807e+00
1.293061872913876309e+00
1.290469321809292413e+00
1.287420980825392247e+00
1.284616337120756402e+00
1.281080967902339829e+00
1.278518303463445971e+00
1.275607142859728649e+00
1.272429539004869437e+00
1.268745732072767973e+00
1.265620176121034168e+00
1.262050496607098449e+00
1.257873698775084037e+00
1.254153451208101400e+00
1.250111496887900353e+00
1.247351620856861576e+00
1.244201696575366833e+00
1.241499645673031393e+00
1.238322605980572533e+00
1.235133088370780285e+00
1.231702053335937297e+00
1.229092354067502724e+00
1.226286488239585637e+00
1.223213408916654199e+00
1.220414847580029827e+00
1.217151549468567406e+00
1.212423542053501668e+00
1.208767917227365984e+00
1.205131311721283405e+00
1.201061634888475949e+00
1.197065557066118169e+00
1.193247756214736999e+00
1.188900884584296325e+00
1.186509027387554704e+00
1.183199894113124984e+00
1.179989865635986179e+00
1.176104755186203388e+00
1.172779403161175127e+00
1.168881773463921192e+00
1.165671340818472901e+00
1.163005669661248742e+00
1.159076172028096208e+00
1.155316578564351104e+00
1.151619739719524471e+00
1.148863255214183976e+00
1.145483109110494446e+00
1.141923940737517462e+00
1.138882779468143314e+00
1.135860792945691644e+00
1.132990671512586589e+00
1.130106107915105795e+00
1.127019775776998189e+00
1.122379461221809649e+00
1.118845708860999322e+00
1.114716455870631062e+00
1.112355177288835151e+00
1.108838026440612579e+00
1.104822369268190219e+00
1.101583820301377248e+00
1.099228240248118382e+00
1.095004261073541096e+00
1.092103621220252174e+00
1.089448875552242013e+00
1.087193509930559410e+00
1.083165933798123426e+00
1.079812270514465711e+00
1.077420193881587496e+00
1.074799592660721670e+00
1.071220855419390050e+00
1.067585602498154262e+00
1.064455825639733622e+00
1.061701450618437681e+00
1.059182778955763737e+00
1.056055241790960553e+00
1.052537991803788486e+00
1.048216240789753506e+00
1.045294171908576430e+00
1.041891506002505130e+00
1.038734975397105353e+00
1.035288631545585369e+00
1.032303620074839445e+00
1.029312045255667218e+00
1.025396218283471050e+00
1.022844768180803943e+00
1.019950529166748998e+00
1.016932265855963191e+00
1.013895199811286618e+00
1.011642954744203182e+00
1.008251717592661301e+00
1.004961537750832301e+00
1.001306502657536734e+00
9.989035042189581270e-01
9.959265444108263976e-01
9.921182810728604862e-01
9.885319867568812535e-01
9.848192378825982862e-01
9.812864783835427707e-01
9.784589646348704761e-01
9.762820513137429046e-01
9.733939688023713899e-01
9.699252786134909821e-01
9.658815499152685335e-01
9.639686353651132356e-01
9.594834195576175118e-01
9.566366963856016703e-01
9.528377499660131145e-01
9.505477971781233215e-01
9.467689039726298050e-01
9.436254969920935265e-01
9.408877803724289279e-01
9.375120192928044771e-01
9.350847332231463360e-01
9.317606170795417198e-01
9.278454263297274407e-01
9.245033753675596655e-01
9.219587242275596450e-01
9.197140086257387104e-01
9.177822958835764044e-01
9.152682116491076547e-01
9.113016583131768877e-01
9.077959696383249844e-01
9.040059103883830716e-01
9.014650672774759954e-01
8.991245778124251631e-01
8.967133428698628173e-01
8.934512656158218880e-01
8.900010671543542307e-01
8.869351699190708427e-01
8.836796841777451172e-01
8.804167436825867110e-01
8.777302636714967576e-01
8.746173760912080430e-01
8.718770595987561656e-01
8.687777662683503488e-01
8.661451816497340861e-01
8.637432874192737531e-01
8.609128408690994716e-01
8.587224009826573967e-01
8.562164637949620793e-01
8.526240189306064643e-01
8.496549296824421615e-01
8.472567238142806323e-01
8.448428629880819773e-01
8.419389021909418069e-01
8.398155496347607940e-01
8.370220200514769671e-01
8.343791258470900640e-01
8.315358986641359085e-01
8.289194384585927278e-01
8.266296366373075966e-01
8.237721941221372024e-01
8.208123975544449058e-01
8.169454256546999638e-01
8.142654238436456415e-01
8.114299509491355034e-01
8.085771066746412217e-01
8.058455066653053001e-01
8.031140347718174199e-01
8.005980138624825271e-01
7.984672383340987167e-01
7.954246971803966559e-01
7.926813713478142454e-01
7.902940229983890230e-01
7.878537528297478998e-01
7.856786400291716488e-01
7.825440664493611420e-01
7.801820023404814064e-01
7.778723894187455912e-01
7.746458862124649958e-01
7.715083439615315619e-01
7.693587134082376933e-01
7.662698244257091229e-01
7.633733000193502205e-01
7.604053514623626553e-01
7.578693537209482134e-01
7.549550748651382426e-01
7.527352286962101235e-01
7.510167771948742521e-01
7.481162932146897537e-01
7.445831683727369699e-01
7.428268445146132271e-01
7.394123557419877146e-01
7.373494711158188331e-01
7.352973541557132897e-01
7.325844171893124424e-01
7.309001159662310565e-01
7.277102371897230526e-01
7.249108981664784679e-01
7.218771380103842228e-01
7.197792612223655739e-01
7.172120550748402046e-01
7.149019656359407726e-01
7.129404701980835979e-01
7.100231671664993804e-01
7.070499842401231083e-01
7.038313178630127842e-01
7.021621806366425966e-01
6.992927521017689996e-01
6.967410560645107553e-01
6.947889718667511483e-01
6.928931510467799537e-01
6.911151053144701795e-01
6.886872229703390191e-01
6.864196315428814366e-01
6.841093116827813292e-01
6.815587218077013842e-01
6.784419681509129552e-01
6.765260857097874503e-01
6.742646504963317744e-01
6.715162844788986618e-01
6.691997256058941357e-01
6.668036996255508608e-01
6.645123059760964512e-01
6.628557869014082282e-01
6.603744100499963077e-01
6.577863264112158159e-01
6.556941563878511126e-01
6.528425540996080079e-01
6.494835628554612716e-01
6.476622585219765638e-01
6.452249053803951195e-01
6.423312099432608724e-01
6.404934436907174788e-01
6.377163534014685942e-01
6.353927055853801908e-01
6.331384059390222641e-01
6.305711171463250775e-01
6.282731243649745112e-01
6.254571482721202891e-01
6.234811215511609772e-01
6.211596741269498345e-01
6.189043568015111241e-01
6.171130841944754142e-01
6.146549432893937404e-01
6.111159727299179112e-01
6.077701053156004951e-01
6.048363625018965406e-01
6.025899360393238702e-01
5.996278233981172656e-01
5.979128688382682189e-01
5.959358813079188577e-01
5.939275691464873663e-01
5.921407925625866708e-01
5.901501070122576742e-01
5.882299994701544188e-01
5.864883131028716390e-01
5.840181901122315500e-01
5.815409100919193275e-01
5.795841458281462133e-01
5.775406481031153394e-01
5.759281744927321478e-01
5.740162784610509661e-01
5.713204732594842072e-01
5.694277567074685908e-01
5.676804621672348894e-01
5.659832407982194891e-01
5.634174791128643278e-01
5.610494194911439525e-01
5.587323488173848718e-01
5.563092650596308530e-01
5.541123281181856708e-01
5.524764538462388908e-01
5.503659261312132678e-01
5.485868537631597430e-01
5.468118557835655036e-01
5.447383674365275930e-01
5.430352401259960216e-01
5.412565079953416403e-01
5.394010594841942563e-01
5.363639014150648476e-01
5.342493030948236576e-01
5.325694479759833788e-01
5.310389170205536136e-01
5.294674348050306678e-01
5.281419053274567510e-01
5.263524716639811363e-01
5.249303422791227192e-01
5.232084762168581760e-01
5.211922224553188210e-01
5.191655909097242505e-01
5.175010439975208376e-01
5.157092500231617027e-01
5.138434361939361317e-01
5.121039096180839412e-01
5.104691247605128712e-01
5.085533137158093631e-01
5.068010567080872830e-01
5.051094959899672387e-01
5.034677857252043420e-01
5.020176808348352226e-01
5.002986984414427019e-01
4.982258497273351350e-01
4.960162817062894747e-01
4.946706247735028206e-01
4.933123290658137927e-01
4.912731770898602912e-01
4.890139512930334886e-01
4.873437116336145070e-01
4.857802136844864838e-01
4.838865709277490046e-01
4.817722904364606373e-01
4.804396998670328323e-01
4.788492749723455288e-01
4.765446926238006697e-01
4.743623352625380707e-01
4.731954638392902313e-01
4.715552569024340501e-01
4.699878148114981502e-01
4.692121149176400885e-01
4.680787766587031218e-01
4.662947544652492060e-01
4.644733696697148639e-01
4.634558642228003844e-01
4.617924223198952016e-01
4.605618778608661645e-01
4.591253594912546587e-01
4.580743923440012688e-01
4.561443653919706742e-01
4.544583044425959950e-01
4.529158254720009325e-01
4.511825108120930961e-01
4.491251421657552201e-01
4.480036275814748281e-01
4.465272420855434521e-01
4.445754300452952057e-01
4.431251742170587704e-01
4.415965089879523298e-01
4.406031457418997377e-01
4.391064972524374999e-01
4.379845445686983418e-01
4.367689990663704003e-01
4.355038328641889223e-01
4.337714727993383090e-01
4.324705505313457543e-01
4.311471493789952314e-01
4.298586779882843101e-01
4.286184889325120873e-01
4.277218531364956333e-01
4.270194462350686559e-01
4.255478482156202502e-01
4.236390297036681796e-01
4.220143757168514642e-01
4.211248117947562486e-01
4.199446957645964762e-01
4.192918090829925171e-01
4.178376566432645545e-01
4.166694557487939377e-01
4.151342602832526762e-01
4.134966992346381098e-01
4.123911658027503702e-01
4.116150050567216057e-01
4.103088056635336156e-01
4.090860902065405758e-01
4.080456671128068202e-01
4.065968745034559961e-01
4.055890986203659065e-01
4.044050036928110159e-01
4.033696554584361160e-01
4.018292254733170643e-01
4.008226958392767103e-01
3.998979731812460914e-01
3.982839717026558368e-01
3.972447253682004908e-01
3.960451004036918965e-01
3.950445900608508532e-01
3.941882053715095591e-01
3.932885138765678801e-01
3.916636578430471860e-01
3.901857056190453088e-01
3.893636945593963450e-01
3.883103748044806069e-01
3.875234974760873308e-01
3.863329191685275221e-01
3.853146818558792486e-01
3.844799429925471190e-01
3.835448900536226335e-01
3.829861084007168404e-01
3.821489994668660906e-01
3.817164961733894857e-01
3.807601285697665983e-01
3.797586071095062632e-01
3.792288555610403566e-01
3.779714151815755097e-01
3.769507851904799756e-01
3.761304265641683409e-01
3.753699342175457754e-01
3.746469328260297327e-01
3.735738874937200027e-01
3.726135182286011149e-01
3.711910480420686498e-01
3.703352260877182944e-01
3.697801304310195936e-01
3.684322967494221279e-01
3.676382234478615119e-01
3.667830530098630804e-01
3.658781821982766691e-01
3.648797570905348286e-01
3.645880005892524478e-01
3.642086139596785732e-01
3.635909021734798352e-01
3.629383514649972553e-01
3.615466441006105480e-01
3.608575136279317253e-01
3.602553745737472335e-01
3.595378429500543649e-01
3.590936920683092670e-01
3.580265397084230750e-01
3.571545791060273256e-01
3.562880291656653209e-01
3.556571045038741663e-01
3.551266496198126621e-01
3.544123414625773294e-01
3.534928953238768434e-01
3.525781349828167044e-01
3.515833033156962606e-01
3.505521301139132295e-01
3.498453748018956477e-01
3.493519878099989318e-01
3.489236680246339262e-01
3.483366005182853553e-01
3.475802297830712373e-01
3.471350623119547341e-01
3.466319136258645961e-01
3.458687823592370147e-01
3.452748283588234490e-01
3.447263624043567787e-01
3.443562123314121148e-01
3.439663487112792906e-01
3.435134863334221023e-01
3.435152854455973404e-01
3.431538345151546321e-01
3.427392624155262690e-01
3.420006131248128356e-01
3.416252928869182304e-01
3.415642639771800382e-01
3.407814321760061493e-01
3.408611478250219706e-01
3.400520555070935536e-01
3.393209647738770207e-01
3.391727233701737898e-01
3.389425748538034133e-01
3.385149239137070776e-01
3.378838354995922222e-01
3.377232739590955157e-01
3.374213803127646960e-01
3.371031472765930181e-01
3.364668754626570224e-01
3.360663798785716305e-01
3.361404641416544936e-01
3.362967849284612676e-01
3.356342766417140799e-01
3.352689677680348868e-01
3.347316159492000898e-01
3.345515242136415379e-01
3.338595911590672149e-01
3.334344575687925305e-01
3.329233491298477232e-01
3.328991833473841089e-01
3.326519632397264004e-01
3.325292645829832638e-01
3.319363213684398128e-01
3.316378782563710881e-01
3.308891578854581961e-01
3.306886972852913775e-01
3.301600555883347221e-01
3.296839272451647651e-01
3.293203670164170926e-01
3.289399615280910183e-01
3.284122435890073910e-01
3.280762052248573091e-01
3.275710642299674569e-01
3.269526210671370725e-01
3.273573283015717150e-01
3.274438468213088926e-01
3.266751909570706491e-01
3.265278292779731917e-01
3.261890923057425562e-01
3.257086706188038749e-01
3.253082711455090315e-01
3.253707046436763450e-01
3.246872323248309322e-01
3.245882539069797068e-01
3.240616555772330987e-01
3.238303230869231109e-01
3.236900469461838070e-01
3.233204855276571865e-01
3.228806554128464401e-01
3.230638796582165906e-01
3.223292661484035149e-01
3.217627980308515601e-01
3.215257141307213962e-01
3.215448273412911950e-01
3.208252699076273862e-01
3.208017201749690517e-01
3.202692465317871218e-01
3.199190766344420789e-01
3.197240619823236152e-01
3.193252506182054917e-01
3.195215873215741520e-01
3.191965183380011117e-01
3.188605246057431009e-01
3.187628736500388582e-01
3.186289700743653586e-01
3.181915045952963261e-01
3.179502503268433755e-01
3.180025931029820674e-01
3.179079210608492523e-01
3.171054618867869546e-01
3.170397770203670085e-01
3.170975424672742293e-01
3.169658020846605195e-01
3.164551863474840965e-01
3.162247026812205486e-01
3.160947412868971851e-01
3.156326209470020072e-01
3.152628922394038469e-01
3.153632300596174165e-01
3.151842320539985920e-01
3.148889673495306463e-01
3.146456352006752333e-01
3.146565645381989573e-01
3.142846195042168222e-01
3.142276860519874204e-01
3.138507106419376469e-01
3.136610834996163000e-01
3.135894975913335880e-01
3.131853305536447807e-01
3.129886692866696851e-01
3.127967177524407227e-01
3.125689151442942459e-01
3.125992013292686611e-01
3.125273578345963421e-01
3.124598490224971270e-01
3.122245835000551639e-01
3.121408420393637639e-01
3.116900420518856074e-01
3.117335067173086505e-01
3.115054156984063960e-01
3.114210323088730248e-01
3.111118455874473110e-01
3.108476821110128241e-01
3.105354769642146850e-01
3.103664157679173474e-01
3.097250194580412619e-01
3.096850879938929380e-01
3.091617591559711609e-01
3.090631025374266372e-01
3.090791516011441309e-01
3.091637896206009262e-01
3.089370683743218327e-01
3.085485853944845425e-01
3.083502396064632389e-01
3.083977457067672012e-01
3.082194253919964266e-01
3.081259556930044385e-01
3.081661131932218467e-01
3.079739035221511489e-01
3.077411504537120313e-01
3.077576412671823025e-01
3.078293391110138444e-01
3.077995848719932703e-01
3.077052799877658673e-01
3.076617106387180001e-01
3.075337850297965026e-01
3.073049819506322167e-01
3.074107296520408039e-01
3.072065360978779580e-01
3.073569967979198347e-01
3.071604417293410938e-01
3.071452454134307453e-01
3.068322563943242098e-01
3.068806192031648394e-01
3.067534488872729614e-01
3.066320347277163294e-01
3.065260377035891604e-01
3.063613471418198397e-01
3.062174026631270807e-01
3.060127796753715490e-01
3.057752849684602925e-01
3.059290663536632926e-01
3.057360005545998738e-01
3.055957076181749499e-01
3.054052098010728300e-01
3.053595412806222043e-01
3.053054559651116606e-01
3.052983357101696216e-01
3.054218056179411334e-01
3.053658087214140560e-01
3.052807891117109707e-01
3.050774003708907056e-01
3.050039154011192633e-01
3.048671113204003413e-01
3.046409092954397990e-01
3.044566847184823066e-01
3.041739396458252864e-01
3.041385823482926631e-01
3.041452582610560951e-01
3.041666577949186379e-01
3.041248326652797318e-01
3.041410408206527416e-01
3.039731290642276873e-01
3.040545378789841768e-01
3.038032609906306525e-01
3.038465618316216199e-01
3.037280634807415503e-01
3.036029463044512822e-01
3.034890165713302612e-01
3.033642204811881626e-01
3.035991138440769510e-01
3.034462202248211504e-01
3.034774133287088671e-01
3.034246286188924668e-01
3.033530803235693352e-01
3.033104562474437937e-01
3.031958808717774567e-01
3.038401493868290171e-01
3.034452642937454092e-01
3.029544694092294876e-01
3.030766127801713949e-01
3.026588621206464658e-01
3.027383890367961183e-01
3.025523401393923062e-01
3.025688353625239913e-01
3.025099254955822548e-01
3.023923735792296008e-01
3.022144702640409131e-01
3.021671396890478478e-01
3.021263690683788639e-01
3.021630957894101965e-01
3.020729577766881335e-01
3.020043968888114216e-01
3.018804503860965660e-01
3.019717117894500369e-01
3.015456595250400884e-01
3.019580578742019350e-01
3.014796537029260093e-01
3.012608153788109977e-01
3.012365450262955990e-01
3.013934315717592405e-01
3.012962567389595447e-01
3.013945463279861792e-01
3.012587501766960663e-01
3.012016720059575436e-01
3.010743690217236312e-01
3.010757216428266991e-01
3.009293569144934621e-01
3.009491969478227391e-01
3.008491983786440449e-01
3.008588220004395075e-01
3.008462688616994063e-01
3.009386745035378952e-01
3.008942698836557517e-01
3.008285109932486434e-01
3.007847605297406801e-01
3.007371338146139217e-01
3.007070777347948254e-01
3.006236676384073103e-01
3.005310125385359798e-01
3.006008547090972538e-01
3.007147407772994274e-01
3.005778080870105673e-01
3.006541676879190828e-01
3.006491634302425608e-01
3.005931999522942766e-01
3.007314730277106385e-01
3.005630408929664266e-01
3.006850248980149631e-01
3.006801372065728284e-01
3.003527605140932089e-01
3.003796524500380594e-01
3.004420477179426396e-01
3.005087038246813114e-01
3.005148905231221912e-01
3.004807532455213148e-01
3.006110164669852369e-01
3.003558132810880688e-01
3.003294822969949096e-01
3.002105425874296296e-01
3.001867079198712873e-01
3.001267038093206607e-01
3.000839348660451211e-01
3.000510511715911988e-01
3.000371066723362401e-01
2.999369916136572223e-01
3.000371394627820987e-01
3.000842374839778892e-01
2.999982330372613082e-01
3.000062565822979588e-01
2.999585985801780375e-01
2.999535207098283918e-01
2.999280849071338517e-01
2.998547105901752108e-01
2.998621598980981684e-01
2.996583877552798092e-01
2.998043124622076228e-01
2.998448606213327539e-01
2.997356253831196526e-01
2.997698919643032589e-01
2.997116913350536538e-01
2.997314276556226065e-01
2.997927303814084121e-01
2.997621688140225671e-01
2.997614218748077541e-01
2.997766055549698216e-01
2.997718850561700288e-01
2.998016925184615045e-01
2.998098270572600033e-01
2.997517067703204252e-01
2.997767730829855592e-01
2.997982608277650618e-01
2.997519486373529385e-01
2.997413250680552310e-01
2.997256682807706851e-01
2.996722357323924890e-01
2.996383036963709556e-01
2.996695353547343399e-01
2.997361906053306879e-01
2.996800350831101412e-01
2.997085189635093072e-01
2.996916357039469125e-01
2.997381548208886137e-01
2.997368093525478727e-01
2.997277185802965094e-01
2.997044017450224418e-01
2.996969061015705704e-01
2.997081219644970873e-01
2.997441380296366198e-01
2.997179717677374566e-01
2.996928377227981444e-01
2.996718661830931052e-01
2.997059108566281771e-01
2.996607949755141775e-01
2.995199657836159490e-01
2.995362739540768371e-01
2.995133081678418852e-01
2.995292035492559402e-01
2.995514157779098907e-01
2.995531272139384527e-01
2.995868959321978942e-01
2.995635595313255739e-01
2.995461015072511390e-01
2.995429976260045035e-01
2.995453939687721112e-01
2.995306451438126683e-01
2.995204146876869200e-01
2.995606515082277488e-01
2.995946046097227033e-01
2.995235307375483380e-01
2.995627332860145708e-01
2.995407300756542934e-01
2.995410987185359586e-01
2.995513335935872101e-01
2.996172674380245260e-01
2.996221344299882516e-01
2.995995964159285374e-01
2.996495482448481296e-01
2.995780899623040616e-01
2.996209751265260790e-01
2.995284242577888056e-01
2.995476444755205137e-01
2.995711121776799546e-01
2.995886314782522653e-01
2.995890311562475761e-01
2.995918919043550899e-01
2.994910496984805603e-01
2.995744839102938428e-01
2.995643691890773619e-01
2.995525122575912191e-01
2.995537225348771093e-01
2.995451280763486990e-01
2.995182376460427398e-01
2.995335818707068887e-01
2.994952677946092212e-01
2.995302711223788439e-01
2.995255436545903871e-01
2.994242413877324926e-01
2.994302475009367193e-01
2.994346946852042834e-01
2.994333090775329054e-01
2.994351187155096516e-01
2.994343106003154453e-01
2.994354193799392827e-01
2.994333021433352449e-01
2.994335032433821930e-01
2.994319746634150348e-01
2.994346995821531854e-01
2.994317521603457322e-01
2.994321143887805903e-01
2.994345125500442184e-01
2.994312437967941443e-01
2.994344514474956975e-01
2.994325227509541110e-01
2.994312553892943263e-01
2.994331911675124358e-01
2.994302488993603739e-01
2.994349958713488080e-01
2.994285720354373792e-01
2.994334833299407417e-01
2.994406378524591128e-01
2.994544720661031501e-01
2.994457922029804542e-01
2.994487178533815075e-01
2.994561543264535608e-01
2.994542961367713252e-01
2.994520889708301992e-01
2.994546830818712313e-01
2.994571311694222970e-01
2.994622529131716338e-01
2.994557381231536808e-01
2.994545102496900535e-01
2.994571671374212651e-01
2.994448726411660933e-01
2.994579069904049762e-01
2.994494371196108062e-01
2.994542114807058897e-01
2.994479262293244237e-01
2.994448985510080874e-01
2.994466761980905667e-01
2.994512589394551783e-01
2.994475727547684096e-01
2.994478728105067211e-01
2.994387496722249464e-01
2.994378622084637454e-01
2.994418870560128787e-01
