1.509766555996642882e-03
3.019533111993285765e-03
4.512445548202507171e-03
5.954795625049468487e-03
7.447708061258691628e-03
8.906912257893070950e-03
1.036611645452745201e-02
1.182532065116183306e-02
1.333508720715847508e-02
1.472687492464317197e-02
1.618607912127755302e-02
1.786438687514840112e-02
1.940786167071988783e-02
2.086706586735427235e-02
2.235997830356349289e-02
2.410570253658402690e-02
2.553119849364356500e-02
2.704096504964020875e-02
2.846646100669975032e-02
2.994251932312154765e-02
3.150284823848045063e-02
3.294519831532741888e-02
3.440440251196179300e-02
3.584675258880875431e-02
3.737337326459282821e-02
3.874830686229010362e-02
4.037605225679869597e-02
4.190267293258275599e-02
4.334502300942970343e-02
4.482108132585151117e-02
4.622972316312362606e-02
4.770578147954542686e-02
4.919869391575464740e-02
5.092756402898775819e-02
5.233620586625987309e-02
5.406507597949298388e-02
5.547371781676510571e-02
5.694977613318691345e-02
5.849325092875839321e-02
6.022212104199150401e-02
6.186672055628750916e-02
6.327536239355961711e-02
6.475142070998142485e-02
6.636231198470259052e-02
6.787207854069922386e-02
6.955038629457008237e-02
7.127925640780319316e-02
7.295756416167405167e-02
7.438306011873357937e-02
7.599395139345474504e-02
7.753742618902623174e-02
7.919887982310966357e-02
8.062437578016919126e-02
8.240380825276456822e-02
8.384615832961152260e-02
8.538963312518302318e-02
8.693310792075449600e-02
8.866197803398760680e-02
9.028972342849618526e-02
9.174892762513058020e-02
9.317442358219009402e-02
9.461677365903707615e-02
9.616024845460856285e-02
9.775428560954230184e-02
9.961798868107478444e-02
1.014311293932450009e-01
1.031094371471158455e-01
1.045012248646005337e-01
1.059772831810223415e-01
1.078241321327673974e-01
1.093170445689766179e-01
1.110290605624223159e-01
1.124714106392692842e-01
1.141665725129275416e-01
1.158280261470109734e-01
1.176580209789685749e-01
1.194543075713514202e-01
1.209809282471354663e-01
1.226086736416440587e-01
1.241015860778532792e-01
1.257967479515115505e-01
1.274244933460201290e-01
1.288331351832922578e-01
1.305114429371631024e-01
1.319537930140100568e-01
1.333287266117073322e-01
1.348722014072788467e-01
1.364830926819999846e-01
1.382119627952331231e-01
1.400082493876159129e-01
1.416191406623370508e-01
1.432974484162078954e-01
1.451611514877403919e-01
1.465192309656502268e-01
1.479278728029223000e-01
1.494207852391315761e-01
1.510822388732150079e-01
1.526762760281487052e-01
1.542028967039328624e-01
1.560328915358904778e-01
1.576269286908242029e-01
1.593895070436322225e-01
1.611520853964401034e-01
1.627629766711613246e-01
1.644244303052447564e-01
1.661533004184778117e-01
1.677978999327738863e-01
1.694593535668572626e-01
1.712893483988149057e-01
1.726811361162996217e-01
1.745111309482572925e-01
1.759871892646790448e-01
1.776823511383373855e-01
1.794786377307201752e-01
1.812412160835280839e-01
1.830375026759108736e-01
1.843955821538207362e-01
1.858547863504551034e-01
1.872802823075147005e-01
1.891271312592597287e-01
1.906706060548312154e-01
1.921129561316781420e-01
1.938923886042734912e-01
1.955875504779317764e-01
1.972490041120152082e-01
1.988261871471614650e-01
2.004202243020952456e-01
2.020142614570290540e-01
2.034397574140885401e-01
2.049495239700852012e-01
2.067626646822554592e-01
2.082724312382521203e-01
2.101192801899971763e-01
2.117975879438680209e-01
2.136612910154004619e-01
2.152890364099090681e-01
2.171358853616541240e-01
2.185950895582885467e-01
2.200880019944977672e-01
2.215809144307069600e-01
2.229558480284042632e-01
2.244656145844008965e-01
2.258742564216729976e-01
2.276199806546935211e-01
2.291803095700524207e-01
2.308417632041358525e-01
2.326043415569438166e-01
2.342320869514523951e-01
2.358092699865987629e-01
2.373864530217450475e-01
2.388288030985920019e-01
2.404059861337383697e-01
2.420505856480343332e-01
2.438805804799920041e-01
2.455757423536502615e-01
2.469675300711349775e-01
2.484098801479819318e-01
2.500881879018527765e-01
2.517327874161487400e-01
2.535290740085315853e-01
2.553927770800640262e-01
2.572564801515965227e-01
2.587156843482309454e-01
2.602760132635897894e-01
2.618531962987361017e-01
2.632786922557955878e-01
2.647547505722174788e-01
2.664162042063009106e-01
2.682461990382585815e-01
2.699076526723419023e-01
2.715016898272756829e-01
2.729271857843352245e-01
2.747571806162928953e-01
2.761489683337775003e-01
2.779284008063729328e-01
2.793370426436450615e-01
2.808636633194290799e-01
2.823060133962761453e-01
2.837820717126979253e-01
2.852581300291197053e-01
2.867173342257541280e-01
2.885136208181369177e-01
2.898717002960468081e-01
2.914657374509805887e-01
2.931440452048514334e-01
2.946538117608480944e-01
2.961804324366321128e-01
2.977913237113533063e-01
2.996213185433109771e-01
3.014344592554811242e-01
3.031970376082890328e-01
3.045719712059862805e-01
3.063682577983690702e-01
3.078780243543656758e-01
3.096406027071736955e-01
3.110998069038081737e-01
3.127949687774663756e-01
3.143721518126127434e-01
3.160673136862710564e-01
3.178804543984411479e-01
3.195587621523120481e-01
3.213719028644821951e-01
3.230333564985656269e-01
3.247622266117987100e-01
3.266427838031186193e-01
3.282368209580523444e-01
3.300668157900100153e-01
3.316945611845185105e-01
3.334571395373264746e-01
3.348489272548112461e-01
3.363924020503826218e-01
3.380538556844661091e-01
3.399007046362111373e-01
3.415621582702945691e-01
3.432236119043780009e-01
3.446322537416501852e-01
3.460914579382845524e-01
3.476349327338559281e-01
3.492626781283644788e-01
3.510926729603221497e-01
3.527035642350433431e-01
3.542976013899770127e-01
3.558747844251233805e-01
3.573171345019702794e-01
3.590797128547781880e-01
3.605557711712000235e-01
3.619812671282595096e-01
3.636427207623429969e-01
3.655064238338754379e-01
3.669487739107223923e-01
3.685765193052309430e-01
3.699345987831407778e-01
3.715286359380745584e-01
3.733754848898195311e-01
3.751717714822023209e-01
3.767321003975612759e-01
3.783092834327075882e-01
3.801392782646652591e-01
3.818175860185361037e-01
3.836307267307063062e-01
3.852584721252148570e-01
3.867682386812114625e-01
3.881768805184835913e-01
3.899563129910789683e-01
3.915840583855876300e-01
3.933634908581829515e-01
3.951429233307782729e-01
3.965178569284755206e-01
3.978927905261728237e-01
3.995036818008939616e-01
4.012831142734893941e-01
4.029277137877853576e-01
4.043700638646323675e-01
4.060146633789283310e-01
4.076761170130117629e-01
4.095398200845442038e-01
4.112518360779898741e-01
4.128795814724984248e-01
4.145747433461567377e-01
4.162024887406652884e-01
4.179313588538984270e-01
4.197444995660686295e-01
4.213216826012149419e-01
4.231179691935977316e-01
4.246614439891692183e-01
4.262554811441029434e-01
4.281360383354227417e-01
4.296458048914194583e-01
4.311555714474161194e-01
4.330024203991611476e-01
4.346807281530320477e-01
4.365275771047771314e-01
4.382395930982227461e-01
4.396482349354948749e-01
4.410400226529795908e-01
4.423981021308895367e-01
4.441101181243350959e-01
4.457715717584185278e-01
4.473824630331397767e-01
4.490270625474357957e-01
4.506716620617317592e-01
4.525185110134768429e-01
4.541462564079853381e-01
4.559425430003681279e-01
4.575028719157270829e-01
4.592148879091728642e-01
4.610111745015555429e-01
4.628243152137258565e-01
4.642666652905728664e-01
4.660629518829556561e-01
4.677749678764013264e-01
4.692341720730358046e-01
4.708113551081820058e-01
4.722199969454541346e-01
4.736792011420885018e-01
4.754080712553216403e-01
4.772886284466416051e-01
4.788995197213627431e-01
4.805946815950209450e-01
4.820538857916553122e-01
4.835805064674393861e-01
4.853599389400348185e-01
4.872236420115672595e-01
4.888513874060758102e-01
4.903442998422851140e-01
4.918372122784942513e-01
4.934143953136406191e-01
4.951432654268738132e-01
4.966024696235081803e-01
4.984661726950406213e-01
5.000770639697617037e-01
5.014519975674589514e-01
5.028437852849436673e-01
5.044546765596649163e-01
5.062678172718350078e-01
5.079461250257057969e-01
5.094727457014899263e-01
5.109656581376991191e-01
5.124417164541209546e-01
5.139514830101176157e-01
5.154443954463269195e-01
5.171564114397725342e-01
5.185819073968320758e-01
5.199568409945293235e-01
5.217699817066995260e-01
5.231280611846094164e-01
5.246546818603935458e-01
5.263498437340516922e-01
5.280112973681351241e-01
5.298075839605179693e-01
5.316375787924755292e-01
5.332821783067716037e-01
5.349099237012800989e-01
5.367567726530252381e-01
5.382328309694470736e-01
5.398268681243807432e-01
5.414377593991019921e-01
5.432340459914848374e-01
5.448112290266311497e-01
5.463884120617773510e-01
5.478644703781991865e-01
5.495933404914322695e-01
5.511031070474289306e-01
5.526971442023627112e-01
5.545608472738952077e-01
5.563065715069156481e-01
5.577152133441878323e-01
5.595452081761455032e-01
5.612572241695912290e-01
5.629186778036746608e-01
5.642936114013717974e-01
5.656348367594942195e-01
5.669760621176167525e-01
5.687892028297869551e-01
5.706529059013192295e-01
5.724154842541272492e-01
5.738578343309741481e-01
5.754350173661204604e-01
5.771807415991409007e-01
5.788421952332244436e-01
5.806721900651821144e-01
5.824010601784151975e-01
5.840456596927112720e-01
5.858588004048814746e-01
5.872168798827913649e-01
5.890131664751743212e-01
5.904386624322337518e-01
5.921001160663171836e-01
5.938795485389125606e-01
5.955072939334211668e-01
5.973372887653788377e-01
5.991841377171237548e-01
6.006433419137580110e-01
6.023216496676289111e-01
6.040842280204369308e-01
6.057793898940950772e-01
6.071543234917924359e-01
6.089674642039625274e-01
6.104603766401717202e-01
6.118858725972313728e-01
6.134462015125904388e-01
6.150570927873114657e-01
6.168365252599068427e-01
6.184305624148406233e-01
6.202605572467982942e-01
6.220905520787559650e-01
6.235329021556029749e-01
6.248909816335127543e-01
6.262659152312098909e-01
6.278262441465688459e-01
6.293528648223530864e-01
6.309131937377118193e-01
6.326083556113701878e-01
6.344552045631153270e-01
6.363189076346478235e-01
6.378623824302193102e-01
6.394732737049405591e-01
6.411347273390238799e-01
6.427456186137449068e-01
6.445081969665530375e-01
6.463887541578731133e-01
6.478816665940823061e-01
6.493071625511417366e-01
6.509686161852251685e-01
6.525120909807965441e-01
6.539038786982812601e-01
6.555484782125773346e-01
6.572604942060229494e-01
6.588713854807441983e-01
6.604148602763156850e-01
6.622111468686984193e-01
6.640917040600184951e-01
6.657868659336766415e-01
6.675662984062721295e-01
6.692108979205683150e-01
6.706532479974152139e-01
6.721293063138370494e-01
6.738244681874951958e-01
6.753173806237044996e-01
6.771136672160873449e-01
6.788762455688952535e-01
6.804871368436162804e-01
6.823002775557865940e-01
6.839111688305078429e-01
6.852692483084176223e-01
6.866947442654770528e-01
6.881539484621115310e-01
6.898154020961949628e-01
6.915442722094279349e-01
6.932057258435114777e-01
6.948503253578075523e-01
6.965117789918909841e-01
6.981563785061869476e-01
6.996829991819709660e-01
7.010242245400934991e-01
7.028879276116259955e-01
7.047347765633711347e-01
7.061265642808558507e-01
7.076700390764272264e-01
7.093314927105106582e-01
7.109592381050191534e-01
7.127723788171895780e-01
7.143495618523357793e-01
7.157750578093954319e-01
7.172848243653920930e-01
7.189294238796880565e-01
7.205066069148343688e-01
7.223366017467919287e-01
7.237789518236389386e-01
7.255078219368720216e-01
7.269164637741440949e-01
7.284936468092904072e-01
7.303236416412479670e-01
7.320862199940558757e-01
7.334780077115405916e-01
7.350720448664743722e-01
7.366997902609830895e-01
7.381927026971922823e-01
7.398204480917007775e-01
7.414819017257842093e-01
7.428736894432689253e-01
7.445182889575651108e-01
7.461123261124988915e-01
7.478411962257319745e-01
7.496206286983274625e-01
7.513663529313480138e-01
7.530783689247936286e-01
7.546892601995149885e-01
7.565361091512599057e-01
7.580627298270440351e-01
7.598758705392142376e-01
7.617564277305339804e-01
7.634010272448301659e-01
7.649782102799764782e-01
7.663362897578863686e-01
7.679808892721825542e-01
7.698445923437149396e-01
7.712869424205619495e-01
7.726955842578341338e-01
7.743738920117050339e-01
7.761364703645128316e-01
7.776967992798718976e-01
7.794593776326799173e-01
7.811208312667634601e-01
7.825968895831851846e-01
7.841235102589692030e-01
7.859029427315645799e-01
7.877329375635222508e-01
7.895629323954799217e-01
7.913086566285005841e-01
7.928015690647098879e-01
7.942102109019817391e-01
7.959896433745772271e-01
7.977859299669598503e-01
7.993462588823185833e-01
8.006874842404410053e-01
8.025174790723988982e-01
8.042969115449942752e-01
8.060594898978022949e-01
8.078557764901850291e-01
8.096015007232056915e-01
8.110269966802651220e-01
8.126715961945611966e-01
8.142824874692822235e-01
8.159776493429405919e-01
8.174874158989372530e-01
8.191151612934459703e-01
8.208271772868915850e-01
8.221684026450140070e-01
8.240321057165466145e-01
8.255924346319054585e-01
8.274561377034381771e-01
8.292524242958209113e-01
8.309307320496917004e-01
8.326596021629248945e-01
8.344558887553078508e-01
8.361510506289661082e-01
8.375259842266632448e-01
8.391368755013844938e-01
8.409668703333421647e-01
8.423923662904018173e-01
8.442055070025719088e-01
8.460355018345296907e-01
8.476801013488256542e-01
8.493752632224839116e-01
8.508513215389056361e-01
8.525633375323512508e-01
8.541910829268598571e-01
8.557514118422188121e-01
8.573117407575775450e-01
8.591585897093225732e-01
8.610054386610676014e-01
8.627174546545133271e-01
8.643620541688092906e-01
8.661077784018297310e-01
8.679377732337875129e-01
8.692958527116975143e-01
8.709404522259933668e-01
8.724165105424153133e-01
8.739599853379866889e-01
8.755034601335582867e-01
8.771143514082794246e-01
8.789612003600243417e-01
8.808586116711316638e-01
8.826380441437271518e-01
8.841309565799364556e-01
8.857924102140198874e-01
8.873864473689535570e-01
8.889973386436746949e-01
8.906419381579705474e-01
8.922022670733296135e-01
8.937288877491136319e-01
8.951712378259605307e-01
8.968326914600440736e-01
8.983087497764659091e-01
8.996331210148008628e-01
9.010754710916476506e-01
9.027706329653061301e-01
9.043983783598146253e-01
9.061946649521974706e-01
9.079909515445802048e-01
9.098209463765378757e-01
9.116846494480703722e-01
9.130932912853425565e-01
9.148221613985757505e-01
9.167027185898956043e-01
9.185495675416405215e-01
9.201941670559367070e-01
9.219398912889571474e-01
9.237024696417651670e-01
9.252122361977618281e-01
9.267220027537583782e-01
9.282991857889045795e-01
9.300786182615000675e-01
9.318411966143080871e-01
9.335700667275410591e-01
9.349955626846004897e-01
9.367412869176211521e-01
9.382341993538304559e-01
9.396765494306774658e-01
9.410177747887998878e-01
9.427297907822453915e-01
9.443912444163288233e-01
9.461706768889243113e-01
9.479164011219448627e-01
9.498138124330520737e-01
9.513067248692613775e-01
9.528670537846201105e-01
9.544947991791288278e-01
9.563079398912990303e-01
9.581379347232565902e-01
9.599847836750018404e-01
9.616967996684475661e-01
9.633245450629561724e-01
9.649859986970396042e-01
9.665463276123984482e-01
9.681909271266946337e-01
9.698186725212032400e-01
9.714632720354992035e-01
9.730741633102202304e-01
9.747356169443036622e-01
9.761274046617883782e-01
9.779068371343838662e-01
9.792817707320811138e-01
9.811286196838260310e-01
9.829417603959961225e-01
9.847043387488041422e-01
9.863152300235255021e-01
9.881957872148453559e-01
9.900931985259525669e-01
9.919906098370601111e-01
9.936352093513560746e-01
9.951112676677777991e-01
9.966378883435620395e-01
9.980970925401961846e-01
9.997248379347045688e-01
1.001521124527087414e+00
1.003283702879895545e+00
1.004624928238018189e+00
1.006016715955502905e+00
1.007408503672987621e+00
1.008985686708133489e+00
1.010495453264130372e+00
1.012342302215875289e+00
1.013835214652084593e+00
1.015243856489356666e+00
1.017107559560889385e+00
1.018819575554335000e+00
1.020599008026930266e+00
1.022193045181864379e+00
1.023837644696160343e+00
1.025532806569818600e+00
1.027008864886240547e+00
1.028518631442236986e+00
1.030028397998233425e+00
1.031588726913592380e+00
1.033149055828951335e+00
1.034523989426648471e+00
1.036067464222220069e+00
1.037712063736516033e+00
1.039322955011237282e+00
1.041203512202557135e+00
1.042848111716853099e+00
1.044492711231149062e+00
1.046036186026720660e+00
1.047579660822292036e+00
1.049072573258501340e+00
1.050801443371734534e+00
1.052648292323479451e+00
1.054461433035649653e+00
1.056291427867607213e+00
1.057649507345517215e+00
1.059041295063001931e+00
1.060416228660699067e+00
1.061824870497971141e+00
1.063233512335243436e+00
1.065046653047413416e+00
1.066893501999158556e+00
1.068757205070691052e+00
1.070553491663073897e+00
1.072164382937795146e+00
1.073758420092728816e+00
1.075419873726812137e+00
1.076997056761958671e+00
1.078641656276254635e+00
1.080319964030125535e+00
1.081728605867397830e+00
1.083086685345307609e+00
1.084411056583642674e+00
1.086021947858363701e+00
1.087666547372659664e+00
1.089395417485892859e+00
1.091242266437637998e+00
1.093038553030020621e+00
1.094700006664104164e+00
1.096428876777337358e+00
1.098107184531208036e+00
1.099785492285078936e+00
1.101446945919162257e+00
1.103327503110482111e+00
1.105157497942439893e+00
1.106667264498436554e+00
1.108210739294007929e+00
1.109703651730217011e+00
1.111213418286213894e+00
1.112588351883911031e+00
1.114064410200332755e+00
1.115877550912503180e+00
1.117707545744460740e+00
1.119537540576418300e+00
1.120878765934540722e+00
1.122489657209261971e+00
1.124083694364195862e+00
1.125660877399341953e+00
1.126985248637676573e+00
1.128781535230059641e+00
1.130611530062017422e+00
1.132357254295038196e+00
1.133833312611459920e+00
1.135326225047669224e+00
1.137173073999414141e+00
1.138851381753285263e+00
1.140647668345667665e+00
1.142477663177625447e+00
1.143869450895110385e+00
1.145699445727067944e+00
1.147462024079876075e+00
1.148853811797360791e+00
1.150464703072082040e+00
1.151957615508291344e+00
1.153770756220461324e+00
1.155482772213906939e+00
1.157228496446927268e+00
1.159041637159097693e+00
1.160652528433818720e+00
1.162179149109602738e+00
1.163790040384323987e+00
1.165282952820533513e+00
1.167096093532703716e+00
1.168824963645936688e+00
1.170638104358107112e+00
1.172417536830702378e+00
1.173944157506486841e+00
1.175740444098869242e+00
1.177317627134015554e+00
1.179113913726398621e+00
1.181011325037506055e+00
1.182875028109038329e+00
1.184233107586948330e+00
1.185608041184645689e+00
1.187370619537453598e+00
1.189183760249623578e+00
1.190963192722218844e+00
1.192607792236514808e+00
1.194437787068472590e+00
1.196284636020217507e+00
1.198030360253238280e+00
1.199826646845620903e+00
1.201555516958854097e+00
1.203183262353362704e+00
1.204693028909359143e+00
1.206118524866418795e+00
1.207527166703690868e+00
1.209407723895010722e+00
1.211001761049944170e+00
1.212528381725728632e+00
1.214038148281725071e+00
1.215531060717934375e+00
1.216990264914568964e+00
1.218432614991415752e+00
1.220279463943160669e+00
1.222092604655330650e+00
1.223888891247713495e+00
1.225735740199458412e+00
1.227346631474179661e+00
1.229008085108263204e+00
1.230669538742346747e+00
1.232364700616004782e+00
1.234110424849025556e+00
1.235940419680983338e+00
1.237669289794216532e+00
1.239499284626174314e+00
1.241127030020682920e+00
1.242468255378805342e+00
1.243860043096289836e+00
1.245184414334624901e+00
1.246879576208282936e+00
1.248541029842366479e+00
1.250185629356662664e+00
1.251729104152234040e+00
1.253643369583128608e+00
1.255557635014023399e+00
1.257016839210657766e+00
1.258492897527079490e+00
1.260272329999674978e+00
1.262102324831632538e+00
1.263932319663590098e+00
1.265391523860224243e+00
1.266850728056858832e+00
1.268175099295193675e+00
1.269499470533528962e+00
1.270806987652076447e+00
1.272266191848710593e+00
1.273742250165132095e+00
1.275268870840916335e+00
1.276829199756275068e+00
1.278355820432059087e+00
1.279949857586992978e+00
1.281510186502351711e+00
1.283087369537497802e+00
1.284951072609030076e+00
1.286831629800350152e+00
1.288729041111457585e+00
1.290626452422564574e+00
1.292540717853459142e+00
1.294454983284353933e+00
1.296318686355886429e+00
1.298131827068056854e+00
1.299944967780227056e+00
1.301741254372609902e+00
1.303588103324354819e+00
1.305451806395887537e+00
1.307113260029970858e+00
1.308960108981715775e+00
1.310571000256437024e+00
1.311912225614559224e+00
1.313843345165241816e+00
1.315757610596136384e+00
1.317671876027030731e+00
1.319586141457925743e+00
1.321483552769032954e+00
1.323364109960353030e+00
1.325261521271460019e+00
1.327158932582567674e+00
1.329090052133250044e+00
1.330515548090309474e+00
1.331974752286943620e+00
1.333433956483578209e+00
1.335297659555110483e+00
1.337110800267280686e+00
1.338452025625403108e+00
1.339793250983525308e+00
1.341117622221860373e+00
1.342408285220620279e+00
1.344255134172365418e+00
1.345714338368999563e+00
1.347156688445846795e+00
1.348615892642480940e+00
1.350429033354650921e+00
1.351770258712773343e+00
1.353313733508344718e+00
1.354823500064341379e+00
1.356333266620338041e+00
1.358281240290807768e+00
1.359824715086379143e+00
1.361435606361100170e+00
1.363029643516034062e+00
1.364539410072030723e+00
1.366386259023775640e+00
1.368115129137008612e+00
1.369759728651304576e+00
1.371320057566663531e+00
1.373133198278833733e+00
1.374946338991003714e+00
1.376810042062535988e+00
1.378690599253856064e+00
1.380520594085813402e+00
1.382468567756282907e+00
1.384130021390366450e+00
1.385909453862961938e+00
1.387554053377257901e+00
1.389164944651979150e+00
1.390876960645424765e+00
1.392656393118020253e+00
1.394486387949977813e+00
1.396063570985124125e+00
1.397674462259845596e+00
1.399420186492865925e+00
1.401182764845674056e+00
1.402591406682945907e+00
1.404000048520218202e+00
1.405408690357490276e+00
1.406800478074974992e+00
1.408478785828845670e+00
1.409853719426542806e+00
1.411127528305515577e+00
1.413092356095772661e+00
1.414989767406880095e+00
1.416583804561813764e+00
1.418160987596959854e+00
1.419670754152956293e+00
1.421129958349590439e+00
1.422639724905587100e+00
1.424048366742859173e+00
1.425524425059281342e+00
1.427084753974640075e+00
1.428611374650424093e+00
1.430171703565783048e+00
1.431512928923905470e+00
1.432820446042452955e+00
1.434127963161000441e+00
1.435486042638910664e+00
1.436776705637671014e+00
1.438707825188353162e+00
1.440689507098397604e+00
1.442586918409504815e+00
1.444265226163375715e+00
1.445977242156821108e+00
1.447874653467928319e+00
1.449788918898823331e+00
1.451585205491205954e+00
1.453583741521037753e+00
1.455228341035333717e+00
1.456889794669417260e+00
1.458433269464988857e+00
1.460027306619922749e+00
1.461924717931029738e+00
1.463754712762987520e+00
1.465449874636645777e+00
1.467229307109240821e+00
1.469059301941198381e+00
1.470703901455494345e+00
1.472146251532341577e+00
1.473790851046637540e+00
1.475519721159870512e+00
1.477417132470977723e+00
1.479381960261234807e+00
1.481329933931705201e+00
1.482755429888764409e+00
1.484079801127099252e+00
1.485892941839269454e+00
1.487621811952502426e+00
1.489485515024035145e+00
1.491197531017480982e+00
1.492875838771351438e+00
1.494638417124159790e+00
1.496502120195692065e+00
1.498399531506799498e+00
1.499976714541945588e+00
1.501806709373903592e+00
1.503788391283947812e+00
1.505365574319094568e+00
1.507364110348925923e+00
1.508823314545560290e+00
1.510349935221344309e+00
1.512348471251175885e+00
1.513925654286321976e+00
1.515957898555728711e+00
1.517467665111725594e+00
1.518960577547934454e+00
1.520419781744568821e+00
1.521996964779715578e+00
1.523574147814861446e+00
1.525269309688519925e+00
1.526728513885154292e+00
1.528154009842213279e+00
1.529630068158635448e+00
1.531139834714631887e+00
1.533104662504888971e+00
1.534378471383861742e+00
1.535702842622196806e+00
1.537010359740744292e+00
1.538284168619717063e+00
1.540215288170399210e+00
1.542196970080443430e+00
1.544246068469637967e+00
1.546261458619256679e+00
1.547737516935678403e+00
1.549163012892737834e+00
1.550672779448734495e+00
1.552131983645368862e+00
1.553624896081578388e+00
1.555606577991622830e+00
1.557672530500604058e+00
1.559671066530435857e+00
1.561652748440480520e+00
1.563651284470312319e+00
1.565632966380356983e+00
1.567580940050826266e+00
1.569579476080658065e+00
1.571544303870915149e+00
1.573542839900746948e+00
1.575473959451429096e+00
1.577455641361473537e+00
1.579420469151730844e+00
1.581419005181562421e+00
1.583366978852032148e+00
1.585365514881863946e+00
1.587431467390845397e+00
1.589480565780039489e+00
1.591512810049446225e+00
1.593528200199065381e+00
1.595577298588259696e+00
1.597643251097240702e+00
1.599523808288560778e+00
1.601404365479880854e+00
1.603318630910775422e+00
1.605283458701032284e+00
1.607315702970439242e+00
1.609381655479420914e+00
1.611430753868615229e+00
1.613462998138021964e+00
1.615444680048066184e+00
1.617375799598748332e+00
1.619374335628580353e+00
1.621389725778199731e+00
1.623388261808031530e+00
1.625319381358713677e+00
1.627334771508332834e+00
1.629350161657951768e+00
1.631011615292034866e+00
1.632740485405268505e+00
1.634621042596588358e+00
1.636636432746207959e+00
1.638618114656252178e+00
1.640532380087147191e+00
1.642497207877404275e+00
1.644462035667661137e+00
1.646477425817280738e+00
1.648459107727324957e+00
0.000000000000000000e+00
