2.234236576550466605e-02
2.214678079557281382e-02
2.196499128721713864e-02
2.178505567140342700e-02
2.161425099639143962e-02
2.144728519208800172e-02
2.128745341607169925e-02
2.113406982055438671e-02
2.098281033207858096e-02
2.083397580242385763e-02
2.069048402949563020e-02
2.054890975891837321e-02
2.041298816572767461e-02
2.027849278109223816e-02
2.014550739162172116e-02
2.001283263808600194e-02
1.988486530671638650e-02
1.975772537751283378e-02
1.963302680618068258e-02
1.951057099779615264e-02
1.939015704776635846e-02
1.927321726680156916e-02
1.915783663764311640e-02
1.904323817193157367e-02
1.892912736026531109e-02
1.881809901495793899e-02
1.870833050889363081e-02
1.860145609317962606e-02
1.849608640057566478e-02
1.839102213126798946e-02
1.828643408862835884e-02
1.818514253863131452e-02
1.808490292170263428e-02
1.798479242915931864e-02
1.788520892649218125e-02
1.778590261308113721e-02
1.768776409996077395e-02
1.759011293106010898e-02
1.749354974885559966e-02
1.739738960916835039e-02
1.730140433764503285e-02
1.720634565656572676e-02
1.711183247647970682e-02
1.701833590017579403e-02
1.692559798124804865e-02
1.683402245502704786e-02
1.674357266126349358e-02
1.665505419233416842e-02
1.656671167078298604e-02
1.648083803366789599e-02
1.639551448864323344e-02
1.631050895268262510e-02
1.622623987912230614e-02
1.614241309329593130e-02
1.605915311158091427e-02
1.597560919175538760e-02
1.589315344621874612e-02
1.581096869442608077e-02
1.572894162615124519e-02
1.564736929144287109e-02
1.556681705975993500e-02
1.548639006761809607e-02
1.540885332920515459e-02
1.533136605307709559e-02
1.525402980242765438e-02
1.517711596157838259e-02
1.510023091468274542e-02
1.502335086233800264e-02
1.494738843663954465e-02
1.487162976731959754e-02
1.479636267122610462e-02
1.472156633602637703e-02
1.464728649287638275e-02
1.457375420642582214e-02
1.450027006281168554e-02
1.442717888022674623e-02
1.435442866682114932e-02
1.428286400227861581e-02
1.421140322991548861e-02
1.414027647446446448e-02
1.406930132483688069e-02
1.399838299483433662e-02
1.392800582643444890e-02
1.385779083050668603e-02
1.378760435867964693e-02
1.371747999836795372e-02
1.364806360107547953e-02
1.357897093354160784e-02
1.351034677498934820e-02
1.344211984833255241e-02
1.337392834705331858e-02
1.330597385228424884e-02
1.323854436958977338e-02
1.317149733896292793e-02
1.310496304906424297e-02
1.303897106742724250e-02
1.297337927113341623e-02
1.290798140304520204e-02
1.284222063478169217e-02
1.277714860129685291e-02
1.271211100570880485e-02
1.264715758465516024e-02
1.258284102451251787e-02
1.251824620322172441e-02
1.245546556780822295e-02
1.239338313662228727e-02
1.233156599978426672e-02
1.227002926887858607e-02
1.220832347521280323e-02
1.214712594421954103e-02
1.208598351045131816e-02
1.202530230406295871e-02
1.196562067595608597e-02
1.190628070935088184e-02
1.184709727360480115e-02
1.178749170127975539e-02
1.172836126173707610e-02
1.166945636001327606e-02
1.161062234050484580e-02
1.155184536209035058e-02
1.149393337229264074e-02
1.143638870265940681e-02
1.137933271591717518e-02
1.132224629575318692e-02
1.126522447891849937e-02
1.120825636265535864e-02
1.115140013848570436e-02
1.109531245519441468e-02
1.103996751960151755e-02
1.098288588026812528e-02
1.092779957916712764e-02
1.087296231805046087e-02
1.081832933102878577e-02
1.076378307585688920e-02
1.070928479956785237e-02
1.065530332973011786e-02
1.060132792234824706e-02
1.054742355307210049e-02
1.049386042529986719e-02
1.044052667201589985e-02
1.038752082290261142e-02
1.033474484484984621e-02
1.028214689974648981e-02
1.022979808194653291e-02
1.017737635447785172e-02
1.012549282469377143e-02
1.007369003563184269e-02
1.002172713450812103e-02
9.969948146215280513e-03
9.918691083901490235e-03
9.867458382495241168e-03
9.816332062702616199e-03
9.765328283718220995e-03
9.714448782279777941e-03
9.663683592755566154e-03
9.613343588537957840e-03
9.562875479254898115e-03
9.513527265567544439e-03
9.464423671035880961e-03
9.415636006002901098e-03
9.367157357114817839e-03
9.319133096585247023e-03
9.271122156384408591e-03
9.222871450485255543e-03
9.175013562959060537e-03
9.127142240079896482e-03
9.079225232576990448e-03
9.031592714169041358e-03
8.983991071238523959e-03
8.936409314506944118e-03
8.889110301012973642e-03
8.842731109381475607e-03
8.797283744430180186e-03
8.752001071027155216e-03
8.707248002999360206e-03
8.662810440844341889e-03
8.618193946468427624e-03
8.573979907717641305e-03
8.529935949707342924e-03
8.486015433266254002e-03
8.442504758839800005e-03
8.399072341240314266e-03
8.355958705543217735e-03
8.312930464494151100e-03
8.270012749690166046e-03
8.227303220430181099e-03
8.181018923789687078e-03
8.138451044619960176e-03
8.095982447796228748e-03
8.053901693694454772e-03
8.011877080757012770e-03
7.970064113757431221e-03
7.928270255109885756e-03
7.886524204567908411e-03
7.845051891560629598e-03
7.803632277687176655e-03
7.762281839354266862e-03
7.719833216546850493e-03
7.678518038317020192e-03
7.637225766298100585e-03
7.595983968363183639e-03
7.554779032700069397e-03
7.513297384607179816e-03
7.472147765956995043e-03
7.431251418510921060e-03
7.390392383207205519e-03
7.349775349011797992e-03
7.309738920717520107e-03
7.269665241941676570e-03
7.229687680586144131e-03
7.189501068776124604e-03
7.149525018505844751e-03
7.110199420873749253e-03
7.071189187014839672e-03
7.031756747465894852e-03
6.992952428931782649e-03
6.954161004676774963e-03
6.915394428833245011e-03
6.876788787281491733e-03
6.838537558054611637e-03
6.800615493165161791e-03
6.762763794412290919e-03
6.725079633407697079e-03
6.687558037797670073e-03
6.650059482531582231e-03
6.612678761525361305e-03
6.575337499897132912e-03
6.538143454991303047e-03
6.500985958765987532e-03
6.463924371535633220e-03
6.427017239350976685e-03
6.390504435926620298e-03
6.354141891463434104e-03
6.318109111748421852e-03
6.282182584700825821e-03
6.246280394854801521e-03
6.208528918507151897e-03
6.172802593142458563e-03
6.137443022023399836e-03
6.102377902390303949e-03
6.067392283341721190e-03
6.032521480605928209e-03
5.997700197090599823e-03
5.963085034671006431e-03
5.928995983356469442e-03
5.895024401036819649e-03
5.861090604996968545e-03
5.827667742918804517e-03
5.794324120472700394e-03
5.761094548518865335e-03
5.728052131818842270e-03
5.695015996965370822e-03
5.662026088606555811e-03
5.629218948068381682e-03
5.596450886232827784e-03
5.563926294601027889e-03
5.531420764127103172e-03
5.499003967967656253e-03
5.466662548932991680e-03
5.434568447948345815e-03
5.402623604257103182e-03
5.370334190289912345e-03
5.338411887960753908e-03
5.306551661141503153e-03
5.274876103561835713e-03
5.243500614102747717e-03
5.212226933221201196e-03
5.181391157225078044e-03
5.150521646886735069e-03
5.119806213075474982e-03
5.088930743378169974e-03
5.058353168459662694e-03
5.028314822460427762e-03
4.998297624814254658e-03
4.968338621831502183e-03
4.937637292967157407e-03
4.907820375290043204e-03
4.877917315930231472e-03
4.847979188569695105e-03
4.818363122067596468e-03
4.788891451439357232e-03
4.759547776040929691e-03
4.730049920602580338e-03
4.700743463194289630e-03
4.671402981895677459e-03
4.642194891777052038e-03
4.613105594597184146e-03
4.584097272116173863e-03
4.555164122661082247e-03
4.526425176731033173e-03
4.497713882706298218e-03
4.469527660810879155e-03
4.441465966076944480e-03
4.413497613506721720e-03
4.385650775233117769e-03
4.357817369865533974e-03
4.330524024489613120e-03
4.303243912736265907e-03
4.276013581029451498e-03
4.249062465077018194e-03
4.222129419009936803e-03
4.195386206253581655e-03
4.168794106522055037e-03
4.142334629129758826e-03
4.115963641675971299e-03
4.089444872294758365e-03
4.063375576217111498e-03
4.037777577499498949e-03
4.012352642437984167e-03
3.986940317982542656e-03
3.961618889825884067e-03
3.936498223303804347e-03
3.911679523639254724e-03
3.886981636930094460e-03
3.862310206850456777e-03
3.837707211165609835e-03
3.813415991162784780e-03
3.789161621528677575e-03
3.765045464701943876e-03
3.740950122308895915e-03
3.716755563888705666e-03
3.692708016159958195e-03
3.668919127817931239e-03
3.645198591382764475e-03
3.621677687058484120e-03
3.598200000721238790e-03
3.575029613528558220e-03
3.552140532374330022e-03
3.529605053192207478e-03
3.507073130139240838e-03
3.484873880867055389e-03
3.462763831996802395e-03
3.440680023486711054e-03
3.418997041331082228e-03
3.397623386609837683e-03
3.376372898782788526e-03
3.355166551222549514e-03
3.333887610295982809e-03
3.312678224236573644e-03
3.291561161443661964e-03
3.269956745937659375e-03
3.249184351950493935e-03
3.228553061912811141e-03
3.208148026213684945e-03
3.187732844077214352e-03
3.167352708430113198e-03
3.147002352596287109e-03
3.126703582721028322e-03
3.106491474544585771e-03
3.086366104295639508e-03
3.066328854890151400e-03
3.046418124879255330e-03
3.026552326039036109e-03
3.007139639791951008e-03
2.988080271393007189e-03
2.969154700422174144e-03
2.950277392404406993e-03
2.931475098002319160e-03
2.912518401355984263e-03
2.894171785794063135e-03
2.875897116549635483e-03
2.857759250136045204e-03
2.839635760185723907e-03
2.821687805394333063e-03
2.803756517104900262e-03
2.785839124553942704e-03
2.767983756677827936e-03
2.750164892617239926e-03
2.732036737240599918e-03
2.713963213147297347e-03
2.696119771189730424e-03
2.678368561142491396e-03
2.660730046306759248e-03
2.643250491915679831e-03
2.625791512569724227e-03
2.608446328290320217e-03
2.591279995484208239e-03
2.574125295913698951e-03
2.557008312306100623e-03
2.539938475268852750e-03
2.523002592581544048e-03
2.506151698166531831e-03
2.489452751648804467e-03
2.472733435400995602e-03
2.456062795963534408e-03
2.439410024986063061e-03
2.423042151313059122e-03
2.406500370885601529e-03
2.389162017878147543e-03
2.372873669696080445e-03
2.356760795196802781e-03
2.340705102928159701e-03
2.324665216048317756e-03
2.308661647163587089e-03
2.292673635355234850e-03
2.276886602903330226e-03
2.260602916671458802e-03
2.245017657834296344e-03
2.229459756663519643e-03
2.214035600687404379e-03
2.198621134819377012e-03
2.183256219951002462e-03
2.167972649957734116e-03
2.152710064617464111e-03
2.137523861327053198e-03
2.122380553281339247e-03
2.107358946402480403e-03
2.092369016194870705e-03
2.074032222387327262e-03
2.059270610394114791e-03
2.044635299368582383e-03
2.030068357985036469e-03
2.015505383127511822e-03
2.001045535659050009e-03
1.986779649012201769e-03
1.972597894937145203e-03
1.958421053911620947e-03
1.944838148993492406e-03
1.931272252977820269e-03
1.917939182382950554e-03
1.902820299504789188e-03
1.889512779463650835e-03
1.876308271301458655e-03
1.863259830588175417e-03
1.850228231650618161e-03
1.837274615544168873e-03
1.824397817194370287e-03
1.811539041816970707e-03
1.798700651940577560e-03
1.785976696099569796e-03
1.772795091341183068e-03
1.760091253559546709e-03
1.747433093497783576e-03
1.734943553780618659e-03
1.722510268851751639e-03
1.710092494674067629e-03
1.697686667319611145e-03
1.685439064153725248e-03
1.673216115094450836e-03
1.661064499282056094e-03
1.648948291639128769e-03
1.636897814601709442e-03
1.625061262958648689e-03
1.613158473492792887e-03
1.601420146131714685e-03
1.589972049423344367e-03
1.578614405747834305e-03
1.567344798024127277e-03
1.556127764661000348e-03
1.545095625224488303e-03
1.534242531478178639e-03
1.523435427702391366e-03
1.512684579329869267e-03
1.501955399804176224e-03
1.491702090134065274e-03
1.481435779351800890e-03
1.471354285877396429e-03
1.461102534520080038e-03
1.451322609726081805e-03
1.441565555941803781e-03
1.431821007083919827e-03
1.422091892657014172e-03
1.412385000064894647e-03
1.402633988046005607e-03
1.392672299371624242e-03
1.383008402345913554e-03
1.373424126977967679e-03
1.364151997716830022e-03
1.354777779221284220e-03
1.345680940462854868e-03
1.336772069642268258e-03
1.327923111309395896e-03
1.319433580818676422e-03
1.310974309756433517e-03
1.302767771435024181e-03
1.294724263150923930e-03
1.286740697987652894e-03
1.278810322312110394e-03
1.270994960683037144e-03
1.263198770463785535e-03
1.255400565390900596e-03
1.247699774838955484e-03
1.239944681692516223e-03
1.232400331817371788e-03
1.224791784713208289e-03
1.217143561943211973e-03
1.209701758484056254e-03
1.202420396339499466e-03
1.195155798564495825e-03
1.187975839062422375e-03
1.180806021110332622e-03
1.173518662323313729e-03
1.166426910565680286e-03
1.159352009660936976e-03
1.152313809030494586e-03
1.145384784334689153e-03
1.138501755865559475e-03
1.131691315665977722e-03
1.124856114878080172e-03
1.118066490361823220e-03
1.111042685585013476e-03
1.104442611165187870e-03
1.097846538588512742e-03
1.091260652263150973e-03
1.084139915119698792e-03
1.077848437315673648e-03
1.071552306772375869e-03
1.065391646361430692e-03
1.059250375923135147e-03
1.053221062453924646e-03
1.047291313735764038e-03
1.041400276894315037e-03
1.035653038524178299e-03
1.030162585801534933e-03
1.024725424067415066e-03
1.019293866794417601e-03
1.014095672319245212e-03
1.008936061588574075e-03
1.003759592788735751e-03
9.986595876666504168e-04
9.935682418415869160e-04
9.885233418494775940e-04
9.834837454547975567e-04
9.785111953117949998e-04
9.735207636105917134e-04
9.685282716718849336e-04
9.636466644243631531e-04
9.590390124314884194e-04
9.545831963940633975e-04
9.500880284718203617e-04
9.457162692129972553e-04
9.411874560114180926e-04
9.368215347166487881e-04
9.326222068695389986e-04
9.264621105798408239e-04
9.222728681389535423e-04
9.181714200090471427e-04
9.141468402314385832e-04
9.102193876828635483e-04
9.063090027664307468e-04
9.025013330732788077e-04
8.986640295577356810e-04
8.948332653278724550e-04
8.911564488979760185e-04
8.875601462305453791e-04
8.839629358322793635e-04
8.805117774173702250e-04
8.768790438180037007e-04
8.734219146527828596e-04
8.699336713848820771e-04
8.664951804004442613e-04
8.624875715727271883e-04
8.590993747075153369e-04
8.557838003009915354e-04
8.525677053951657113e-04
8.494108710945046754e-04
8.462930164626880072e-04
8.432014833226292262e-04
8.401175408213083437e-04
8.369874238503621170e-04
8.340016475736854434e-04
8.310697544580008828e-04
8.279252629874306324e-04
8.250254502856098609e-04
8.221345589684379146e-04
8.193018593775617696e-04
8.164117069226181677e-04
8.135920909527140279e-04
8.106080246264501729e-04
8.077867753348319350e-04
8.050018409857279556e-04
8.020750158331756662e-04
7.991888563088489624e-04
7.964825114654858988e-04
7.938216854026294020e-04
7.910685384992895619e-04
7.885477636970185042e-04
7.861654944275865654e-04
7.838575319767514954e-04
7.810231808183868947e-04
7.786708599080333125e-04
7.764068282707650096e-04
7.740624966753868567e-04
7.718212262114286125e-04
7.694946647127666158e-04
7.672294966796592295e-04
7.649918273051344681e-04
7.627050830655522900e-04
7.604845177137587635e-04
7.582722962028392135e-04
7.562448085436508606e-04
7.540135907142616776e-04
7.520323915814779896e-04
7.500688102833806504e-04
7.481121055240578036e-04
7.463371431674116485e-04
7.445611689302317031e-04
7.428765048729133944e-04
7.411920973816026742e-04
7.394293275900214049e-04
7.377173775757419781e-04
7.360368515518972725e-04
7.344407730005218229e-04
7.328692669386746485e-04
7.313002818655915714e-04
7.294552649220514742e-04
7.278600694647828712e-04
7.262913034842106378e-04
7.247009721254979355e-04
7.231726348514346675e-04
7.215690241149441209e-04
7.200487083087504531e-04
7.185251974633144944e-04
7.161949693842620647e-04
7.146961453215163384e-04
7.132056847625758110e-04
7.117098353548045745e-04
7.103006288841024266e-04
7.089276211815887354e-04
7.075489144134257391e-04
7.060105849758640520e-04
7.046462271845737408e-04
7.031833344878953007e-04
7.018324268791933419e-04
7.004994322546334974e-04
6.991620836586770167e-04
6.978858450741426932e-04
6.965276544055100947e-04
6.952072549480969085e-04
6.939511818627506047e-04
6.926662223793491864e-04
6.914423981108793436e-04
6.902559343032026997e-04
6.887904605166628863e-04
6.876294877934951977e-04
6.865172492024212720e-04
6.854517015666345466e-04
6.843874247023024656e-04
6.831628170128718151e-04
6.820942352283745989e-04
6.806280629205977307e-04
6.795379432422725061e-04
6.784665446963321659e-04
6.773978813848326782e-04
6.762414064184343399e-04
6.751243598782478983e-04
6.738127652212356393e-04
6.727535067249380525e-04
6.717449297207628853e-04
6.707113504606621686e-04
6.695919668795989339e-04
6.685799713130241356e-04
6.675622946877130502e-04
6.665856093306189766e-04
6.656657747786782434e-04
6.645536771671944074e-04
6.637155192877372111e-04
6.625477045984491230e-04
6.616843048469762782e-04
6.608530263423408350e-04
6.600251075621645352e-04
6.589331708502015007e-04
6.581289689864893658e-04
6.573602392199336380e-04
6.561195217741373894e-04
6.551788810427411174e-04
6.543938719976960224e-04
6.534514695835557307e-04
6.518636921879960786e-04
6.510972566981936297e-04
6.496045026994689891e-04
6.488812237527983228e-04
6.481756551060864234e-04
6.471870852529609634e-04
6.463835681529605994e-04
6.454389139566597258e-04
6.441588529774630026e-04
6.433624097626270116e-04
6.426593262683114819e-04
6.419775987391397121e-04
6.410526011745499480e-04
6.403793988643957788e-04
6.392024684885717857e-04
6.370869697665246028e-04
6.361558055234055840e-04
6.354938135798339233e-04
6.347261953468225472e-04
6.340625251801420116e-04
6.333422110145394551e-04
6.321565958668889625e-04
6.315091519886713647e-04
6.308755021316129075e-04
6.301354662833861262e-04
6.294929574065633677e-04
6.288806265731640768e-04
6.282659254548516713e-04
6.274757931249467461e-04
6.268773780476077266e-04
6.263226800504673392e-04
6.256969698430335947e-04
6.251676181914863229e-04
6.245100043942362726e-04
6.239820871855679321e-04
6.233875760229529552e-04
6.228737635599763392e-04
6.223627713452734630e-04
6.218604505280985644e-04
6.213661715728346479e-04
6.209185789446726184e-04
6.204017623305860523e-04
6.199454277475729318e-04
6.194068960547996668e-04
6.186042850928266537e-04
6.181273207298715886e-04
6.176108143427739769e-04
6.171462675133815128e-04
6.166481330910233592e-04
6.161985618277559607e-04
6.157278365982623951e-04
6.150390138066658303e-04
6.144769357137914740e-04
6.140102306868212194e-04
6.135567055295642605e-04
6.131114450707642657e-04
6.126809065256845922e-04
6.122793782774215094e-04
6.118849680840695443e-04
6.113991390518128078e-04
6.110311733493836196e-04
6.104565453482642661e-04
6.101518329256685070e-04
6.098094447886395156e-04
6.094997408963706217e-04
6.092051908301893571e-04
6.088946223322945451e-04
6.085677232119644526e-04
6.082079612197224556e-04
6.078062605468024637e-04
6.071148175796418607e-04
6.064698553171473999e-04
6.061802137206652973e-04
6.058865217486251314e-04
6.054650089483752618e-04
6.051917415507916242e-04
6.049170203352613158e-04
6.046493295629848299e-04
6.038290999475287232e-04
6.032353463716581691e-04
6.026269462728544397e-04
6.023014876464787178e-04
6.020197008216389726e-04
6.015377356992640664e-04
6.008944107249181979e-04
6.006069712397576208e-04
6.003330806777581888e-04
6.000426091138944809e-04
5.991974552844718960e-04
5.988297541219348699e-04
5.984275793153502566e-04
5.981221916993658847e-04
5.978581823561980070e-04
5.976171941958214728e-04
5.973467574937676994e-04
5.971270515244586673e-04
5.965056313125282911e-04
5.957714334465823765e-04
5.955600004145267809e-04
5.953385544246930566e-04
5.951412341098631003e-04
5.949437150682426951e-04
5.946969097386545526e-04
5.944702922000462148e-04
5.942859820652329067e-04
5.940630711473580050e-04
5.939005071121383761e-04
5.937293984274178826e-04
5.935696055631526366e-04
5.934181093077104145e-04
5.932247404806003906e-04
5.930391190265377156e-04
5.928870052735533535e-04
5.927201188897536499e-04
5.925673095575628583e-04
5.923409743523253956e-04
5.921887360324242476e-04
5.919657188201165633e-04
5.916522376023140373e-04
5.914275493001080585e-04
5.912211433466780163e-04
5.910608903210312235e-04
5.909154302852603468e-04
5.907639760004315243e-04
5.892895505359514643e-04
5.890059572299102212e-04
5.885156927371882089e-04
5.881881017363634881e-04
5.880514778003912910e-04
5.878109680438730602e-04
5.873713588147847940e-04
5.871904176077469067e-04
5.870285263706524325e-04
5.868430843488207666e-04
5.867020551739285036e-04
5.865734444532576817e-04
5.864472136727341602e-04
5.863370537214329355e-04
5.862324850857554255e-04
5.861328724009519939e-04
5.859714490765574255e-04
5.857835633245728462e-04
5.856184508875850701e-04
5.853009981320947408e-04
5.851066973519609580e-04
5.850027923753805268e-04
5.848774205627907874e-04
5.847816442329339644e-04
5.845657211771255026e-04
5.844148475061577063e-04
5.843193521314006718e-04
5.841890447818403860e-04
5.841126998131588319e-04
5.838356569704123127e-04
5.837286887973774712e-04
5.836171321273895748e-04
5.835415435383914081e-04
5.834468168703051735e-04
5.832264590573186906e-04
5.831291155641433717e-04
5.830231712745581260e-04
5.829509335654949227e-04
5.828801177152005729e-04
5.827846307766747442e-04
5.827093510779379282e-04
5.826223446370008829e-04
5.825512625123106629e-04
5.824747047338659162e-04
5.823258356500845764e-04
5.822563028247876695e-04
5.821801159305677303e-04
5.821129114611101182e-04
5.819743739993928381e-04
5.815946631609414733e-04
5.814665882009230737e-04
5.813393531764206703e-04
5.812612194483935020e-04
5.811524469538580746e-04
5.810927132648828789e-04
5.810372270542583841e-04
5.809854460902731275e-04
5.809046105516247000e-04
5.808398683710057310e-04
5.803322100168886721e-04
5.801461444645952597e-04
5.800715150810590052e-04
5.799823899489159763e-04
5.799316450663093972e-04
5.798920855367519812e-04
5.798536732653925127e-04
5.797619663272935006e-04
5.797248316886309365e-04
5.795892153934262226e-04
5.794583302723929109e-04
5.793978048795293953e-04
5.793622662583818115e-04
5.793110084676217830e-04
5.792758091296900877e-04
5.792433389142838005e-04
5.792228383876645275e-04
5.791991496151450026e-04
5.788630167873004898e-04
5.785452971905267160e-04
5.783573393454114094e-04
5.782769928229618273e-04
5.782145084322706406e-04
5.781933761544339476e-04
5.781734813916810430e-04
5.781556601031530296e-04
5.781116363859633168e-04
5.780842238250214274e-04
5.780498449438669023e-04
5.780267023068354475e-04
5.780068852361358546e-04
5.779886829852848469e-04
5.779739482548900461e-04
5.779140019642768416e-04
5.779005611423899394e-04
5.778896340370046980e-04
5.778774568702171920e-04
5.778226483437263333e-04
5.777907876667698166e-04
5.777677882402240412e-04
5.777511017105422695e-04
5.777357022334484848e-04
5.777101829822695782e-04
5.776683418421568348e-04
5.776480396293757862e-04
5.776313119277225834e-04
5.776182940423467979e-04
5.775988792888728544e-04
5.775766516763520967e-04
5.775556242249441910e-04
5.775455417402859323e-04
5.775287169707410276e-04
5.775105775973828374e-04
5.774951115020674798e-04
5.774804998916305927e-04
5.774696696656090407e-04
5.774592545688987319e-04
5.774490335505735135e-04
5.774325854915997661e-04
5.774134115989882189e-04
5.773993138964807811e-04
5.773906277489822443e-04
5.773823418174387021e-04
5.773762844393560707e-04
5.773584854813606625e-04
5.773475438227049401e-04
5.773404653752972973e-04
5.773355595971590851e-04
5.773276885526161658e-04
5.773215918053370465e-04
5.773121421901517610e-04
5.772940691210299777e-04
5.772826321097120463e-04
5.772541802667844908e-04
5.772420805710433813e-04
5.772329938790060101e-04
5.772288194262265764e-04
5.772262572981410374e-04
5.772039771804087296e-04
5.771844955952490927e-04
5.771737313568006938e-04
5.771653306023817685e-04
5.771528609483922694e-04
5.771494289787276483e-04
5.771231207485448675e-04
5.771125600467887432e-04
5.770952874164568622e-04
5.770924312004017433e-04
5.770903442784492202e-04
5.770884609814348970e-04
5.770772534245259978e-04
5.770665070013832531e-04
5.770646540299687087e-04
5.770588208464846186e-04
5.770572533990751211e-04
5.770524038452838102e-04
5.770463932277760831e-04
5.770390664375036130e-04
5.770031887267089345e-04
5.769890991595583597e-04
5.769693407107621052e-04
5.769679749975701547e-04
5.769676353580352338e-04
5.769676526514032518e-04
5.769676398468684755e-04
5.769676550400009265e-04
5.769676750269369693e-04
5.769676480614631701e-04
5.769674958819492796e-04
5.769675505665454321e-04
5.769675358224573202e-04
5.769674262302257632e-04
5.769673918272796680e-04
5.769673261058010615e-04
5.769673242538743549e-04
5.769672832044216724e-04
5.769671649833550556e-04
5.769672604534370908e-04
5.769671811765087529e-04
5.769674064539711275e-04
5.769672809972461493e-04
5.769674802213826861e-04
5.769674531450612494e-04
5.769669554247913029e-04
5.769627690624606160e-04
5.769596423485606708e-04
5.769593105954672497e-04
5.769582397520848583e-04
5.769578154317653090e-04
5.769580671155596658e-04
5.769578208645480049e-04
5.769581244386249056e-04
5.769574512902885715e-04
5.769554930676398666e-04
5.769547269846209050e-04
5.769545759612892608e-04
5.769541604048129867e-04
5.769504891727829116e-04
5.769493054289065535e-04
5.769486638278005421e-04
5.769385950705659951e-04
5.769338439375972828e-04
5.769326083230433581e-04
5.769323506560376791e-04
5.769323913351093354e-04
5.769319650479615017e-04
5.769317582071884767e-04
5.769300508046339582e-04
5.769293968659016921e-04
