7.123304091622791046e-02
2.085815202378658167e-02
1.937257034845916992e-02
1.930429199537898183e-02
1.902670568206998522e-02
1.888699895522867947e-02
1.883275922877304664e-02
1.873978472287533836e-02
1.870785037962732072e-02
1.862754515205953046e-02
1.856807898661974598e-02
1.855227901378651151e-02
1.854622373222059376e-02
1.851095818860142017e-02
1.841735107156574833e-02
1.838361510360307649e-02
1.835128670879585672e-02
1.824975875311251466e-02
1.818863875911691172e-02
1.817193661994787393e-02
1.815286412632586416e-02
1.814296081370938771e-02
1.810108643206130921e-02
1.810343292053457481e-02
1.804631494647811543e-02
1.785656175944593319e-02
1.782732887317414402e-02
1.780579183580217190e-02
1.776997876283782293e-02
1.773257225951722568e-02
1.773048764621537252e-02
1.772120840371011266e-02
1.769463760984350820e-02
1.768885442099990199e-02
1.766511822084490882e-02
1.765345087734139853e-02
1.762569596347811351e-02
1.761175993278719237e-02
1.761208122940153761e-02
1.760018757584204049e-02
1.755676566814157180e-02
1.754036878262142662e-02
1.756887735370033302e-02
1.750359691528576012e-02
1.749042121523183835e-02
1.741618310960858437e-02
1.743595462304489349e-02
1.734514760711221640e-02
1.725854940917059821e-02
1.723618612279327611e-02
1.723841539546387344e-02
1.719469688396799839e-02
1.716845013008294271e-02
1.716382732474138959e-02
1.714077272692868942e-02
1.710726167169083697e-02
1.711029008125476356e-02
1.699895279616003146e-02
1.698569264207247520e-02
1.695678032658431977e-02
1.692533321063945800e-02
1.688304369290026530e-02
1.690499365095013765e-02
1.690741266255584019e-02
1.687750471799281254e-02
1.686126293309347934e-02
1.683375367050807259e-02
1.685027451675185847e-02
1.679163683073299843e-02
1.680279684623752282e-02
1.680168121249879520e-02
1.675085381429424272e-02
1.675409320917720796e-02
1.675153441921487657e-02
1.667959448679353154e-02
1.666707084157570060e-02
1.660152718009239720e-02
1.663613398496717119e-02
1.662269206043697975e-02
1.658118621647250782e-02
1.655882369946108310e-02
1.650510084856035217e-02
1.646509778004237937e-02
1.645463292461641150e-02
1.646482262650540013e-02
1.645264024822969823e-02
1.643742234327224411e-02
1.640738655562990270e-02
1.640547534170477134e-02
1.640476265583361987e-02
1.639373267518674446e-02
1.633611903179850444e-02
1.633244506628790324e-02
1.631084151214158909e-02
1.630263163522030490e-02
1.630783145723677802e-02
1.626912471460330301e-02
1.623133406716816343e-02
1.620437789716561161e-02
1.616374585053981933e-02
1.612174219085810503e-02
1.615909725798128291e-02
1.609332813329758180e-02
1.605871056524297430e-02
1.609803072860042580e-02
1.608049581843080944e-02
1.605105257158108076e-02
1.603800324565319430e-02
1.588987552686025456e-02
1.590342344374119643e-02
1.583359446348937133e-02
1.557391829336969569e-02
1.549036541521277809e-02
1.558161100046199718e-02
1.550134269054019402e-02
1.544025155640104015e-02
1.548497311740729479e-02
1.544293035035871654e-02
1.544408756627617570e-02
1.545569901207077303e-02
1.540131699951934746e-02
1.526451496190962473e-02
1.530936036796452446e-02
1.533865529476623191e-02
1.534339834133347825e-02
1.523812490468523170e-02
1.523535019502886279e-02
1.525819356795072787e-02
1.482298570159283277e-02
1.476921661193189225e-02
1.477161325825696557e-02
1.476276896433973730e-02
1.470680907752966622e-02
1.469122551848262015e-02
1.465781520821790238e-02
1.468622515311577767e-02
1.457758848199013600e-02
1.463570704520614739e-02
1.448283506290954682e-02
1.444096709911024679e-02
1.440079487070388548e-02
1.439097262109376163e-02
1.429650377222358923e-02
1.423020582078261646e-02
1.430481859957990175e-02
1.422698724872038627e-02
1.428619971851072083e-02
1.423024188052798497e-02
1.420877028652252176e-02
1.415728433526451668e-02
1.422808788579637065e-02
1.421077580773794959e-02
1.420214343817672448e-02
1.408278106539772971e-02
1.413722780033407206e-02
1.404503307970506563e-02
1.406936490835473605e-02
1.412529919097096215e-02
1.406352189515810286e-02
1.415780780745962662e-02
1.410835270452116472e-02
1.403082652046445250e-02
1.392932508155748060e-02
1.394994298422274660e-02
1.393423341297423020e-02
1.381356936459083792e-02
1.384510639356337745e-02
1.386422635132271257e-02
1.382948465962503294e-02
1.378267597170449235e-02
1.353905864985043526e-02
1.353954372756513772e-02
1.363811160877220936e-02
1.358716405763222938e-02
1.360742589969169032e-02
1.362570404178400571e-02
1.369855155119253064e-02
1.375643570002358512e-02
1.361626461691704468e-02
1.363669449124891610e-02
1.355200723068927630e-02
1.359908550529344978e-02
1.360352211474802689e-02
1.343001940718642311e-02
1.346754075984837699e-02
1.343693123929395709e-02
1.349204850988673134e-02
1.344836915618146528e-02
1.341400245272170860e-02
1.340468525427295637e-02
1.344597722764686275e-02
1.337584664617395835e-02
1.334727208315825142e-02
1.331216893315800842e-02
1.337752240608690822e-02
1.337793430910700319e-02
1.343460314242029933e-02
1.337884693571738878e-02
1.324454221002265529e-02
1.327067702252830890e-02
1.326958270818479578e-02
1.329163343240797289e-02
1.337678923556536066e-02
1.340534033944002640e-02
1.342371133276452563e-02
1.333143720371777856e-02
1.337242318999718772e-02
1.326454459049985872e-02
1.326609737575202598e-02
1.325461571810210813e-02
1.321995470026973186e-02
1.333441451261205800e-02
1.316506988767738966e-02
1.336868748390464962e-02
1.336736095512017393e-02
1.323080836323059506e-02
1.332206925413815385e-02
1.350069943869798908e-02
1.340046838443969927e-02
1.341057536296768118e-02
1.333849381840333803e-02
1.345142989544740805e-02
1.338144796609211200e-02
1.331366291034266972e-02
1.329240168528186827e-02
1.339052757757549367e-02
1.334760888067222304e-02
1.329765319098946859e-02
1.328282314679196663e-02
1.316873711170430013e-02
1.334896947397983674e-02
1.346729660013573290e-02
1.337498240360418533e-02
1.337424411629224014e-02
1.336128510377053435e-02
1.330241125083697108e-02
1.356076060582604367e-02
1.362359532459499374e-02
1.374440859911775503e-02
1.355955222057526541e-02
1.362579708152891235e-02
1.361651192879181384e-02
1.349903285031424024e-02
1.352682128983524572e-02
1.368767620543331204e-02
1.346655590102638009e-02
1.356112913719897603e-02
1.350101509118943090e-02
1.349428105485864227e-02
1.341488693569871035e-02
1.345014765624399401e-02
1.336106693352928469e-02
1.346486763753178793e-02
1.358819376607863123e-02
1.362140986918078216e-02
1.331034096489542261e-02
1.348325232512868552e-02
1.338020971576067177e-02
1.340286541047180403e-02
1.329568030583224564e-02
1.333699674751335877e-02
1.355062167548983301e-02
1.360983505110267139e-02
1.367431486984256421e-02
1.347368161787917268e-02
1.364588843800765977e-02
1.337646122604493025e-02
1.330879557903839189e-02
1.339333352891944329e-02
1.348821806070150085e-02
1.345160654528268669e-02
1.361267700062366616e-02
1.374000449810048111e-02
1.372508085806871739e-02
1.371481257842943613e-02
1.397378879973897384e-02
1.404022808583530769e-02
1.385817113422345946e-02
1.379900109428258866e-02
1.380726859733114216e-02
1.405839258912264418e-02
1.432081507371019656e-02
1.403650614913835512e-02
1.404750406095387101e-02
1.408383873470776815e-02
1.426838240888394019e-02
1.418378534751793540e-02
1.416282537771397336e-02
1.404625935212977343e-02
1.403181776235301256e-02
1.416532591919345170e-02
1.424813559940153393e-02
1.431919633636393081e-02
1.483631099362289069e-02
1.481635214337075415e-02
1.480688278715529271e-02
1.479894224392977291e-02
1.471291828579789768e-02
1.463230577446513088e-02
1.487301541377317356e-02
1.498393869587141131e-02
1.518204420476370643e-02
1.507148812722052672e-02
1.540401856401357045e-02
1.553933234082221018e-02
1.554883504131625641e-02
1.576745688818514610e-02
1.570911018999392519e-02
1.578993565527769816e-02
1.597625542881300764e-02
1.611123335913920013e-02
1.675568155059388095e-02
1.691147988332176305e-02
1.707327357649272501e-02
1.707884491846826600e-02
1.699245661781687358e-02
1.722661974083057254e-02
1.742863762231389516e-02
1.746899017299425455e-02
1.772901598996342795e-02
1.751078119502366345e-02
1.767782180075173556e-02
1.776319056587355102e-02
1.757433162314650521e-02
1.745573478799544026e-02
1.761312688978152602e-02
1.771314424376662852e-02
1.792318090419746032e-02
1.822123638915484900e-02
1.823569042192568421e-02
1.834769972130764065e-02
1.859128734883217990e-02
1.885481305151661541e-02
1.869345427940177079e-02
1.933027713298322153e-02
1.912445416401178933e-02
1.899646047272698229e-02
1.937806645741170161e-02
1.961485748296245765e-02
1.970644888632032757e-02
2.016230540827804521e-02
2.038907816348060204e-02
2.024474871102615800e-02
2.088410988896470533e-02
2.098880704891604998e-02
2.110423767102722128e-02
2.121213663244355188e-02
2.155414803365034854e-02
2.214068281196281129e-02
2.223646403922102319e-02
2.241350912499768047e-02
2.284197310765896660e-02
2.326522741566241365e-02
2.326813904248276055e-02
2.324457147707959317e-02
2.334329321241956565e-02
2.398094930594551685e-02
2.442911686095188342e-02
2.471302743060390175e-02
2.495194594208459057e-02
2.499521207589202113e-02
2.546756998613038461e-02
2.594806551600181352e-02
2.613609276541624740e-02
2.660938733071404466e-02
2.668335861786129415e-02
2.739474948617137001e-02
2.712044209698277752e-02
2.768297657674903545e-02
2.770641714902953578e-02
2.822903850823087896e-02
2.812084742940064441e-02
2.848577587702965513e-02
2.846058684402560240e-02
2.900608107385718379e-02
2.997387673154441184e-02
3.006880302690143406e-02
3.091547597149989918e-02
3.058007942043820121e-02
3.097040006454513175e-02
3.117761255465333059e-02
3.156662495195674406e-02
3.228874317452200965e-02
3.293662526668701684e-02
3.309789697892578236e-02
3.335945204653452401e-02
3.381332735851574206e-02
3.413124068513961190e-02
3.477174281594126726e-02
3.476404520981327129e-02
3.533433757867249919e-02
3.602966687449867672e-02
3.600540766555589134e-02
3.656058194661233191e-02
3.740735953539164882e-02
3.748723483999419348e-02
3.776996704459888859e-02
3.832372259173006529e-02
3.908549359756481600e-02
3.990717258040908655e-02
4.011494306400637672e-02
4.095386398977660103e-02
4.164220573159666677e-02
4.176492358759231055e-02
4.281489316296177572e-02
4.342521134063381805e-02
4.452866811680532277e-02
4.481369763539810869e-02
4.497489210654857794e-02
4.638508458887746072e-02
4.731170801451698577e-02
4.847346723265553298e-02
4.943646566811119719e-02
5.008397257857532398e-02
5.086542618646267694e-02
5.150691942404771878e-02
5.262471248817122277e-02
5.383637005255691166e-02
5.434020617217035637e-02
5.473696876592699934e-02
5.550435113048669822e-02
5.634482015725705839e-02
5.742857288245359348e-02
5.952251725635657187e-02
6.026741935793841071e-02
6.061724035769615326e-02
6.259605800936529629e-02
6.342449161292873505e-02
6.503150795414862351e-02
6.649003501228738233e-02
6.683686914321199102e-02
6.763086447778748900e-02
6.941802982538788913e-02
6.994379927732137514e-02
7.177628359137723513e-02
7.349499024114558576e-02
7.319469708074792524e-02
7.335381829400877685e-02
7.522429468038745182e-02
7.549643181256672497e-02
7.674499757354345808e-02
7.872687703627578859e-02
7.915872645592826606e-02
8.082505710394256859e-02
8.076812421523117680e-02
8.208559698269909943e-02
8.394150542656726721e-02
8.531121542743289043e-02
8.754198748004726749e-02
9.018498415995572504e-02
9.092348434543873203e-02
9.110810391888068960e-02
9.158765298256185683e-02
9.469398271761779451e-02
9.667713269544245258e-02
1.000710555213462499e-01
1.025876996070030356e-01
1.045328999508396972e-01
1.066353222777339793e-01
1.089189082735903397e-01
1.110289980061518605e-01
1.131440102672194442e-01
1.163972072065031366e-01
1.203507553287867238e-01
1.226010403316638436e-01
1.243731847920024058e-01
1.257699302626931193e-01
1.291936672627088944e-01
1.300753435288253546e-01
1.334367271217943296e-01
1.361657634116506532e-01
1.380974201459743422e-01
1.424429760972329428e-01
1.457763133985068293e-01
1.491366016837702979e-01
1.529909459463931753e-01
1.554896127077484147e-01
1.580209956850424091e-01
1.610471657995908579e-01
1.658026318253493780e-01
1.699146128846889536e-01
1.740089402846247968e-01
1.767157237295121919e-01
1.826046255546538433e-01
1.869130833042398632e-01
1.919150070003061426e-01
1.983930239306478382e-01
2.019041585790005422e-01
2.091074661861486994e-01
2.127627836660374583e-01
2.182509672048889293e-01
2.252429413777058687e-01
2.322397917048567850e-01
2.364580632684615547e-01
2.433784954257921240e-01
2.503296257239299716e-01
2.554754860624431356e-01
2.621811364259266086e-01
2.699201012924933862e-01
2.774556125572087972e-01
2.854021849573077363e-01
2.917388718809537096e-01
2.948921920341694980e-01
3.033564880360075655e-01
3.115713323841474702e-01
3.216647581989777183e-01
3.274627033755532768e-01
3.380066523066193040e-01
3.495036336059907378e-01
3.632644356321511059e-01
3.790330385028095606e-01
3.914736718748205169e-01
4.016429710793444907e-01
4.136125870343898558e-01
4.285906197672472717e-01
4.389360894133337854e-01
4.499842381752013898e-01
4.648534585952912579e-01
4.794311598051609336e-01
4.943000260849137462e-01
5.085742727313036227e-01
5.289717101895072826e-01
5.482098222198866777e-01
5.750817152611098493e-01
6.070959864962448549e-01
6.451471053899828778e-01
6.818864435338942709e-01
7.331034271493853671e-01
8.152284118640866772e-01
