1.474992804572329390e-03
1.658581361590218961e-01
3.567101638749054504e-01
5.552166610286445314e-01
7.484734114440310115e-01
9.448630752355331452e-01
1.147450827111668570e+00
1.349835362985025711e+00
1.546309700111013319e+00
1.742479213232838164e+00
1.937293953002828362e+00
2.132955426117725040e+00
2.327854839222215588e+00
2.524041287010934109e+00
2.722090548158421885e+00
2.917396393268455679e+00
3.116326257094633512e+00
3.312140142211606797e+00
3.510934528702611690e+00
3.708153991172111752e+00
3.903425966948346204e+00
4.096377893359569811e+00
4.290515246453647791e+00
4.486904910245145928e+00
4.679484273984616749e+00
4.868202533671362353e+00
5.059020692053451285e+00
5.249821915768642100e+00
5.448734844927938248e+00
5.645022900718057457e+00
5.831844477712243346e+00
6.023881932110979776e+00
6.218713606547880524e+00
6.419201459728674841e+00
6.607072986070529730e+00
6.806510889903646166e+00
6.989471362845095292e+00
7.185708614634509495e+00
7.388330235844438931e+00
7.591595374396487905e+00
7.793454935596012767e+00
7.994315351448564755e+00
8.185895569841063590e+00
8.379812772265466947e+00
8.571579271993837068e+00
8.760195923679194863e+00
8.953977648768422171e+00
9.138005005724446406e+00
9.319932463985132642e+00
9.513798862408847867e+00
9.701958278087964516e+00
9.896163369849658054e+00
1.008698152823174610e+01
1.027160159852922483e+01
1.045696679417018160e+01
1.064336500449190659e+01
1.083084703349510569e+01
1.100677961967392626e+01
1.120142501277494418e+01
1.138309845103216844e+01
1.156109706657253433e+01
1.175770688103371242e+01
1.195719558886753298e+01
1.214616786855775743e+01
1.233854401629447572e+01
1.252854931066547550e+01
1.271791108769435041e+01
1.290923728608338372e+01
1.309983529379579537e+01
1.329243159220216342e+01
1.349093808935589855e+01
1.367975795704403374e+01
1.385519943788282227e+01
1.403546729878750021e+01
1.423361816793637935e+01
1.442882240504504310e+01
1.460047052049870508e+01
1.478920571485234170e+01
1.497999000390062996e+01
1.515863213678314025e+01
1.533400587895432210e+01
1.550854982244750602e+01
1.569653989145763440e+01
1.587845041505142873e+01
1.607563600818712857e+01
1.626396477053521039e+01
1.645002428751898194e+01
1.665012264336112224e+01
1.683611442167729777e+01
1.700935439581936137e+01
1.720313612090858513e+01
1.739932256869729699e+01
1.758990364174280430e+01
1.777460838537473720e+01
1.795653584363542166e+01
1.815656646080992331e+01
1.833871406974024509e+01
1.852113263334095805e+01
1.871198466105682456e+01
1.889746839936601930e+01
1.908693178439625271e+01
1.925673402115797472e+01
1.942623143391556439e+01
1.959598286667664979e+01
1.978026424363616087e+01
1.997043888467609563e+01
2.015748061233989930e+01
2.034000078394202760e+01
2.051195372339978462e+01
2.067506676673689014e+01
2.084495367683313560e+01
2.100903199618338846e+01
2.119551487983964577e+01
2.138961836359989022e+01
2.157947124596874744e+01
2.176478563760901253e+01
2.194545993051923105e+01
2.212992758881459565e+01
2.230829876702667391e+01
2.246958286633878643e+01
2.264163741379799077e+01
2.283582557089270182e+01
2.302703322661347229e+01
2.318460863387490178e+01
2.335016026924527566e+01
2.354050425695425730e+01
2.373262638468741059e+01
2.392943941515136075e+01
2.411385626944602834e+01
2.429410719568383570e+01
2.448221580736219138e+01
2.466934220836055047e+01
2.482788289163522322e+01
2.501458592596113206e+01
2.521151749909332906e+01
2.539667947873149245e+01
2.558541467308512196e+01
2.576944203004114087e+01
2.594124255749680685e+01
2.612615051713156333e+01
2.630333626866082142e+01
2.648143649220252271e+01
2.666646299450553315e+01
2.686478321032335259e+01
2.705036855663398754e+01
2.722982355352758432e+01
2.740240307566063649e+01
2.756465245098589278e+01
2.771855303553055094e+01
2.788181849086970843e+01
2.806696353584101544e+01
2.826101621560055577e+01
2.844512824589106614e+01
2.862007862138976222e+01
2.879303070619458538e+01
2.896447560564548951e+01
2.912333804759120426e+01
2.929586676572353454e+01
2.947257834657966669e+01
2.966149982226921367e+01
2.985429933667835201e+01
3.002261132275307531e+01
3.020389526367163668e+01
3.038003106585322399e+01
3.056334716679954511e+01
3.074977924645508409e+01
3.094058047017020741e+01
3.110889245624500177e+01
3.129015946249668545e+01
3.145787873522992939e+01
3.161276153045462678e+01
3.180151365947517661e+01
3.198239116838822227e+01
3.214323496636102817e+01
3.233694895278262749e+01
3.252720826715703595e+01
3.269961844262108741e+01
3.285443349917819233e+01
3.303609000276850338e+01
3.320336897416248689e+01
3.339000426982077130e+01
3.357094951740137390e+01
3.373336823939566642e+01
3.388466088523801290e+01
3.406232080744047153e+01
3.423391811889343472e+01
3.442023165588069133e+01
3.459389499669521228e+01
3.478086898569141994e+01
3.493429539956293439e+01
3.508904271745245040e+01
3.526448419829125669e+01
3.544351582851243876e+01
3.560209038112086688e+01
3.578306949803524617e+01
3.594640269204201388e+01
3.609893156856796281e+01
3.627003777468088686e+01
3.642288840987779253e+01
3.659973546806904210e+01
3.677424554222853459e+01
3.694411551765789881e+01
3.712929443196304646e+01
3.731159445289558363e+01
3.746156619471983618e+01
3.761714331128737143e+01
3.776447324507566350e+01
3.794455482464456253e+01
3.812221474684694300e+01
3.828067075678709585e+01
3.847059137782355265e+01
3.866222240021678402e+01
3.885530980396318768e+01
3.905049710640489025e+01
3.923084964064417335e+01
3.941027076820397923e+01
3.958293496367154063e+01
3.977126372601962601e+01
3.991574863576902032e+01
4.009318840730171019e+01
4.028422671635350127e+01
4.046742427463153291e+01
4.063289123666744729e+01
4.079190609061529926e+01
4.096614521010433663e+01
4.112942760011041798e+01
4.128944159940515846e+01
4.147511161905034527e+01
4.164408405713420791e+01
4.183512236618585689e+01
4.202441640454709670e+01
4.221117024287371322e+01
4.239897403054803249e+01
4.258510128619938229e+01
4.276933185915817148e+01
4.294179283862300878e+01
4.312500733156796429e+01
4.330112619908266680e+01
4.344984477555656355e+01
4.363353343917476224e+01
4.380345421860477018e+01
4.398682112355175633e+01
4.415020512155923882e+01
4.430571449945924201e+01
4.447446678687339983e+01
4.463597103685516743e+01
4.482678919523728922e+01
4.498131636245713594e+01
4.512470051885825484e+01
4.529308024360065588e+01
4.545182414287799588e+01
4.561193975017420144e+01
4.579603484579774175e+01
4.594206081023485666e+01
4.608642717731612493e+01
4.622320681362705841e+01
4.637802187018407096e+01
4.656904324456894528e+01
4.675635592690325382e+01
4.692312685829036667e+01
4.711179431397635398e+01
4.729038564285811930e+01
4.745944275427635972e+01
4.763463021511172713e+01
4.777515241280688230e+01
4.791889219721273463e+01
4.806971067238210793e+01
4.821968241420633206e+01
4.836098360657896222e+01
4.853622187141500177e+01
4.869855592007476019e+01
4.886402288211063194e+01
4.904987918309166162e+01
4.923341543470775861e+01
4.941351394894351756e+01
4.957161433087887303e+01
4.975855445054133241e+01
4.990004192424973439e+01
5.005389170479375593e+01
5.022437132823144879e+01
5.039159949562474594e+01
5.057288343654327889e+01
5.075696159749998770e+01
5.092214067019864387e+01
5.109551612167590662e+01
5.126421760508938519e+01
5.141446030158401470e+01
5.156700611277685908e+01
5.173987352424722985e+01
5.190149631689724430e+01
5.206643830425949915e+01
5.222611361021617427e+01
5.238787188020145180e+01
5.254974869285503303e+01
5.272690057505053574e+01
5.290518707992821845e+01
5.307780047139502955e+01
5.323330984929495457e+01
5.341699851291291168e+01
5.360756265129170828e+01
5.378164935877855157e+01
5.395260315288956576e+01
5.412829865373174698e+01
5.429036174772112844e+01
5.444963062167240508e+01
5.462717200120658134e+01
5.480005634734385467e+01
5.498191606693696798e+01
5.513864474085355738e+01
5.530245210553350432e+01
5.548434569446053644e+01
5.564517255776632965e+01
5.578107159139840121e+01
5.592796122384719126e+01
5.607493552963050831e+01
5.621210466327993771e+01
5.636487062514246560e+01
5.654391919003058575e+01
5.672709981364182852e+01
5.688691059693375962e+01
5.705378313632218124e+01
5.723059632517964701e+01
5.737772304296507997e+01
5.752854151813435379e+01
5.769766636822025418e+01
5.786038991421875721e+01
5.803276622034898224e+01
5.817222153402970974e+01
5.831977161848759295e+01
5.847724541774771012e+01
5.865329654659475267e+01
5.883625701953633325e+01
5.901498382575322665e+01
5.918444736917712135e+01
5.933988900840945035e+01
5.948459406882840028e+01
5.964382907344597129e+01
5.982269135699814200e+01
5.999909811385006009e+01
6.017491215736058763e+01
6.034461278612102575e+01
6.050520256409043185e+01
6.067253233948510882e+01
6.081977759993879573e+01
6.099200149406708960e+01
6.115741765210232472e+01
6.129343522840267156e+01
6.144708179294369899e+01
6.162316679112459639e+01
6.178705882913902769e+01
6.194849534045329875e+01
6.210187095032409843e+01
6.224723646275216282e+01
6.242404965160972807e+01
6.259568083239652481e+01
6.277777763732629523e+01
6.295061117946264773e+01
6.312004085355285099e+01
6.330240861315279943e+01
6.348873908480700834e+01
6.364130183066673396e+01
6.380082472462148502e+01
6.395325199314602571e+01
6.412918457932485694e+01
6.428200134518806408e+01
6.444045735512834483e+01
6.459854080239669827e+01
6.475244138694137064e+01
6.489487720199612397e+01
6.504556019983017734e+01
6.522044283666133424e+01
6.539935592421419130e+01
6.557256202902247821e+01
6.574002728175231880e+01
6.589709464900674618e+01
6.605656673896083930e+01
6.621255028753397198e+01
6.637053212680103798e+01
6.654024969022836444e+01
6.671862086844056705e+01
6.688772878385938725e+01
6.706875870477462342e+01
6.723925526287924015e+01
6.740973488631695432e+01
6.758380465913710111e+01
6.774789991315421389e+01
6.790378185372604491e+01
6.806340635568217579e+01
6.820902588811371459e+01
6.836387481400470278e+01
6.854360076556871206e+01
6.871910998507503621e+01
6.888384875643430405e+01
6.905019632114888850e+01
6.920870313508977745e+01
6.936844617971425464e+01
6.952244837226025709e+01
6.968591704360225947e+01
6.986543977916346648e+01
7.003298970522784828e+01
7.017837215232272285e+01
7.036201001194005755e+01
7.054058440615523295e+01
7.070464579083856904e+01
7.087133204889113358e+01
7.102548665343910272e+01
7.118688929541949051e+01
7.135894384287877301e+01
7.153726421709021110e+01
7.170078369243289274e+01
7.186709738781367207e+01
7.203590047922845940e+01
7.220585512799240746e+01
7.235470918180162414e+01
7.253035387864328243e+01
7.269798847804219122e+01
7.287339608954707160e+01
7.303623817821406305e+01
7.320375423494458289e+01
7.337203235168558990e+01
7.354960760055359970e+01
7.370411783310660780e+01
7.386433504840394448e+01
7.403286718514857512e+01
7.418168736962384457e+01
7.434903407968552358e+01
7.452420460585408080e+01
7.468965463322309972e+01
7.484258994175461055e+01
7.498790465018194595e+01
7.513757156800214432e+01
7.530788184477094660e+01
7.548737071099826323e+01
7.565146596501551812e+01
7.581925297641663519e+01
7.597564295699514503e+01
7.614016157768482174e+01
7.632606868266650224e+01
7.650162870617349142e+01
7.665874687742871174e+01
7.681979389140448689e+01
7.698597210945013103e+01
7.714220967802675943e+01
7.731294332146801196e+01
7.747024777405931673e+01
7.762844976399600228e+01
7.780759993688531040e+01
7.797877388166610046e+01
7.814645928506561745e+01
7.829533027354158037e+01
7.845846025154547476e+01
7.862926163365432330e+01
7.879823407173810779e+01
7.895994153772261370e+01
7.912762694112231543e+01
7.928279762568428168e+01
7.944409865966353834e+01
7.958749975073122584e+01
7.975049425140009873e+01
7.992266734152765650e+01
8.008727063555184600e+01
8.023834313072445923e+01
8.040548662478332176e+01
8.058821001238857207e+01
8.076004440917797922e+01
8.093032081661289112e+01
8.109990290270491187e+01
8.127175423416149158e+01
8.144118390825141773e+01
8.162067277447887648e+01
8.178605506318051255e+01
8.194805041850231930e+01
8.211273838586107843e+01
8.228506388799044657e+01
8.243799919652177266e+01
8.260554912258638183e+01
8.278183733677008149e+01
8.294493344544038393e+01
8.310425312339222614e+01
8.327358118948103538e+01
8.344761709296724916e+01
8.359689451344874556e+01
8.374908469663662913e+01
8.390345945185457310e+01
8.407148354859208439e+01
8.425098934948634621e+01
8.442031741557516966e+01
8.459753703643828260e+01
8.476298706380754311e+01
8.491382247364349212e+01
8.507407355827481865e+01
8.524590795506426844e+01
8.541870762786724924e+01
8.557917886316846534e+01
8.574960768260550026e+01
8.590535414584222451e+01
8.607163397188912768e+01
8.623578002990694813e+01
8.640859663737660412e+01
8.657292897673032428e+01
8.674875995490805280e+01
8.690220330344634192e+01
8.705202263326856382e+01
8.720465311779595652e+01
8.736398973041480076e+01
8.753374116317608866e+01
8.770073224523265765e+01
8.786589438326438994e+01
8.802900742660145283e+01
8.818764971787759066e+01
8.834932331452843357e+01
8.849965068435781745e+01
8.867338176383996995e+01
8.884491133662530160e+01
8.901840533077094619e+01
8.919191625958347913e+01
8.936905120711209349e+01
8.953941228788161766e+01
8.970311804456005689e+01
8.986347073719302614e+01
9.003357779795905458e+01
9.019377807858981555e+01
9.036444398336332995e+01
9.052574501734252976e+01
9.069549645010366135e+01
9.086209803482168468e+01
9.102353454613592021e+01
9.119050869352572875e+01
9.135665136545311782e+01
