3.006869983917626898e-05
2.851279679126685423e-06
2.583678761866460353e-06
2.578554426191710905e-06
2.528453889137859626e-06
2.510636541514536556e-06
2.500395826740441179e-06
2.492787359235504460e-06
2.488010318467532638e-06
2.472922391850009086e-06
2.467806482259722659e-06
2.465052561468945061e-06
2.464009152888148132e-06
2.460931981381161743e-06
2.448903464042503092e-06
2.446651480100721512e-06
2.440436670869410920e-06
2.430907392237591064e-06
2.421357968565076655e-06
2.417443366656287382e-06
2.415622920739638413e-06
2.414493664239464069e-06
2.412370576827524051e-06
2.409310249339086528e-06
2.407555603124007349e-06
2.374023504167759300e-06
2.371759418480260756e-06
2.367548843437240981e-06
2.365182888569259081e-06
2.362118847580661075e-06
2.359008628247705202e-06
2.356720369308827694e-06
2.353135625048656032e-06
2.351904482274628664e-06
2.348281406507995437e-06
2.346680733675243024e-06
2.339859533963968270e-06
2.337366911845772340e-06
2.334414602396107620e-06
2.331508748222019203e-06
2.330663394732019812e-06
2.327941074246558484e-06
2.328555874343297215e-06
2.323763814249888605e-06
2.322437363944748891e-06
2.316662247351959281e-06
2.317340006035009452e-06
2.306475913053752752e-06
2.297476733302409196e-06
2.295564608694033422e-06
2.294045137851349976e-06
2.290354783307272747e-06
2.288210261519637581e-06
2.283814928524573006e-06
2.282886389611904072e-06
2.279599181438731354e-06
2.276190487096401477e-06
2.265747438616178452e-06
2.265896175204212420e-06
2.260184832866233502e-06
2.256574536737238504e-06
2.252625936270651058e-06
2.250958422658725109e-06
2.251001266834360765e-06
2.247328313479853656e-06
2.247449193557401792e-06
2.244937979217188259e-06
2.246196539137466699e-06
2.243744249203131743e-06
2.242363850754076441e-06
2.239438848199956524e-06
2.238798291752323974e-06
2.234792159457664407e-06
2.230085506614951621e-06
2.224705956596795766e-06
2.223917903662963200e-06
2.219842193795656129e-06
2.213895134228340200e-06
2.215439036606536724e-06
2.209633260773945374e-06
2.204049947968256927e-06
2.196513479252601252e-06
2.193102236345065846e-06
2.193004424204897234e-06
2.190426976878326417e-06
2.189006476729543032e-06
2.186599858725209777e-06
2.185651197248275509e-06
2.183289272784260994e-06
2.179710020828213140e-06
2.174531598972169522e-06
2.173310804874471549e-06
2.171228482627085007e-06
2.169767587582329448e-06
2.164151449559544805e-06
2.161280353699768803e-06
2.159980029243521915e-06
2.156415773679139319e-06
2.150315812374512391e-06
2.150186501813408517e-06
2.146641153692470621e-06
2.138620635242991884e-06
2.136697432118735190e-06
2.129221984711301848e-06
2.128123433664857534e-06
2.128067157761786473e-06
2.122797707754802571e-06
2.121197776916474503e-06
2.115996166245066971e-06
2.112037919039580447e-06
2.108385482537324314e-06
2.026785109930665908e-06
2.019559750827973442e-06
2.024687184984102316e-06
2.016723951215933535e-06
2.017908350766259242e-06
2.015415461045912021e-06
2.009837190246777782e-06
2.007199320475658229e-06
2.003029470931053633e-06
1.993087885869466634e-06
1.988176634286431839e-06
1.991683933066763538e-06
1.986532827196623584e-06
1.982162571021693485e-06
1.979125458341227278e-06
1.975475527408181609e-06
1.975447655760691849e-06
1.812341268250107635e-06
1.804978756490193101e-06
1.802848280644448641e-06
1.805189123829719940e-06
1.796851408732448049e-06
1.798866557530376421e-06
1.795224600366942999e-06
1.794198046305231517e-06
1.784510757863969135e-06
1.787681460416013171e-06
1.768389835416220084e-06
1.754546308976031776e-06
1.748186179373075234e-06
1.746246138433347961e-06
1.742678017112948712e-06
1.741527855584108526e-06
1.737043447473149222e-06
1.740634078842043565e-06
1.738640694625729270e-06
1.734798710476714671e-06
1.725080355205662568e-06
1.717293750690775742e-06
1.718439462946510966e-06
1.714132219108209213e-06
1.711727668158298864e-06
1.699485141768324511e-06
1.701186878614288152e-06
1.699467412742354226e-06
1.696870273596388127e-06
1.698481639895418555e-06
1.696995555775041590e-06
1.700001997345528635e-06
1.685749828991094963e-06
1.669133847282780146e-06
1.656900070264383556e-06
1.657900859639581114e-06
1.664545549390941770e-06
1.645417548176182931e-06
1.652277000747381896e-06
1.655974493521685704e-06
1.651344051607565080e-06
1.641070312726125701e-06
1.603291838044174041e-06
1.603246525870357330e-06
1.606156520302207174e-06
1.606608272255589588e-06
1.607174845448204689e-06
1.603995400508070114e-06
1.600146287181082538e-06
1.603485425494664007e-06
1.586831956022486690e-06
1.589497813689179245e-06
1.582948922541034596e-06
1.587207138692009696e-06
1.583769372177444348e-06
1.562052143821325054e-06
1.564941913985058594e-06
1.555216817023719113e-06
1.554316771070168895e-06
1.549448000834262647e-06
1.547696871129750837e-06
1.550230045458756892e-06
1.555451290852486029e-06
1.555744672279153512e-06
1.551072805012943923e-06
1.537136297431238581e-06
1.539263345498218789e-06
1.538774161835600081e-06
1.547173069989180553e-06
1.547673488088703184e-06
1.539568570851742201e-06
1.523310297322305637e-06
1.523165394093507693e-06
1.519592417265173560e-06
1.524845511948817317e-06
1.526114025265052744e-06
1.528330555843721925e-06
1.515649793282579760e-06
1.518951569417863541e-06
1.506830499792380381e-06
1.508995359846788233e-06
1.507611387044274929e-06
1.505472565104395256e-06
1.515055109671903811e-06
1.503337553640308658e-06
1.527993750938482870e-06
1.525163596262366445e-06
1.514903831717696647e-06
1.512456743113957718e-06
1.526182618243778563e-06
1.509889701445664006e-06
1.517621591618279372e-06
1.497959616365839391e-06
1.508169466207963959e-06
1.514474003237442708e-06
1.497343095731650321e-06
1.499815815302105211e-06
1.499913052799980210e-06
1.501424878092312794e-06
1.491442291627587482e-06
1.464761909884518111e-06
1.453682387276870832e-06
1.459566635761449965e-06
1.467689234295075001e-06
1.473675427869465218e-06
1.469506101058416553e-06
1.482300357021603896e-06
1.461201048974563152e-06
1.485253875034288598e-06
1.496458373008428052e-06
1.498684139482506286e-06
1.485027950198970718e-06
1.491302259582570688e-06
1.450154548129375156e-06
1.446047299429380010e-06
1.444065764234985335e-06
1.458951946973636940e-06
1.368743311468586044e-06
1.367250440098930297e-06
1.358332747478000253e-06
1.360240765411485514e-06
1.346565488957699401e-06
1.353161726892753128e-06
1.354467412938551536e-06
1.366014918985813195e-06
1.370198260750207832e-06
1.370459007888855307e-06
1.265603416638397199e-06
1.280630345475859650e-06
1.280330890740240386e-06
1.283408364565555134e-06
1.268619067836763352e-06
1.261115337782826505e-06
1.308666611510688413e-06
1.302608606882544077e-06
1.317315449120913214e-06
1.291832962318170131e-06
1.317349337639145655e-06
1.264399733305150505e-06
1.191211155550286010e-06
1.208598424443980747e-06
1.191403013383200841e-06
1.194501225715997432e-06
1.204699292350739886e-06
1.227747402107916145e-06
1.225045175318924840e-06
1.223668868150889570e-06
1.251345329378556800e-06
1.256076267470480976e-06
1.238174520596165678e-06
1.217811259007877074e-06
1.222076402290339885e-06
1.253571055440802600e-06
1.271987506428901117e-06
1.247497411455551629e-06
1.228394883504362944e-06
1.234145715804655985e-06
1.279957264143260174e-06
1.247269113961193066e-06
1.247582938046712671e-06
1.238917803591986460e-06
1.249583878688175976e-06
1.255945776627661522e-06
1.251013404691551464e-06
1.266039846362530257e-06
1.316844378836008685e-06
1.321842853782965820e-06
1.321301326496828339e-06
1.339479440879066259e-06
1.318311213139831650e-06
1.314989766115097215e-06
1.356488609074677524e-06
1.381428768979121363e-06
1.381806599414682087e-06
1.383407140669821610e-06
1.445825927593641683e-06
1.454574229216727590e-06
1.477764391907898153e-06
1.512874737293331425e-06
1.516235341076239917e-06
1.533524855845206816e-06
1.574422218466056200e-06
1.604338864370830799e-06
1.753230764774504906e-06
1.754138444229402969e-06
1.746873694488093661e-06
1.751056050174983536e-06
1.775549548073593758e-06
1.831081324301621174e-06
1.878645109949269133e-06
1.873550990658496578e-06
1.944522002541093707e-06
1.888610221238259915e-06
1.926461741840372432e-06
1.955719585331421938e-06
1.913773528280301311e-06
1.901453977558873553e-06
1.913030548176810505e-06
1.921939515788755444e-06
1.984689944606959433e-06
2.001533500052131696e-06
2.030664713649119990e-06
2.058015851722620363e-06
2.142402654616428346e-06
2.153001671040267730e-06
2.087927097029311456e-06
2.244524041633913242e-06
2.230407182334726953e-06
2.191166650027373799e-06
2.268277802867469841e-06
2.310859910870041987e-06
2.405795664803030278e-06
2.492277957730410302e-06
2.488130794599147115e-06
2.474578498742602809e-06
2.600602468597704339e-06
2.619381701506794500e-06
2.697478505093578362e-06
2.701821314871023605e-06
2.798878611998131790e-06
2.965162474615507117e-06
2.989513436816630774e-06
3.058622629614292072e-06
3.139556323869124029e-06
3.260857911833376536e-06
3.282594381961154515e-06
3.236169363682502692e-06
3.278771962879711896e-06
3.464106093033675042e-06
3.519985569160128855e-06
3.627433425484079125e-06
3.689191406469853127e-06
3.805907338838199661e-06
4.024195161454747497e-06
4.151822943668279037e-06
4.207133581497204608e-06
4.387107358478881624e-06
4.381527651012233626e-06
4.585374118449337102e-06
4.557149318695252612e-06
4.763189865243945023e-06
4.762308619961228393e-06
4.863684643239258856e-06
4.830961600829724288e-06
4.941257393153104113e-06
4.967677696043553036e-06
5.180365618918195565e-06
5.506654820099121649e-06
5.642054923246909904e-06
5.789862763509092169e-06
5.632008124014185118e-06
5.858324195226407759e-06
5.920474768321837215e-06
6.103328299129187695e-06
6.343979413666567835e-06
6.527380422762314290e-06
6.710583160816508919e-06
6.762609805869808126e-06
6.975556023397427860e-06
7.181256434354586103e-06
7.511245525356468782e-06
7.396636202037960918e-06
7.689456656197504500e-06
7.996849457148940129e-06
8.296198083534621158e-06
8.167724078605930155e-06
8.472898472007835244e-06
8.611871652389419750e-06
8.743030265264182768e-06
9.093821278850356250e-06
9.257769135611497715e-06
9.817231748405983921e-06
9.875451597642118955e-06
1.019880340263824264e-05
1.058222125845947209e-05
1.048193332625995478e-05
1.098013474081431073e-05
1.157652949886216953e-05
1.192495444747762557e-05
1.211777954006047577e-05
1.221432829262812387e-05
1.316853484659964320e-05
1.351557010967354252e-05
1.407082630759275774e-05
1.482985300200549774e-05
1.540523178416617305e-05
1.586184294783830041e-05
1.618642305775611480e-05
1.713488884189051339e-05
1.788549245108430428e-05
1.797327388635832105e-05
1.825133642067938188e-05
1.879321999518841202e-05
1.951662862398848301e-05
2.039145168487600655e-05
2.189962873078152698e-05
2.235054088281313172e-05
2.267325327971647962e-05
2.429747337115949541e-05
2.447647385354835315e-05
2.533701611797193533e-05
2.639895116592308696e-05
2.681561380565746481e-05
2.716861811348884745e-05
2.883230948506909381e-05
2.969676683378905891e-05
3.092529677125716557e-05
3.268456742932418399e-05
3.261022236737141829e-05
3.260344659814008072e-05
3.477065614360068239e-05
3.525436887695109107e-05
3.583992358821347021e-05
3.718972531867474266e-05
3.789727195115630986e-05
3.947593494178940391e-05
3.975846464998995339e-05
4.161946701721128930e-05
4.334553998737626450e-05
4.462993082964941861e-05
4.688134336294342522e-05
4.955662374491000196e-05
5.035079551736381303e-05
5.109960716955411577e-05
5.215060013917395245e-05
5.646926507946073930e-05
5.884789133300221255e-05
6.313550476937858261e-05
6.633145359307401608e-05
6.876255369765644002e-05
7.087047586958201138e-05
7.346392893963717868e-05
7.706451941663466888e-05
8.024337749885174177e-05
8.451646320693116047e-05
8.898471825486064461e-05
9.244755832018033525e-05
9.424558927942664963e-05
9.547748285774235004e-05
1.012281959648305178e-04
1.029609573327820482e-04
1.089475514954898452e-04
1.122083364695204385e-04
1.182931279956080366e-04
1.252195082552710220e-04
1.312615417047365441e-04
1.376199008005335694e-04
1.418912970791422928e-04
1.466777000019719199e-04
1.523739869986193358e-04
1.597990645865451974e-04
1.705944133126988582e-04
1.780208295734099456e-04
1.860785232942610621e-04
1.916707642953628242e-04
2.042717790991759985e-04
2.138152774230098153e-04
2.248141128262452738e-04
2.393944646117217138e-04
2.497483424810402128e-04
2.701995534847695109e-04
2.807051793901156264e-04
2.950212011440745612e-04
3.099102498027016283e-04
3.321823225190629280e-04
3.464554163328150815e-04
3.670889647347223990e-04
3.908905006345508165e-04
4.045457942598349008e-04
4.261071714590684107e-04
4.525091583305712833e-04
4.798834522057315866e-04
5.084025851204793328e-04
5.346226727969955296e-04
5.436270718156625522e-04
5.761587811492929366e-04
6.064790275778068375e-04
6.476122745559340782e-04
6.724389728140132928e-04
7.167976451279298384e-04
7.615855366534684699e-04
8.240765207386930268e-04
8.948407429434644981e-04
9.527247319216549650e-04
9.960953205054683124e-04
1.048493455861530116e-03
1.100775752224472832e-03
1.169796143338954928e-03
1.221601106541589030e-03
1.300608206652435588e-03
1.383143317177856768e-03
1.469284800072071700e-03
1.545578466893477365e-03
1.685500635420450997e-03
1.805085222620132291e-03
2.003176918784239837e-03
2.220656463015544847e-03
2.463666522870520091e-03
2.777159092263417790e-03
3.164586055038919217e-03
3.891971801185858688e-03
