2.593943903592714317e+00
2.251818232268773645e+00
1.955530412190303213e+00
1.674670312861785693e+00
1.416521433572925925e+00
1.199105149403196346e+00
1.019436402281030274e+00
8.675943094544751322e-01
7.501549886932256106e-01
6.692108272885713971e-01
6.197863359213036105e-01
5.886279810461972906e-01
5.703932712181821740e-01
5.523593268756409325e-01
5.379272783202906361e-01
5.261952730012232626e-01
5.174993830362408787e-01
5.110779753358012378e-01
5.054790022099331370e-01
5.003212313122585853e-01
4.948376023096252574e-01
4.921839451718252878e-01
4.895537616412384829e-01
4.872508596180086249e-01
4.849855663686572504e-01
4.823338360219365240e-01
4.813766647118700726e-01
4.807770292524937150e-01
4.805965146598227267e-01
4.805454532817231561e-01
4.803075789958283770e-01
4.793320988362518298e-01
4.792301259185041129e-01
4.788068937642027123e-01
4.786824513428488137e-01
4.785480542140462812e-01
4.785608666549552304e-01
4.786137516184595930e-01
4.785674830385058809e-01
4.785059245385332449e-01
4.785174110499001432e-01
4.785382125575916024e-01
4.784176878129172694e-01
4.783840339330341918e-01
4.783017086529635642e-01
4.782600459645888202e-01
4.782258793235530936e-01
4.780626899358688120e-01
4.779763845859436588e-01
4.779358637489437012e-01
4.779161139634203748e-01
4.779753932751957812e-01
4.779029629439978666e-01
4.778095463510351193e-01
4.777680767309752663e-01
4.777295087710372035e-01
4.774385923712867186e-01
4.774059756400763077e-01
4.772519637066987563e-01
4.773376988785800745e-01
4.772047756020433296e-01
4.774642080370632424e-01
4.771198040911406313e-01
4.770403248888048786e-01
4.768633124663228529e-01
4.768267107320135478e-01
4.767872402251716601e-01
4.766407547051734195e-01
4.764883671463179260e-01
4.765287225712082630e-01
4.765708092846504540e-01
4.765779037376925431e-01
4.766872134773865177e-01
4.765266323684552718e-01
4.764927171579085852e-01
4.765888268525875215e-01
4.765497098881444349e-01
4.764240480408026279e-01
4.763257229585065589e-01
4.764126711044958107e-01
4.762311415321663355e-01
4.762062610992862655e-01
4.758969289117596646e-01
4.760433914472196326e-01
4.759093247816953420e-01
4.762207803204834833e-01
4.757004453189339066e-01
4.755440001821402696e-01
4.754002523320218776e-01
4.755598727765672495e-01
4.755408617538844918e-01
4.755432577927486970e-01
4.754793901482216034e-01
4.754581737708045708e-01
4.753361900490247760e-01
4.752518544711904491e-01
4.752971707713600225e-01
4.751726525080319785e-01
4.747034609036227537e-01
4.748292925799285635e-01
4.748732339891770238e-01
4.749155130715329576e-01
4.747710532073108891e-01
4.747893942233414322e-01
4.744174083278538956e-01
4.741276619136405301e-01
4.738902701022150166e-01
4.737495865971420583e-01
4.735219208569796390e-01
4.736771856944348436e-01
4.733303177136787276e-01
4.734095893212383888e-01
4.733844809182765623e-01
4.731273499529740634e-01
4.729142663639107069e-01
4.729133964277157931e-01
4.727377740030170861e-01
4.729082120140188361e-01
4.726407570128947078e-01
4.726484183049713961e-01
4.726635183736113688e-01
4.724133905276145518e-01
4.722649937010804377e-01
4.722749568182583180e-01
4.721021201973965575e-01
4.719059460910312587e-01
4.717004522918196163e-01
4.717024871817381282e-01
4.717476638937866396e-01
4.716000605978339366e-01
4.710946275843098108e-01
4.714036105764067286e-01
4.707726997815981362e-01
4.705439765708005484e-01
4.704817967760206998e-01
4.702225122760794185e-01
4.700883815616916372e-01
4.704323993659478842e-01
4.703199063900639354e-01
4.703509175839279965e-01
4.698530224472632355e-01
4.698487024290882719e-01
4.696278881881641998e-01
4.697920971759871889e-01
4.693006793495769213e-01
4.688825047357463305e-01
4.688203808384633353e-01
4.686694188307825026e-01
4.687498434482360588e-01
4.683670890447185209e-01
4.681762318286128433e-01
4.680367471722229888e-01
4.680220893948033312e-01
4.676051740823811698e-01
4.671916895837951444e-01
4.671130026347433128e-01
4.674483916349989054e-01
4.671821561610732254e-01
4.666223633849254648e-01
4.663434981734998486e-01
4.660528502396497075e-01
4.659838181186090611e-01
4.657658795280692487e-01
4.652663151370927674e-01
4.649491644457133255e-01
4.648996913462234426e-01
4.647481787856710955e-01
4.644235498717865784e-01
4.646520726263494439e-01
4.641721129841061000e-01
4.634571223712047328e-01
4.634588494737437725e-01
4.631777609167886389e-01
4.632098728645288044e-01
4.631971576142575042e-01
4.635175879764008022e-01
4.629316948615886385e-01
4.631727338148105555e-01
4.629675867786923749e-01
4.625902685315112506e-01
4.625490741465357325e-01
4.619642562941306818e-01
4.612795398765236476e-01
4.612895202449421861e-01
4.613879819420075301e-01
4.607305757960867831e-01
4.598084237960037846e-01
4.591978146234176328e-01
4.590673220408178490e-01
4.591666506680991411e-01
4.588487397603058793e-01
4.590228381205923580e-01
4.580106421850200227e-01
4.574145993363242790e-01
4.574863793656889777e-01
4.568887244125731106e-01
4.565855998510631175e-01
4.553324458806760067e-01
4.546962016185143174e-01
4.548316676275630521e-01
4.542203592122360245e-01
4.541224014882484505e-01
4.540413215551389881e-01
4.538344710579254038e-01
4.537831816673308372e-01
4.528930520470850762e-01
4.522804853553201165e-01
4.512612176622419757e-01
4.512420525157202489e-01
4.505262768170107957e-01
4.509235065382230512e-01
4.503793727303335159e-01
4.505171400512730795e-01
4.505807537439450172e-01
4.504968922497131767e-01
4.497592871511471579e-01
4.494153834328004082e-01
4.488359925774556003e-01
4.475808494851388764e-01
4.476981545245395933e-01
4.481720729380170853e-01
4.472996551179413416e-01
4.469515685506338931e-01
4.455357991332140610e-01
4.458878774591826799e-01
4.452884605728132938e-01
4.447281915102710426e-01
4.443603308824108922e-01
4.435418789440178089e-01
4.437885008768566175e-01
4.431280026392538374e-01
4.416579286625862411e-01
4.419457629751544214e-01
4.413651661829205430e-01
4.404896973429248130e-01
4.403010750459320777e-01
4.394159993235014494e-01
4.360246021787980153e-01
4.357830209063726090e-01
4.355791644028056409e-01
4.360356240576924169e-01
4.355474645706870485e-01
4.346376264457053606e-01
4.345825498795810593e-01
4.344580747686365707e-01
4.329396905088594427e-01
4.315727553015455409e-01
4.320841495404813548e-01
4.318941131706150460e-01
4.315203068238847028e-01
4.308976167341652119e-01
4.300733138486637630e-01
4.298863815551361434e-01
4.316967623117290986e-01
4.305678105793507293e-01
4.302138485709503524e-01
4.292136625345829293e-01
4.287255688150186095e-01
4.271227945085914190e-01
4.275200859920075813e-01
4.269862708753350833e-01
4.266145060417493862e-01
4.253365010243567168e-01
4.239566022971897885e-01
4.242308782777419185e-01
4.229643697562960880e-01
4.214241154307178383e-01
4.203260379393591872e-01
4.203216384841242381e-01
4.199833299111150331e-01
4.193398787510361769e-01
4.196527237338508187e-01
4.184369502082755377e-01
4.193303914866651216e-01
4.182033972475175387e-01
4.191725850968445188e-01
4.192888545238664388e-01
4.194077784591643265e-01
4.180298619961763662e-01
4.168381572706004179e-01
4.156235200832645860e-01
4.177908768847704568e-01
4.154528746269209871e-01
4.153159109499327539e-01
4.150293511740937857e-01
4.149530063381648426e-01
4.141930607053717073e-01
4.131966017539931424e-01
4.131394589262307737e-01
4.111378218296536380e-01
4.120308169888764471e-01
4.110866489858130968e-01
4.112442314179721170e-01
4.116677421315589891e-01
4.119219192433466459e-01
4.115314186571756294e-01
4.126690911618910440e-01
4.115091941508945972e-01
4.120431962939141712e-01
4.103011992162394206e-01
4.084078336039245194e-01
4.100935396558873514e-01
4.103448376052236668e-01
4.122618732031052002e-01
4.147515424624135805e-01
4.150862196597636666e-01
4.153056827254537620e-01
4.171428694947192928e-01
4.171086056175483114e-01
4.176638786386948632e-01
4.167308749085176789e-01
4.183448354744684905e-01
4.176898369831371083e-01
4.171194263241432276e-01
4.186221676993044927e-01
4.182190861822694394e-01
4.197084286956876409e-01
4.190678554327947336e-01
4.213253248931776440e-01
4.265625044135538113e-01
4.256667588731511964e-01
4.245139936383573454e-01
4.239949677441982034e-01
4.264682327451346233e-01
4.263437797726580269e-01
4.297972535327990173e-01
4.293367396025419280e-01
4.290009758579541033e-01
4.303019038555305764e-01
4.312070913094715463e-01
4.329226690380727494e-01
4.373127610897763473e-01
4.400487144310902821e-01
4.419799869403329140e-01
4.397992909462686284e-01
4.392684106659452414e-01
4.403306038065499806e-01
4.418839246115444097e-01
4.415067584834742043e-01
4.450308963247016636e-01
4.494092157854946978e-01
4.513238329056634135e-01
4.547929504205730500e-01
4.598922926637895037e-01
4.618635838949060601e-01
4.601635753814329877e-01
4.678434120508848104e-01
4.734196200399602983e-01
4.789142608460621453e-01
4.831987188781867171e-01
4.862722067088468547e-01
4.903635750078130795e-01
4.954544456330814417e-01
5.065475481390799839e-01
5.132292278908424654e-01
5.234278931586989758e-01
5.282490261236322260e-01
5.328608186653657208e-01
5.417205298290038717e-01
5.487519594957332991e-01
5.518937415688927040e-01
5.622796278180981489e-01
5.711270083530451958e-01
5.803997275030354785e-01
5.860195215620119802e-01
5.909952474738204842e-01
6.064224483477363981e-01
6.154129140890522986e-01
6.261173105533270888e-01
6.394098033125633629e-01
6.511379031105493098e-01
6.567579388272665186e-01
6.607579937906122858e-01
6.760422482555842327e-01
6.885158976117015106e-01
7.078379705045628745e-01
7.229404984678284851e-01
7.388551832312398870e-01
7.491184129160178840e-01
7.629923615029312600e-01
7.785846744866344871e-01
7.912639131431092876e-01
8.041902570657635252e-01
8.143953577881855033e-01
8.322756445545138604e-01
8.483836385998277940e-01
8.599624488804272771e-01
8.759382507110667904e-01
8.985830619491296245e-01
9.234512649619043279e-01
9.449327174319051004e-01
9.786921416561622511e-01
1.003907780027786689e+00
1.022897974523959030e+00
1.042684576714167033e+00
1.070886777405837709e+00
1.099090749142948242e+00
1.125343248035827859e+00
1.155705193143169218e+00
1.179337929371804261e+00
1.223553396777531388e+00
1.274272131193016300e+00
1.311999425911523298e+00
1.335924517230544950e+00
1.397907033471792682e+00
1.434166503733586895e+00
1.506668772266441136e+00
1.562914921581071148e+00
1.653107649307081317e+00
1.726022596867296865e+00
1.785171432828410953e+00
