5.917642175052354424e-03
1.936901720302632857e-01
3.849232642515690861e-01
5.812779887746951646e-01
7.781864032763963213e-01
9.699731854762768668e-01
1.167988979935128180e+00
1.365312661920761395e+00
1.560698428981380337e+00
1.758575800945588075e+00
1.956868440393727315e+00
2.155991614809729118e+00
2.350270001913198570e+00
2.545794191468461865e+00
2.737027283689767998e+00
2.938226795525425761e+00
3.133058872607469514e+00
3.324568809818061688e+00
3.522169336792981387e+00
3.721154088714339281e+00
3.917508813237464693e+00
4.108880327953412959e+00
4.309249304821209492e+00
4.504219804397895821e+00
4.704588781265700348e+00
4.900112970820968528e+00
5.109756254829902922e+00
5.317461623913820823e+00
5.548006704613968054e+00
5.783534995121287103e+00
6.016710103219661043e+00
6.224553894798222409e+00
6.440703036055410280e+00
6.661004852151910960e+00
6.895841030186010912e+00
7.129569828262963149e+00
7.364406006297063101e+00
7.599380606825807405e+00
7.832970982408115290e+00
8.060609190720741779e+00
8.294199566303051441e+00
8.532219461713959063e+00
8.774253609469532478e+00
9.005490802642897918e+00
9.243372275559154971e+00
9.478070031098608794e+00
9.714844124057709251e+00
9.952171906995390671e+00
1.018991495741700248e+01
1.042724274035468746e+01
1.066650843821738448e+01
1.089470033650858127e+01
1.113078231699448040e+01
1.136243477765176912e+01
1.159228774587869992e+01
1.183058448627890336e+01
1.205545424469866056e+01
1.228599932539881401e+01
1.251917443349719328e+01
1.274778159927232402e+01
1.297334347016529144e+01
1.318990787890641947e+01
1.340494964020644986e+01
1.363258784851907812e+01
1.385316650960487195e+01
1.407845153550854711e+01
1.431259560106943240e+01
1.455559870628751895e+01
1.479098857430019898e+01
1.502831635723789994e+01
1.525983039540055231e+01
1.548636122375602042e+01
1.570583250488466653e+01
1.593443967065980438e+01
1.616332368142422382e+01
1.639995935188870746e+01
1.662358330785666283e+01
1.685357469857822466e+01
1.707470704964259767e+01
1.731106587511778727e+01
1.754673258811974890e+01
1.777118707905555794e+01
1.799245785261456376e+01
1.819227313950378289e+01
1.841949608033247543e+01
1.863633733406287618e+01
1.884833380048074147e+01
1.907209617894333320e+01
1.930070334471845683e+01
1.951034662872738679e+01
1.974587491923469429e+01
1.998209532221522977e+01
2.020904141805464249e+01
2.043100430408686563e+01
2.065587406250661218e+01
2.086482523404232126e+01
2.107889803787985272e+01
2.129407822167454256e+01
2.152974493467650774e+01
2.176388900023738060e+01
2.198280659138744753e+01
2.221182902464647313e+01
2.244029776792695330e+01
2.265976904905559053e+01
2.285861537848229830e+01
2.308556147432169325e+01
2.331956711738791554e+01
2.352145874169679374e+01
2.373207098316822083e+01
2.393036362261635830e+01
2.414595907389496077e+01
2.435435655545206757e+01
2.458185634127007546e+01
2.480575714222730355e+01
2.503740960288459760e+01
2.526490938870253800e+01
2.548576489477761342e+01
2.570066823358296659e+01
2.592456903454021955e+01
2.612964437622588676e+01
2.636129683688315239e+01
2.656069685628844468e+01
2.675940476322050898e+01
2.697513863699373360e+01
2.719004197579912230e+01
2.741366593176708122e+01
2.763161456545463679e+01
2.785357745148686348e+01
2.808259988474592816e+01
2.829515004114234245e+01
2.852320351693891709e+01
2.874239795307824963e+01
2.897031300638015239e+01
2.918812321757305028e+01
2.942102148068211775e+01
2.965419658878048637e+01
2.987283733494123794e+01
3.007196050935722553e+01
3.027703585104288564e+01
3.049955242705368974e+01
3.073009750775378990e+01
3.095953520849679208e+01
3.116834795753785059e+01
3.136899377939493050e+01
3.159704725519144830e+01
3.182773075838623456e+01
3.205384631925775807e+01
3.227940819015071128e+01
3.248448353183639625e+01
3.267737769399342085e+01
3.287705455838800361e+01
3.307354770540576538e+01
3.328582101681292471e+01
3.348037624890567088e+01
3.367354725605198951e+01
3.389315695967527375e+01
3.411138243835210204e+01
3.430829085285377289e+01
3.453260692129495624e+01
3.476232146702724179e+01
3.498386908557554875e+01
3.519088234218624933e+01
3.538972867161295000e+01
3.557943911639316781e+01
3.577233327855019240e+01
3.595692209102858783e+01
3.617196385232865907e+01
3.637939237642324031e+01
3.660204737492873051e+01
3.682636344336990675e+01
3.703960571223957743e+01
3.725658538846463586e+01
3.749128314400408613e+01
3.771684501489705355e+01
3.792385827150770439e+01
3.814485220007748012e+01
3.834605171191313389e+01
3.852565731458435039e+01
3.872547260147355530e+01
3.893096321064318488e+01
3.915361820914860402e+01
3.938457855733265234e+01
3.960778724581671639e+01
3.983210331425785711e+01
4.004243871074004346e+01
4.023907028025242028e+01
4.043943925712017773e+01
4.061766063484497380e+01
4.082758076384318713e+01
4.102573498079667758e+01
4.123053347749307562e+01
4.143796200158769238e+01
4.162753402387330226e+01
4.182665719828929696e+01
4.200930809584268388e+01
4.223279362931597802e+01
4.245489493784285173e+01
4.266647613677675821e+01
4.287085936598922586e+01
4.305614029094081729e+01
4.326910571482122236e+01
4.345577086471926975e+01
4.364617342197266225e+01
4.384848031376550637e+01
4.401189048456338782e+01
4.418886605983637139e+01
4.435338361059140055e+01
4.457700756655933105e+01
4.480990582966840208e+01
4.503200713819529710e+01
4.525618478414180146e+01
4.546915020802219942e+01
4.568903675663477060e+01
4.589258945087929931e+01
4.611109177454546426e+01
4.629374267209884408e+01
4.648345311687909032e+01
4.670195544054521264e+01
4.692834784640598400e+01
4.714449698766319585e+01
4.736299931132933239e+01
4.758108636751154563e+01
4.779156018648832571e+01
4.799372865578650504e+01
4.817153476602730677e+01
4.838394649992908825e+01
4.859760403628268222e+01
4.879035977594505624e+01
4.899972621496468861e+01
4.922750284577193725e+01
4.943257818745760090e+01
4.963100924940041381e+01
4.981296803448052657e+01
4.997997719013917362e+01
5.016235124270329493e+01
5.035026219505320455e+01
5.053678892245659426e+01
5.073328206947439867e+01
5.093434315881539476e+01
5.113083630583314232e+01
5.134158696979924486e+01
5.155801295604573653e+01
5.178426693941192127e+01
5.199446391339942863e+01
5.219566342523511793e+01
5.239118761479039676e+01
5.256927057002054227e+01
5.274306242791671195e+01
5.290937947110208484e+01
5.311846906513242317e+01
5.332520547675387945e+01
5.354384622291463813e+01
5.375584268933249632e+01
5.395621166620027509e+01
5.414080047867864209e+01
5.435916437985012095e+01
5.455704175181435289e+01
5.476626976833933469e+01
5.499169321673767996e+01
5.518887847622865905e+01
5.541153347473414925e+01
5.559584544222327906e+01
5.577475893242131377e+01
5.596114723733007423e+01
5.615694827187458316e+01
5.634873505407445293e+01
5.653083226164924469e+01
5.669659561485606503e+01
5.689737985920773866e+01
5.712238804012211091e+01
5.732843233927030724e+01
5.754375094555961567e+01
5.776488329662399934e+01
5.798020190291330778e+01
5.819012203191150689e+01
5.836903552210949186e+01
5.855154799716818559e+01
5.874679534173417039e+01
5.893678263150368224e+01
5.913272208854281331e+01
5.932077146338733797e+01
5.948958011147633584e+01
5.967569157139584490e+01
5.986360252374576163e+01
6.005871144581711008e+01
6.025423563537236760e+01
6.046249469443483093e+01
6.064666823942929597e+01
6.084772932877029206e+01
6.106775429987754933e+01
6.126923065670250423e+01
6.147513653335600026e+01
6.169474623697929161e+01
6.190148264860075500e+01
6.209188520585417592e+01
6.230069795489524864e+01
6.250701909903271769e+01
6.270641911843792826e+01
6.291218657259683766e+01
6.310867971961460654e+01
6.328122577505899216e+01
6.348187159691610049e+01
6.368265584126781675e+01
6.390281923486963933e+01
6.408284010502478623e+01
6.427698006963359489e+01
6.446793631686556125e+01
6.468657706302634836e+01
6.489511296707809151e+01
6.511126210833529626e+01
6.532838020705506210e+01
6.552030541174960376e+01
6.572496548595134414e+01
6.591855176058156474e+01
6.611366068265282081e+01
6.630973856218672324e+01
6.650249430184912569e+01
6.671753606314918272e+01
6.693852999171885187e+01
6.715689389289032363e+01
6.736944404928678409e+01
6.756219978894922917e+01
6.775149496624553080e+01
6.795103340814544879e+01
6.815583190484184684e+01
6.835024871443994243e+01
6.853331487947725975e+01
6.872953118150576302e+01
6.891107469910198802e+01
6.908846554185888067e+01
6.929492510849100029e+01
6.946677905146214016e+01
6.964832256905835095e+01
6.986004219048696484e+01
7.005791956245120389e+01
7.024970634465108787e+01
7.043941678943129148e+01
7.064712215851515964e+01
7.085275119017941847e+01
7.104010845255066897e+01
7.125002858154888941e+01
7.146866932770964809e+01
7.165865661747909598e+01
7.185944086183084778e+01
7.205468820639680416e+01
7.226073250554503602e+01
7.245321140021825101e+01
7.264361395747170036e+01
7.285339566397516364e+01
7.306649951035016954e+01
7.327614279435900357e+01
7.345256467965353409e+01
7.364559726430528031e+01
7.383946038392470257e+01
7.401975809906920745e+01
7.424047518264957546e+01
7.441994236282626218e+01
7.460203957040111789e+01
7.479922482989213961e+01
7.501482028117065681e+01
7.519470272883125972e+01
7.540130071795790911e+01
7.559765544248112690e+01
7.580868295143658031e+01
7.601431198310073967e+01
7.621675729738818461e+01
7.641062041700763530e+01
7.661209677383249073e+01
7.680554462596822418e+01
7.701006627767543478e+01
7.721112736701638823e+01
7.742090907351995099e+01
7.762197016286098972e+01
7.782164702725550853e+01
7.802381549655376602e+01
7.820798904154830211e+01
7.841431018568569300e+01
7.861038806521952438e+01
7.881587867438909711e+01
7.900406647172815155e+01
7.919959066128348013e+01
7.938667107866550054e+01
7.959243853282444547e+01
7.979280750969212477e+01
8.000148183623868192e+01
8.019437599839567099e+01
8.039446813027429073e+01
8.058653175746353270e+01
8.079991244882783974e+01
8.099266818849011429e+01
8.118044071834538045e+01
8.137416541547028714e+01
8.157591861728450056e+01
8.175829266984864319e+01
8.195243263445750870e+01
8.214671102156086135e+01
8.234112783115892853e+01
8.255464694501793588e+01
8.275806121676782823e+01
8.295441594129111706e+01
8.315146277828753796e+01
8.335169333266074432e+01
8.355912185675519765e+01
8.377970051784097905e+01
8.396705778021222955e+01
8.416355092722990605e+01
8.436834942392637515e+01
8.456525783842809574e+01
8.476521154781198675e+01
8.496378103224934364e+01
8.516003185937243813e+01
