4.046488289652559744e-02
2.811065603368441412e-02
2.042011578382701628e-02
1.485680637765701695e-02
1.088039046957707534e-02
7.973059673549299023e-03
5.902466335564418576e-03
4.542628560644941006e-03
3.608814215606165419e-03
3.031131903797828087e-03
2.709566199296911931e-03
2.499713571255231248e-03
2.381810589671037523e-03
2.273798726830904976e-03
2.198552122775808068e-03
2.139503266322966783e-03
2.094084979827924922e-03
2.058702378296600570e-03
2.032683919922762070e-03
2.007102864996078428e-03
1.986165748547343707e-03
1.966798613184647659e-03
1.953061770575376371e-03
1.940532871689809114e-03
1.927021167827976675e-03
1.913608320650307757e-03
1.908111467995948947e-03
1.903631504890301905e-03
1.903131178868304896e-03
1.903046356949282883e-03
1.902563090118461865e-03
1.899936765089434805e-03
1.896162628976632777e-03
1.895032800483014129e-03
1.894873626899190155e-03
1.894764166704076928e-03
1.894723918863777451e-03
1.894689997498595841e-03
1.894470685489844887e-03
1.894272608577647057e-03
1.894121575711858090e-03
1.893900476378240251e-03
1.893797487029556022e-03
1.893725143936408981e-03
1.893558753646852220e-03
1.893477895356508300e-03
1.893247636156217576e-03
1.893075544554984144e-03
1.892985589880416021e-03
1.892900799923757970e-03
1.892899499440526233e-03
1.892750625503450369e-03
1.892661269970415290e-03
1.892594856446257927e-03
1.892405027250498081e-03
1.892288653123284838e-03
1.891830515484498564e-03
1.891765727338614580e-03
1.891610181906865605e-03
1.891377544827236136e-03
1.891317672467312085e-03
1.889965933900562747e-03
1.888939483557895618e-03
1.888753540090086329e-03
1.888374321540576021e-03
1.888194411677764301e-03
1.888097773454213042e-03
1.887904733058007453e-03
1.887649334046923944e-03
1.887370829477285012e-03
1.887321366741181658e-03
1.887193614671295316e-03
1.887097484895107263e-03
1.886945870006771818e-03
1.886652689847490060e-03
1.886404814744039975e-03
1.885804107696708361e-03
1.885608980824064968e-03
1.885358968692626503e-03
1.885214551184793410e-03
1.884858534588580541e-03
1.884623780987065367e-03
1.884367672277926760e-03
1.884063389650370186e-03
1.883962114344355692e-03
1.883528517610147217e-03
1.883136086903037382e-03
1.882974221368485758e-03
1.882750916386837165e-03
1.882333109324765743e-03
1.882203260105459134e-03
1.882143231448411402e-03
1.881920341385304608e-03
1.881742629032843441e-03
1.881551849983416737e-03
1.881168530829500918e-03
1.880800523137683309e-03
1.880582917476221949e-03
1.880298747534288025e-03
1.879920098008703569e-03
1.879574656160214446e-03
1.879318191019207877e-03
1.878754341797591156e-03
1.878338760171638974e-03
1.876300196892032209e-03
1.875993124098248015e-03
1.875746388782397302e-03
1.875023994894475582e-03
1.874236935607978072e-03
1.873630820536228850e-03
1.873040118474099966e-03
1.872392692104178505e-03
1.872195166271440735e-03
1.871726737715623170e-03
1.871505189114717896e-03
1.871277652303140939e-03
1.871117105493494632e-03
1.870689469539751730e-03
1.870236319526206005e-03
1.870058550161310135e-03
1.869796834575248061e-03
1.868687739071194388e-03
1.867724696572512638e-03
1.867469912126841361e-03
1.866868651758318582e-03
1.866700564394847914e-03
1.866024374167616576e-03
1.865412774231987652e-03
1.864857488161397736e-03
1.864398164342982549e-03
1.864155354814227847e-03
1.863530045424231178e-03
1.862473657490017849e-03
1.861808276439428159e-03
1.861679346384886684e-03
1.860604094083398918e-03
1.859983433697615313e-03
1.858307532957838683e-03
1.857673915719773236e-03
1.857328028445057828e-03
1.856076130911225560e-03
1.855721285958594757e-03
1.855221534955652039e-03
1.854513991085413298e-03
1.853866717433166932e-03
1.852994538169686501e-03
1.852672427466143948e-03
1.852188235058502882e-03
1.850844916733001503e-03
1.849297053286470685e-03
1.848810690721814374e-03
1.843748316493006153e-03
1.841867130468961443e-03
1.841009752174004510e-03
1.840344650403390701e-03
1.840042149100909420e-03
1.838901593582540316e-03
1.836655321476817143e-03
1.835842969556888840e-03
1.835213308726844255e-03
1.834744737286054823e-03
1.834548568476938564e-03
1.833498062663311851e-03
1.832604065011822795e-03
1.831374651570613849e-03
1.830098157210334649e-03
1.829840715734771476e-03
1.828550960735152425e-03
1.828591799291090199e-03
1.827776367546481021e-03
1.826529735039478632e-03
1.824963500028220628e-03
1.824302432169396708e-03
1.823874575850942736e-03
1.823550772215683929e-03
1.823310986421181577e-03
1.822716010353255629e-03
1.821924025611024092e-03
1.820509301104875511e-03
1.819843515571822022e-03
1.819386698855285367e-03
1.818182754171046144e-03
1.816234982221289233e-03
1.815270354274754186e-03
1.814126265947471183e-03
1.808938911871828216e-03
1.805799009736591167e-03
1.803747635249900935e-03
1.802982717343649824e-03
1.802365169498828168e-03
1.801676786794089401e-03
1.799255083035066925e-03
1.795870059537023073e-03
1.794331447633580948e-03
1.793340864181337205e-03
1.792573087186490879e-03
1.791391657273041799e-03
1.790255734999010150e-03
1.787832766184051583e-03
1.787015285290120175e-03
1.785899397777889050e-03
1.784748141714484829e-03
1.781883914022358833e-03
1.781357775457926727e-03
1.779524055503429536e-03
1.775542264902922260e-03
1.772346185343825521e-03
1.770440004579884293e-03
1.769971191345084049e-03
1.769067533094492630e-03
1.767500281980513782e-03
1.763470768571055378e-03
1.762614879862234741e-03
1.761404582343868274e-03
1.760674922278652587e-03
1.757537504777329732e-03
1.755245893151604437e-03
1.753380253156307028e-03
1.750695330651952245e-03
1.748404361710708321e-03
1.748630445789094807e-03
1.746707604712783440e-03
1.744286671757169912e-03
1.741366291389775641e-03
1.739869987688458805e-03
1.738020749039841497e-03
1.738002787122320657e-03
1.734097325866365341e-03
1.733801782542410087e-03
1.733338442853219006e-03
1.725430707123892663e-03
1.723480842526998796e-03
1.718623311796487569e-03
1.716423520154232527e-03
1.711902831579095252e-03
1.710840666958749227e-03
1.707127734539634970e-03
1.692060635405226920e-03
1.689549625794719255e-03
1.683747882335711200e-03
1.682464252498915491e-03
1.680449709631274841e-03
1.677740014139751483e-03
1.675028641337211049e-03
1.672655659930928152e-03
1.670178806233559975e-03
1.665728039895214519e-03
1.662745330118482225e-03
1.660912262734301611e-03
1.659674450632808284e-03
1.658843305427785400e-03
1.657644013719098558e-03
1.657685072156055107e-03
1.655647910545370548e-03
1.646356580026274701e-03
1.646145618802495906e-03
1.643728524549155530e-03
1.640543069541152517e-03
1.639573675446539701e-03
1.629973327347121904e-03
1.628713058805231900e-03
1.617949805638064977e-03
1.615048297016976556e-03
1.611423349353208103e-03
1.607318234297502998e-03
1.603004442863523301e-03
1.594547444841978769e-03
1.591814105353361658e-03
1.591998423910998819e-03
1.588319875930051944e-03
1.588140853023956630e-03
1.588155352426489633e-03
1.586957490497482859e-03
1.586518947388013828e-03
1.581768105387190183e-03
1.580492457178438734e-03
1.581646642149470020e-03
1.580498893154088074e-03
1.573408642673162832e-03
1.568076889377711947e-03
1.560865853137806099e-03
1.559084461464185518e-03
1.549774013768884543e-03
1.543989170726285491e-03
1.541602433627615575e-03
1.538702588725413120e-03
1.530244346435788091e-03
1.524603173802163225e-03
1.522828271448943994e-03
1.519512819495958279e-03
1.510276752792691314e-03
1.507420824074150482e-03
1.507957557388981632e-03
1.504856637443413971e-03
1.500227313531871283e-03
1.500891029347670635e-03
1.507001204181596327e-03
1.505659054038578854e-03
1.505577128836043527e-03
1.498967401810283751e-03
1.492384838151155062e-03
1.495190668657980955e-03
1.492496700845207880e-03
1.494126505668036658e-03
1.492511390728525674e-03
1.493330175500399981e-03
1.492080754372413507e-03
1.496680737973027971e-03
1.496480299475027578e-03
1.497986120429933149e-03
1.497276833967407361e-03
1.501011373353427830e-03
1.502203078427411182e-03
1.497891152245989579e-03
1.492086906706044771e-03
1.486585763210950938e-03
1.484940194605196238e-03
1.480254272949915349e-03
1.489748636899876095e-03
1.499015321140958904e-03
1.496568467313808080e-03
1.495114935987797329e-03
1.487568662545088547e-03
1.492860755406524593e-03
1.494191568135242593e-03
1.506035552413427037e-03
1.507835001780253367e-03
1.504849571119772078e-03
1.508231576303538162e-03
1.505322463711649718e-03
1.508327744666048938e-03
1.523200983504041607e-03
1.528295114744916304e-03
1.537100439217953468e-03
1.531563526800604983e-03
1.546942513349375097e-03
1.542243584380539184e-03
1.545138690798861410e-03
1.546529824976246434e-03
1.558381686759837109e-03
1.575974539153939110e-03
1.584553802560950469e-03
1.595015722674865237e-03
1.612819411651838413e-03
1.598399199949106448e-03
1.608652899697491766e-03
1.646170427396574047e-03
1.683525926072398623e-03
1.703266624526755769e-03
1.733030691089640580e-03
1.746382442852443401e-03
1.779138860672105620e-03
1.793468574013030135e-03
1.835716855745649079e-03
1.866932946871615153e-03
1.912902542983003357e-03
1.934686983855804466e-03
1.953582902552703730e-03
2.001394428103506727e-03
2.032005246695452617e-03
2.069666275481489570e-03
2.154052894315053486e-03
2.210082918312109446e-03
2.257152617886946586e-03
2.324961424404433426e-03
2.352608549758773183e-03
2.449901230419894091e-03
2.526338274291273223e-03
2.604116975776271485e-03
2.675885058794421397e-03
2.759579114066958855e-03
2.811450550710268680e-03
2.863728205557546959e-03
2.947137070795159512e-03
3.090592599637036284e-03
3.279921779750880062e-03
3.391454367320663812e-03
3.522573959184426961e-03
3.618134963296098117e-03
3.761027999501075341e-03
3.946122210381900960e-03
4.073323268041194496e-03
4.166319611399725044e-03
4.287455914131697333e-03
4.466010354049702175e-03
4.673382093813933415e-03
4.799276837876685457e-03
5.026473005872605405e-03
5.318417256471165248e-03
5.702344092515444773e-03
5.936025906388113157e-03
6.331462696691262347e-03
6.723270190874410836e-03
7.066660667590029914e-03
7.297359880382646782e-03
7.702882475786793949e-03
8.126293796583222706e-03
8.535342717931358042e-03
9.104457934950210829e-03
9.502427819187260483e-03
1.030362167708022414e-02
1.121142562752798326e-02
1.185468669817285950e-02
1.234234239549452695e-02
1.357597949911281895e-02
1.434750119727388508e-02
1.600404708547752824e-02
1.720851429107288916e-02
1.922230527407301631e-02
2.087543396814332125e-02
2.221134464137870454e-02
