1.948853581410469937e+00
1.575054231182150932e+00
1.220414847580029383e+00
8.967133428698630393e-01
6.353927055853799688e-01
4.445754300452953722e-01
3.452748283588235045e-01
3.136610834996162445e-01
3.023923735792295453e-01
2.996969061015705704e-01
2.994339932529213044e-01
2.994241310412777968e-01
2.994289773102233876e-01
2.994337043057411774e-01
2.994373297389282818e-01
2.994314691116126692e-01
2.994212686368460941e-01
2.993565332574925075e-01
2.993506505951624708e-01
2.993657931239254166e-01
2.993581817022302749e-01
2.993482731316934875e-01
2.993439272670962437e-01
2.991699039029417917e-01
2.991723991376958880e-01
2.991516006133594363e-01
2.991382826913249748e-01
2.991402553051116797e-01
2.991326740857838673e-01
2.991397938838402659e-01
2.991173437045874794e-01
2.990894969987433205e-01
2.991008013822798461e-01
2.990891458835563399e-01
2.990794064150325560e-01
2.990853984805626475e-01
2.990589776193651184e-01
2.990450106635646477e-01
2.990337285948338475e-01
2.990251420272286853e-01
2.990514062288736064e-01
2.990519887436787205e-01
2.990506048467383438e-01
2.990318525563897545e-01
2.990189037780153769e-01
2.990205357812398823e-01
2.990049458830275064e-01
2.989635125046082309e-01
2.989710989313273948e-01
2.989357562925672451e-01
2.989610793421439427e-01
2.989588820859516161e-01
2.989378671241169627e-01
2.989681923632698246e-01
2.989509491124270335e-01
2.989200995582938503e-01
2.989696692617564988e-01
2.989816706608905972e-01
2.989453683896680647e-01
2.989496865786899771e-01
2.989769420174236414e-01
2.989184572635261716e-01
2.989090250355292966e-01
2.989408181273740528e-01
2.988861227873490511e-01
2.989037981027904411e-01
2.989093542141136872e-01
2.989118760546087827e-01
2.988876652228150688e-01
2.988807929969136690e-01
2.988930624986074758e-01
2.988665939463531207e-01
2.988675986799048112e-01
2.988826890397464076e-01
2.988532242545107187e-01
2.988578334791928692e-01
2.988390628844405650e-01
2.988451252256387192e-01
2.987990623451569627e-01
2.987839476433832853e-01
2.987329963134619515e-01
2.986634838214473620e-01
2.987029903225066341e-01
2.986928149615506456e-01
2.987014780680679604e-01
2.986797460513288538e-01
2.986048797389538323e-01
2.986086843715312633e-01
2.986000308692421390e-01
2.985816082751907574e-01
2.985169321131093678e-01
2.985332270736034688e-01
2.985868070180484612e-01
2.985367743823025832e-01
2.985092083002201524e-01
2.985055370050326840e-01
2.985276128181611477e-01
2.984718753208528419e-01
2.984584890822579717e-01
2.984730626971865419e-01
2.984557975866676816e-01
2.984534046186362310e-01
2.984365825029856589e-01
2.984724005907269939e-01
2.984216330796388150e-01
2.984607629486806246e-01
2.984886201455081434e-01
2.984376765272164778e-01
2.983690847533727597e-01
2.983288458668907905e-01
2.982706421557359544e-01
2.981880865835482286e-01
2.981793707258455495e-01
2.981809512264976814e-01
2.981636329491429982e-01
2.981674462281517224e-01
2.980693407840331322e-01
2.979941558217778508e-01
2.979596752095735601e-01
2.979653619895575867e-01
2.979841378683354969e-01
2.979301189993880383e-01
2.979322746671628219e-01
2.979332948420728155e-01
2.979561684548337475e-01
2.979596008543055619e-01
2.979524023590180426e-01
2.978479729202097026e-01
2.977353880172698974e-01
2.977258687048646157e-01
2.976851762041169414e-01
2.976798304308186927e-01
2.975820038319506033e-01
2.975840144157829159e-01
2.975919661424140661e-01
2.975663465587147227e-01
2.975464934664447947e-01
2.975291785645070020e-01
2.974633613670371601e-01
2.974382213196898328e-01
2.974193960072828435e-01
2.974757161317678755e-01
2.974155742812905068e-01
2.973904715170044843e-01
2.973835268188224079e-01
2.973440500794097274e-01
2.972905283862561365e-01
2.973400550549175070e-01
2.972648743128887827e-01
2.971500339306630822e-01
2.971242668116767516e-01
2.971216914388149499e-01
2.971280065791824798e-01
2.970523566434247753e-01
2.969419025741309448e-01
2.969186156782774311e-01
2.967541770058876871e-01
2.968173948059407707e-01
2.967558261001697062e-01
2.966866840015361939e-01
2.966436947750649145e-01
2.965125698183739833e-01
2.965999661466243165e-01
2.964301012013016989e-01
2.965306637102120835e-01
2.964255344169912099e-01
2.963890909751770164e-01
2.964448783061743309e-01
2.963853852202306682e-01
2.961872341633188244e-01
2.960871382440792843e-01
2.960636504164331773e-01
2.960659413902922976e-01
2.961022677632150768e-01
2.959380156716203136e-01
2.958616503152896593e-01
2.957357779737534442e-01
2.956168715236443534e-01
2.955867781748355294e-01
2.955076984791530359e-01
2.955241209151716619e-01
2.954566059310250181e-01
2.953256652390238157e-01
2.952758445589822034e-01
2.953460334499589668e-01
2.952518534643465142e-01
2.951732866054112003e-01
2.950975969935719645e-01
2.951125669144996078e-01
2.950411335630809817e-01
2.949606444693050888e-01
2.949149326816731254e-01
2.947545046310258710e-01
2.947152879111953894e-01
2.946664017291174553e-01
2.945594338074179475e-01
2.946044059742034538e-01
2.944996260502175112e-01
2.942313054027913544e-01
2.943526331969022469e-01
2.943179062484223563e-01
2.943363638194212983e-01
2.941674642053054289e-01
2.940770072160138193e-01
2.941523066045136914e-01
2.939718850436880970e-01
2.938806063731899676e-01
2.936799457365903976e-01
2.936545303373319649e-01
2.935781864540621955e-01
2.934397762176289004e-01
2.931765422046815894e-01
2.932346832419896465e-01
2.931418986026387841e-01
2.930620770959176946e-01
2.929058178876697283e-01
2.927706920130103141e-01
2.927570223639712754e-01
2.925014497246299916e-01
2.922899423297587451e-01
2.921838348657730400e-01
2.920128026625539719e-01
2.920723625096293685e-01
2.919982187398926787e-01
2.918598199667361559e-01
2.915750501503656111e-01
2.915388571962460595e-01
2.915113016161334780e-01
2.915523776471743989e-01
2.912964765167995740e-01
2.911758384168839919e-01
2.910945246314859958e-01
2.910081632934381490e-01
2.908865489942197291e-01
2.907555384995536008e-01
2.906785905208113530e-01
2.905834901338621434e-01
2.904713887818946016e-01
2.904641272340226510e-01
2.903649172484549790e-01
2.901494406623171818e-01
2.901141219124873105e-01
2.899333810257271882e-01
2.898479371540254035e-01
2.897993220047010987e-01
2.898094381596535429e-01
2.894909894231758596e-01
2.893548660047483012e-01
2.892260740140631392e-01
2.890302087706416723e-01
2.889443675701156566e-01
2.888279134667475212e-01
2.885916779250443653e-01
2.884872504881735855e-01
2.883466551349138651e-01
2.882780684721242825e-01
2.882691793028280269e-01
2.881489359380061677e-01
2.880397269348714540e-01
2.878078915049114284e-01
2.875342816607914798e-01
2.873273824130486154e-01
2.871899101312506697e-01
2.866914939907698190e-01
2.867545598110065597e-01
2.866077103915769531e-01
2.865621560551157576e-01
2.863735610914057705e-01
2.861602993685900542e-01
2.861422663659404786e-01
2.859227827384406839e-01
2.856513657045047783e-01
2.853768593327102310e-01
2.850170885456696501e-01
2.848822282224390823e-01
2.849432846692807053e-01
2.846777880172984831e-01
2.843781689935499513e-01
2.840309986793959074e-01
2.840775292188177370e-01
2.838317034774223702e-01
2.835802258216971183e-01
2.832709397952349883e-01
2.831866049710485278e-01
2.830710690341320390e-01
2.829014846848933451e-01
2.828308181485861827e-01
2.828113363087658150e-01
2.824371898747444765e-01
2.820950445585750366e-01
2.820542418720374811e-01
2.818318306090407122e-01
2.817775962884806473e-01
2.816402706885173246e-01
2.812035414841960734e-01
2.810087333879984217e-01
2.806368966396057818e-01
2.806496073160534288e-01
2.801861915169848727e-01
2.800267722551347260e-01
2.799650958217503871e-01
2.798788317953275762e-01
2.794247579589334562e-01
2.792824315807443947e-01
2.791251235716835088e-01
2.789132906616856311e-01
2.787072569820147616e-01
2.786989463587991045e-01
2.784210022788529137e-01
2.780485968125729901e-01
2.778588934815148792e-01
2.774435295641003441e-01
2.774258451310579465e-01
2.772119012865317811e-01
2.768913255714494648e-01
2.767923580834846242e-01
2.770294581829039759e-01
2.767183973975551048e-01
2.761239041914281822e-01
2.760671806471243217e-01
2.756462696781752375e-01
2.757168382800325168e-01
2.750922516936377127e-01
2.751227276852375447e-01
2.746025588121650540e-01
2.743290551675387490e-01
2.740230664199546085e-01
2.736546662604591451e-01
2.733320258461542918e-01
2.730523838241053491e-01
2.727861920953954522e-01
2.723347200735344309e-01
2.718113326284662401e-01
2.713914834553752820e-01
2.711126707687640525e-01
2.709054407795923325e-01
2.705937248515974392e-01
2.703329703861584443e-01
2.699065086550039294e-01
2.691333492355584278e-01
2.694302927987565766e-01
2.689833979810789533e-01
2.686864861244674385e-01
2.686274303424789900e-01
2.686245098347298521e-01
2.682992949498179125e-01
2.679080445461095028e-01
2.676993891189223262e-01
2.672931090599462989e-01
2.669153730788560441e-01
2.663756760108739186e-01
2.656900409545613351e-01
2.654220694904952937e-01
2.654142034211486867e-01
2.649314858485750102e-01
2.644622515910355909e-01
2.638239188410553826e-01
2.637364768576603291e-01
2.631722136048679772e-01
2.624557446945388062e-01
2.615070827425082789e-01
2.616657261519943489e-01
2.610796879894193845e-01
2.608066448777576762e-01
2.602796332307730776e-01
2.602224227361765174e-01
2.598964682289907069e-01
2.593686751253998501e-01
2.583936344821747833e-01
2.574288414790328328e-01
2.572080351143336552e-01
2.569550839313740065e-01
2.563745498371687859e-01
2.553222878331562473e-01
2.548141997830340455e-01
2.542656168355917345e-01
2.532709776974562121e-01
2.524565078870925072e-01
2.522920140737732742e-01
2.516976417485173867e-01
2.509198382137911021e-01
2.501165504490053815e-01
2.493911107792730342e-01
2.489294085138885615e-01
2.487959320334553193e-01
2.478697458482598814e-01
2.478900777129658950e-01
2.477288607192890679e-01
2.473832811073861659e-01
2.476580565785903298e-01
2.475471103634689085e-01
2.462577175871790702e-01
2.454465435377617133e-01
2.445679949217602067e-01
2.438276853977843217e-01
2.432742789967487773e-01
2.436619557343663589e-01
2.431382641946165934e-01
2.425744727567906989e-01
2.415971818737220889e-01
2.413660369230245517e-01
2.399179338589995658e-01
2.389659384178440815e-01
2.382789505511134498e-01
2.384108954535948122e-01
2.378997458401737319e-01
2.377543376800231589e-01
2.388286092054548726e-01
2.381766909735344717e-01
2.380387050338236832e-01
2.382614067119017132e-01
2.376786842921086162e-01
2.372995092405086603e-01
2.374466526507960085e-01
2.368753096468223240e-01
2.366013312197627338e-01
2.362926047515875594e-01
2.361154796558368463e-01
2.352894739971694016e-01
2.352234369740785203e-01
2.339578672646027147e-01
2.337044715690813068e-01
2.340488920280987262e-01
2.333203541525329383e-01
2.330286764749022188e-01
2.326117139857252769e-01
2.327140880017369851e-01
2.336652244565325942e-01
2.333367475768557409e-01
2.323329133836499749e-01
2.325460829291329801e-01
2.335492223164560011e-01
2.339007795131146095e-01
2.328645114645449543e-01
2.345008434300539513e-01
2.337893007575364002e-01
2.325311727866048173e-01
2.347674951711360702e-01
2.352595951944203567e-01
2.369720035839880945e-01
2.364666346125173235e-01
2.356191807634389068e-01
2.376243471916457961e-01
2.385499622098243011e-01
2.388209280547436142e-01
2.378830999121089307e-01
2.381703494531152709e-01
2.412344487822094818e-01
2.436776488077561365e-01
2.440075586547591213e-01
2.451523092680957527e-01
2.472208736629638304e-01
2.517254135128612624e-01
2.539656420899134015e-01
2.549323843741537754e-01
2.581600583270542981e-01
2.595235506815539717e-01
2.604112167956864621e-01
2.634164798763439230e-01
2.640528227443110221e-01
2.653396126476865180e-01
2.695608523220623387e-01
2.722581950699533571e-01
2.785585991194630684e-01
2.849868505676146357e-01
2.919195554341410537e-01
2.956665120336186003e-01
3.021967457815458724e-01
3.081305644581561198e-01
3.138200926394302814e-01
3.197609426162697499e-01
3.239993744974916101e-01
3.285896483288980319e-01
3.313537160832881190e-01
3.419665038950808200e-01
3.499396088603364818e-01
3.584094394115564519e-01
3.643931375784520976e-01
3.729809242839580707e-01
3.843594409439274329e-01
3.913219510128537748e-01
4.008956697523997637e-01
4.100126238822683344e-01
4.188759151534217073e-01
4.330756787446851663e-01
4.496691187453081273e-01
4.655773336325803591e-01
4.791598416365648316e-01
5.001227057438932810e-01
5.275316191765613283e-01
5.420115842764156033e-01
5.615398261687284398e-01
5.912731934066494111e-01
6.215419679739060399e-01
6.605822703795778406e-01
6.940034095967917427e-01
7.534209972903285202e-01
8.273223856329920967e-01
