1.509766555996642882e-03
1.576269286908242029e-01
3.195587621523120481e-01
4.835805064674393861e-01
6.463887541578731133e-01
8.096015007232056915e-01
9.747356169443036622e-01
1.137173073999414141e+00
1.303588103324354819e+00
1.469059301941198381e+00
1.650525060236306629e+00
1.850901140932900812e+00
2.051546887546097153e+00
2.251366782289708990e+00
2.450563074601187274e+00
2.648360474970314460e+00
2.846023042381137902e+00
3.036185526486559816e+00
3.235870588271874126e+00
3.437055666718267677e+00
3.642487983351089476e+00
3.847414676390289223e+00
4.047369404092200362e+00
4.243093747727468390e+00
4.441160814013183966e+00
4.636851449408861292e+00
4.832896021320078894e+00
5.028738343793849985e+00
5.232788622604086726e+00
5.435052364716867146e+00
5.637383523308787225e+00
5.833697761136604321e+00
6.032101909818051944e+00
6.231635284525276930e+00
6.431168659232488594e+00
6.629909890309693132e+00
6.829561243855422958e+00
7.027813705458794580e+00
7.222830176062971397e+00
7.417374731313116420e+00
7.612761992552623980e+00
7.816239231290099454e+00
8.015064732966237671e+00
8.212390217981306861e+00
8.410153910110846454e+00
8.607260291568671562e+00
8.805344211974164281e+00
8.998928082396419725e+00
9.192410828099946585e+00
9.391202621536514528e+00
9.590432622087549319e+00
9.787437878826638737e+00
9.978375652442244004e+00
1.016983590377128621e+01
1.036780184533825810e+01
1.056693072117056076e+01
1.077030683518930587e+01
1.096490195279880098e+01
1.115801390786699621e+01
1.135036742754477501e+01
1.154882213858558693e+01
1.174646785187659503e+01
1.194468660524038306e+01
1.214037724063603640e+01
1.233822520336450346e+01
1.252668542137137386e+01
1.271924119048659207e+01
1.291174639724244777e+01
1.310204371430616810e+01
1.329158259597942759e+01
1.348343049206357946e+01
1.367832898382924256e+01
1.387157577185573665e+01
1.406040678049793513e+01
1.426144017186621404e+01
1.445411391981993887e+01
1.465002365877286294e+01
1.484032097583656906e+01
1.502928681743705575e+01
1.521756164012625057e+01
1.540536454746141537e+01
1.557900999417514498e+01
1.576979608071268224e+01
1.595984058597957578e+01
1.614642999669005263e+01
1.634284535923659121e+01
1.653497977535711172e+01
1.672595125721232634e+01
1.691869242164519704e+01
1.710415260632990098e+01
1.729723085315853481e+01
1.748656748539434602e+01
1.767074675697521968e+01
1.785844853959165590e+01
1.804485255498449092e+01
1.823821732184957867e+01
1.842320559118029166e+01
1.861055343728126843e+01
1.879721026447096577e+01
1.899217617271585468e+01
1.918217011562341412e+01
1.936431003871008372e+01
1.954901178800445649e+01
1.973780908840713977e+01
1.992134790343613560e+01
2.010495413494430750e+01
2.029574022148192824e+01
2.048738586812871887e+01
2.068113827974887542e+01
2.087108166029713630e+01
2.104693499670304391e+01
2.122034448573981891e+01
2.140423723728437366e+01
2.159045585735959349e+01
2.177571379260692197e+01
2.196825270760244209e+01
2.215581965726063629e+01
2.234320121160114070e+01
2.252861083392654251e+01
2.270911590739380159e+01
2.289423900968285253e+01
2.308190708405980729e+01
2.327887863255935486e+01
2.346678266461331219e+01
2.365177093394406427e+01
2.384098958734142570e+01
2.402783180984879152e+01
2.421386503460633577e+01
2.440299941740477863e+01
2.458695958542846682e+01
2.478131874536100909e+01
2.495616083457971257e+01
2.512827255639284374e+01
2.531363161635887593e+01
2.547175441874847124e+01
2.563988856829176299e+01
2.583389379170875699e+01
2.602771361980810738e+01
2.620887600394708983e+01
2.639674632776146979e+01
2.658449867273735734e+01
2.676522284976186228e+01
2.692917717759790364e+01
2.710904179451324936e+01
2.728988395037627157e+01
2.747055756504138557e+01
2.764239962093790837e+01
2.782787665974247560e+01
2.800182548061246024e+01
2.816593149552656072e+01
2.835240292739858603e+01
2.853233496079308651e+01
2.872355925444516700e+01
2.890971045804122497e+01
2.909565941219983287e+01
2.926972621190829926e+01
2.944173680900271250e+01
2.961169120348306905e+01
2.978258942867149628e+01
2.994027402394659276e+01
3.007102573580137772e+01
3.021352476914801244e+01
3.039844562199959555e+01
3.058963620741210221e+01
3.077828182073670504e+01
3.094415751822850069e+01
3.113295481863120528e+01
3.132689262556904453e+01
3.150040323932452679e+01
3.166204855274966690e+01
3.182601973470549339e+01
3.199408646776965170e+01
3.213584391984564093e+01
3.231830407120827431e+01
3.249924735179001090e+01
3.266315111726665776e+01
3.281370641987168568e+01
3.298330687783649040e+01
3.314001393416390329e+01
3.330329409720842193e+01
3.345042801349661943e+01
3.362958475738091835e+01
3.381791014242958227e+01
3.399118479850807262e+01
3.416796511150231197e+01
3.435089717821897892e+01
3.454507094283385982e+01
3.473663231888171055e+01
3.492033967510854353e+01
3.509144014973448833e+01
3.526265860319889356e+01
3.543372536958523256e+01
3.557988174692573580e+01
3.572565047951112405e+01
3.589729028597022875e+01
3.606781772052327995e+01
3.624009798353427669e+01
3.641015350273328721e+01
3.655866945684397251e+01
3.672115747625839788e+01
3.690990421430169732e+01
3.707035288522180139e+01
3.722847568761132209e+01
3.736767131347969695e+01
3.754566512309843063e+01
3.770139464047816347e+01
3.786074779361209863e+01
3.803371907553434994e+01
3.820665664921702387e+01
3.838780217923611815e+01
3.854961603385908830e+01
3.873976166384472464e+01
3.889463162111526628e+01
3.904660266978238781e+01
3.923295612281580702e+01
3.940496671991013500e+01
3.956748844756416617e+01
3.975434752419122475e+01
3.992386371155710378e+01
4.010696431947152263e+01
4.026186798498179797e+01
4.042203013586554761e+01
4.059543962490222668e+01
4.078167509909712862e+01
4.095781495553941909e+01
4.114221333067756348e+01
4.131948241314562154e+01
4.147858275448280807e+01
4.163839096885104851e+01
4.181764883745398009e+01
4.199292913378706515e+01
4.218079945760145932e+01
4.236226521589651384e+01
4.250747776252885757e+01
4.265316222451532013e+01
4.281268391884714219e+01
4.297207078022069737e+01
4.315640173887970121e+01
4.331440656243065490e+01
4.346472590735855590e+01
4.362397793577382998e+01
4.378205017580410896e+01
4.394740339558238418e+01
4.413861083511456940e+01
4.432604295181445764e+01
4.448768826523961195e+01
4.463295137423128978e+01
4.480452376421117577e+01
4.499096148784366278e+01
4.516457322631779903e+01
4.533695461404742133e+01
4.548890880859474350e+01
4.564339112111026964e+01
4.578784523235212589e+01
4.594283316846130560e+01
4.611888875430447143e+01
4.627856213571444499e+01
4.642787023345515962e+01
4.659514482288926018e+01
4.673717194088188620e+01
4.689992962621301587e+01
4.705173213368217233e+01
4.721821457948628620e+01
4.737724750434428245e+01
4.754484232205433614e+01
4.772297096463157118e+01
4.789794788680847404e+01
4.806277862887340291e+01
4.822993523946899330e+01
4.840760882081193017e+01
4.859040605457022366e+01
4.876732120052277253e+01
4.895043866255702625e+01
4.909983103089663814e+01
4.925913362167131027e+01
4.943839149027427027e+01
4.961802014951257433e+01
4.979872747241729769e+01
4.997112571426669803e+01
5.012478217491257482e+01
5.026620254459282933e+01
5.040797685078854329e+01
5.057816720294584201e+01
5.075482953710152856e+01
5.092213783477512834e+01
5.107726060384249678e+01
5.124851276554640833e+01
5.142537734913959468e+01
5.161063528438683790e+01
5.178375825338716254e+01
5.194516760913519704e+01
5.211438042234482282e+01
5.228243030128908231e+01
5.247158153820721083e+01
5.265987321501634000e+01
5.281728814437465047e+01
5.299357968789503559e+01
5.316468016252087381e+01
5.334026383301016239e+01
5.349552143503583324e+01
5.363373952195637173e+01
5.377869925679189578e+01
5.394106929736782519e+01
5.412661375265159336e+01
5.430509633174417417e+01
5.447606197341170287e+01
5.462614536066266169e+01
5.479517277855463675e+01
5.495838552511987984e+01
5.514805923975153945e+01
5.531356414660780985e+01
5.545833848612570449e+01
5.563525363207820362e+01
5.579728659025835924e+01
5.595448241605961215e+01
5.611895922160893235e+01
5.628323377772088065e+01
5.645150276022238245e+01
5.661360313488182783e+01
5.677137200075575407e+01
5.690938783823884961e+01
5.707179158705437061e+01
5.725624052455188462e+01
5.743703211805544129e+01
5.761511019827324276e+01
5.777068802857481700e+01
5.794541213895508491e+01
5.810687205706235403e+01
5.827257921335624502e+01
5.842699410939257376e+01
5.857026843224929280e+01
5.872621705318619689e+01
5.889676134185906875e+01
5.907202478407229052e+01
5.922788913441031156e+01
5.937492192597971297e+01
5.953936502328962632e+01
5.971311159472199392e+01
5.987042539936172858e+01
6.004703717115809525e+01
6.022363208883459151e+01
6.039655280839749452e+01
6.057254097776166901e+01
6.073427056178564953e+01
6.089900017913193864e+01
6.105410609407941536e+01
6.122358857320569570e+01
6.138016079657477064e+01
6.154222746299446811e+01
6.170699078858032038e+01
6.185714159231041265e+01
6.200612946177515994e+01
6.215071840597539676e+01
6.232213910887720232e+01
6.249231260691470169e+01
6.265134553177268373e+01
6.281189532741169046e+01
6.297210804065475287e+01
6.314421976246780588e+01
6.329253346714098427e+01
6.347726892467477455e+01
6.364599296841054610e+01
6.378972235250163436e+01
6.393201913641077994e+01
6.409516446649695354e+01
6.425394457955812300e+01
6.441532022706661564e+01
6.458234200470387520e+01
6.475430203943891172e+01
6.492739130019960214e+01
6.510064910215821499e+01
6.525706963844923791e+01
6.541797337060363304e+01
6.557279276551486191e+01
6.573646057331438897e+01
6.589171817534007403e+01
6.607360528662979959e+01
6.623676747083578675e+01
6.638855312418517940e+01
6.655353555332816029e+01
6.672945630621325108e+01
6.690365793887991686e+01
6.707191006726156957e+01
6.724225210649697715e+01
6.740182436318825410e+01
6.757862153030237096e+01
6.774967144256879692e+01
6.790981673933275431e+01
6.808821504782655154e+01
6.825451209831304311e+01
6.840569100335011399e+01
6.855712272018394060e+01
6.872281302235802514e+01
6.889647532319148127e+01
6.907113201709248074e+01
6.925205844355448903e+01
6.943273205821937211e+01
6.959021440405697945e+01
6.975646089218402324e+01
6.992344896158171252e+01
7.008768980945414739e+01
7.027149829039962015e+01
7.044733477268586341e+01
7.060530588799728946e+01
7.075784997673716248e+01
7.092777066297792032e+01
7.110249477335810298e+01
7.128281445150749107e+01
7.143704395222609094e+01
7.158896443853380731e+01
7.174634565965270383e+01
7.189209753811825010e+01
7.205116417121601557e+01
7.221953427843615714e+01
7.238921900699988043e+01
7.255002161443545106e+01
7.270291963969103222e+01
7.286871106658388442e+01
7.303465418055476732e+01
7.318507465020108782e+01
7.334388847150216861e+01
7.352068563861607231e+01
7.369989294485955611e+01
7.385698764594212662e+01
7.402439706833433775e+01
7.420550889011389017e+01
7.437785656960414826e+01
7.452001852055472852e+01
7.467335475292456692e+01
7.483553939818301615e+01
7.500101059679985838e+01
7.515360524789892338e+01
7.533441369552228650e+01
7.551075580140222598e+01
7.567784499551852662e+01
7.585770961243379418e+01
7.602741119511738077e+01
7.620014651936239147e+01
7.637886505613194288e+01
7.654694864331594317e+01
7.669822867307165382e+01
7.684984578522308141e+01
7.701998557502115261e+01
7.719744005280688270e+01
7.736877648510976258e+01
7.754484892507267091e+01
7.769098844829350980e+01
7.784302691343970082e+01
7.801367232683135455e+01
7.818189074697363594e+01
7.834953612704298109e+01
7.852525463049055077e+01
7.869091122442497976e+01
7.885542173821399103e+01
7.901157260858821019e+01
7.917667301656980783e+01
7.935065554567933077e+01
7.950694124901193049e+01
7.966391797125616847e+01
7.981396765026727280e+01
7.997696129327520964e+01
8.013649984172705842e+01
8.029839796694878373e+01
8.045896461670737665e+01
8.063375614356677090e+01
8.079798013731931405e+01
8.094599046783633867e+01
8.111936624863349721e+01
8.128782062645275630e+01
8.143738153599028351e+01
8.160676289039788855e+01
8.176967226280689260e+01
8.193949182432882594e+01
8.211308670868321258e+01
8.228211412657502422e+01
8.243738858272062942e+01
8.259702825589073427e+01
8.276765681516270945e+01
8.293803256263765888e+01
8.311058249156525335e+01
8.328269421337834899e+01
8.344727214364630186e+01
8.362749069707707861e+01
8.379704059268250660e+01
8.396321966433039563e+01
8.412321327401640758e+01
8.428497656628007917e+01
8.444540838308058994e+01
8.461022227102552051e+01
8.477480020129367233e+01
8.494505796993006186e+01
8.510243919104918575e+01
8.527318572915923767e+01
8.544039290211436821e+01
8.561319564283871841e+01
8.578259385136594517e+01
8.594771111346724979e+01
8.611273435507476393e+01
