2.234236576550467993e-02
1.271211100570880312e-02
7.595983968363182771e-03
4.222129419009935068e-03
2.198621134819376145e-03
1.111042685585013476e-03
7.377173775757418697e-04
6.251676181914863229e-04
5.870285263706524325e-04
5.775556242249444078e-04
5.769297729418983167e-04
5.769217973371866060e-04
5.769160256124686520e-04
5.769097483391555240e-04
5.769050667002343724e-04
5.769006722462889994e-04
5.768720540655030262e-04
5.767539714933481686e-04
5.767440948669793092e-04
5.767414790271698996e-04
5.767372811237792213e-04
5.767321218493627871e-04
5.767210565845049680e-04
5.764964732587254123e-04
5.764861058115247671e-04
5.764742410827083724e-04
5.764670292569444099e-04
5.764594010262873505e-04
5.764550359074382870e-04
5.764470492684377508e-04
5.764358872995297822e-04
5.763361860505734858e-04
5.763084438770404690e-04
5.762990037654994744e-04
5.762875496512869216e-04
5.762752367431652270e-04
5.762619574002007892e-04
5.762521230447336610e-04
5.762425014626752339e-04
5.762382058509495347e-04
5.762269215053108552e-04
5.762205802823587401e-04
5.762042900002442786e-04
5.761885347397979534e-04
5.761674079076886798e-04
5.761500348301301991e-04
5.761384569052349115e-04
5.761091463930841745e-04
5.760929764925377082e-04
5.760797292041012476e-04
5.760646554924239498e-04
5.760486595036007221e-04
5.760322151571069509e-04
5.759865758042983499e-04
5.759758034439057530e-04
5.759673935724861620e-04
5.759644454291463567e-04
5.759461668092078629e-04
5.759326520343255405e-04
5.759174585596110816e-04
5.759029434689199494e-04
5.758936183163585734e-04
5.758647956466746718e-04
5.758462321327051771e-04
5.758346073635803308e-04
5.758154400757013866e-04
5.757951975694737328e-04
5.757810535143865344e-04
5.757679159409253514e-04
5.757377237787483001e-04
5.757204797196097904e-04
5.757024537097307944e-04
5.756755371267842326e-04
5.755450570008325542e-04
5.755309162060546959e-04
5.755040671430711706e-04
5.754840081066028672e-04
5.754601655863882115e-04
5.754366779484719084e-04
5.753584575507000084e-04
5.753177772922674375e-04
5.750902660227423524e-04
5.750538501770926375e-04
5.750309562793526081e-04
5.750030183049646779e-04
5.749875750004121953e-04
5.749577936936097139e-04
5.748627408154353491e-04
5.748131822982803941e-04
5.746376646193459073e-04
5.745754041620151822e-04
5.745366480197322242e-04
5.744793295510988934e-04
5.744458059317653683e-04
5.741008843890587536e-04
5.740623016807830771e-04
5.740114553789234025e-04
5.739731655196264083e-04
5.739346085726987562e-04
5.739027574289405804e-04
5.738680655714502353e-04
5.738358557838481614e-04
5.737362280968788791e-04
5.736787920049800371e-04
5.736394385159276996e-04
5.735064068375931223e-04
5.734427356943184702e-04
5.733794571917635603e-04
5.733423496207729932e-04
5.732655810670033185e-04
5.731666011123897437e-04
5.730794458644759750e-04
5.730416437115866835e-04
5.729850528675145419e-04
5.729234729511188369e-04
5.728757305064593932e-04
5.728141851485504029e-04
5.727439089360906880e-04
5.726578452743712926e-04
5.725936587520902418e-04
5.725057537337552684e-04
5.724687728125827215e-04
5.724415373385255933e-04
5.723896124030114106e-04
5.723254094458532460e-04
5.722432486842488151e-04
5.720814072017922506e-04
5.718717544141994598e-04
5.718098885042798615e-04
5.717488711546707143e-04
5.716953144523559665e-04
5.716380507149373133e-04
5.715181396499528690e-04
5.714778591466735400e-04
5.713075649860910711e-04
5.711817989722174117e-04
5.711217302742710228e-04
5.710676798186917636e-04
5.709225841311852279e-04
5.708273533419282956e-04
5.707531468504297269e-04
5.705627088000674030e-04
5.703879313942705189e-04
5.702591440247760900e-04
5.701918715886052742e-04
5.700835177676314867e-04
5.699724237386468969e-04
5.698233997927735486e-04
5.696994077464283181e-04
5.694323794417004234e-04
5.693556150645758896e-04
5.692520765487151923e-04
5.691857152551016126e-04
5.690641872288136009e-04
5.689737583447247596e-04
5.688566863599809655e-04
5.687803289375308177e-04
5.686737573205874344e-04
5.685714664249497986e-04
5.682731322396475078e-04
5.680732271839408157e-04
5.679378051170702558e-04
5.678673387153153470e-04
5.677754525543269844e-04
5.677222716116809512e-04
5.675920540131056298e-04
5.675217483554119034e-04
5.674302733545244070e-04
5.671694025149501533e-04
5.669335364729542097e-04
5.667728445016997994e-04
5.666383752342337181e-04
5.663571911821386681e-04
5.661895381304436715e-04
5.659638864868487195e-04
5.656979578213850194e-04
5.655098911515618956e-04
5.651601998725140370e-04
5.650282804659751768e-04
5.648551249797061210e-04
5.646276830452393470e-04
5.644892140771461423e-04
5.643640363167560592e-04
5.642325643228636271e-04
5.640581028660079065e-04
5.638276999185391769e-04
5.637519231863338332e-04
5.635853224207137361e-04
5.634321619053046966e-04
5.632831701378901391e-04
5.631030609767299780e-04
5.629044869800224182e-04
5.625323572931135259e-04
5.622025866389336471e-04
5.620055770913073281e-04
5.617391925922313439e-04
5.615058595315153105e-04
5.612729389782277747e-04
5.608472826191051534e-04
5.605511326684025838e-04
5.604007331582675638e-04
5.601677820962905948e-04
5.598488932383936757e-04
5.596124020554374672e-04
5.594110437916993261e-04
5.591707136023600384e-04
5.588455789905958987e-04
5.586174336645272163e-04
5.583611406884634318e-04
5.580725301015114666e-04
5.577453709551747881e-04
5.575426848499962212e-04
5.571941965216275355e-04
5.567891860778970397e-04
5.565690958608761254e-04
5.564093940330761380e-04
5.560400418306645247e-04
5.557793974537884743e-04
5.552357946984204113e-04
5.547971918578262782e-04
5.544620079724815395e-04
5.542160861799484391e-04
5.540086530917782883e-04
5.538293078899426394e-04
5.535415855128168923e-04
5.532235815920434445e-04
5.530219434958371250e-04
5.526673653017931138e-04
5.523961775698704030e-04
5.521314787229265105e-04
5.518636776591179325e-04
5.514716337868595750e-04
5.512825851966913961e-04
5.510729768674315623e-04
5.507378828069009686e-04
5.504394496043677398e-04
5.501331815356771829e-04
5.498602417169553679e-04
5.494425702451738100e-04
5.490710093191523717e-04
5.486183440101786990e-04
5.482454145687154501e-04
5.479924666673491535e-04
5.477839311722189049e-04
5.474379189602485108e-04
5.469816200277001755e-04
5.466557950388877549e-04
5.462180959066750786e-04
5.459818799750728062e-04
5.456499673891279439e-04
5.452060874406367734e-04
5.447845394630868119e-04
5.442052938976335227e-04
5.438114035757965351e-04
5.434353751189954264e-04
5.430241763568750910e-04
5.428062524387075854e-04
5.425431056084827194e-04
5.421321257830709903e-04
5.417494466450680510e-04
5.411495852523490711e-04
5.406302184443873135e-04
5.401980245496219727e-04
5.394015424644162766e-04
5.390094798801863853e-04
5.382571525913884113e-04
5.377434173082257674e-04
5.374146820681195962e-04
5.369614915850175630e-04
5.366531315274058285e-04
5.362809090506680558e-04
5.358493719452410171e-04
5.353371552536448884e-04
5.346028557477454672e-04
5.341320023664398228e-04
5.333873124685663963e-04
5.327958358480232521e-04
5.323118481681706187e-04
5.317322772358750284e-04
5.310875218722402660e-04
5.304617572510175088e-04
5.296698618898617542e-04
5.292963637836064919e-04
5.289762103351566391e-04
5.285294867083061661e-04
5.279095592480068620e-04
5.270352603065479348e-04
5.266990248388735184e-04
5.264134851607971599e-04
5.256719809500959078e-04
5.251680951466908840e-04
5.246315634324953334e-04
5.239447604357124833e-04
5.235090676248290407e-04
5.226345363055553148e-04
5.220942497981001388e-04
5.214010895182757174e-04
5.209419162014321302e-04
5.199451695970415529e-04
5.194956809860472010e-04
5.189814021818277279e-04
5.179586989469056732e-04
5.170368532171123197e-04
5.164051428028855646e-04
5.159784507441746767e-04
5.154005342274364364e-04
5.146429862401141492e-04
5.140249731718639185e-04
5.132107977276117788e-04
5.126515941396687058e-04
5.121199375325487810e-04
5.112273013383383455e-04
5.108497599158033121e-04
5.102427736484663060e-04
5.092515736598256498e-04
5.084745548058786178e-04
5.082011331800986853e-04
5.074155977868121227e-04
5.061982909419581551e-04
5.056347932259406923e-04
5.048825885852844695e-04
5.040836469093212553e-04
5.029591219609885972e-04
5.020776972208921022e-04
5.012736683515212587e-04
5.004483865731674825e-04
4.995284772455279871e-04
4.989291065854177445e-04
4.980599275274263070e-04
4.969861041956766517e-04
4.959061871801708366e-04
4.947824932482436074e-04
4.939428090298687412e-04
4.929700074314115159e-04
4.921164874014827967e-04
4.914315746849782802e-04
4.902180265130954857e-04
4.893972070017343608e-04
4.880054865989575394e-04
4.871344567352272909e-04
4.867271802907758020e-04
4.856856158238559624e-04
4.850092842301870254e-04
4.840229393809965144e-04
4.831409699992220705e-04
4.818299653652773247e-04
4.808088081841576668e-04
4.797313341518982680e-04
4.784743571638634262e-04
4.772008918703951347e-04
4.758011880595522857e-04
4.744121949244744672e-04
4.735256366334281890e-04
4.719430101512031247e-04
4.706925976624241480e-04
4.687435609889935208e-04
4.675112960693257841e-04
4.668447479805278347e-04
4.656427563759948755e-04
4.642613656741717619e-04
4.624631860059619150e-04
4.607696496956249148e-04
4.596253941968861433e-04
4.576888818427927844e-04
4.562507512525677540e-04
4.542026647217755741e-04
4.527274931188353065e-04
4.522826509376138464e-04
4.512523436051542802e-04
4.495021895866205524e-04
4.484315026289026947e-04
4.481008153602364093e-04
4.459811904813219840e-04
4.435348144682355162e-04
4.419828648999950455e-04
4.403630113149116661e-04
4.393055047298653477e-04
4.378899602303277681e-04
4.363710675902896072e-04
4.341857513725272573e-04
4.328940951624452721e-04
4.310703928128499876e-04
4.290670585515751994e-04
4.275534737231773889e-04
4.258421092701800961e-04
4.242043109863579417e-04
4.232213654013276230e-04
4.206018415396262262e-04
4.189476063544580976e-04
4.177863261263760277e-04
4.166651634937641908e-04
4.142095264201201324e-04
4.109875764544526134e-04
4.096521003053352596e-04
4.074713623575681207e-04
4.059684367680209340e-04
4.053325625569718731e-04
4.026670523044081993e-04
3.999998255765896795e-04
3.989286033386693349e-04
3.969990967223226814e-04
3.938798227538786723e-04
3.917891130101240713e-04
3.910446153185824958e-04
3.903383051759185007e-04
3.889677134535644474e-04
3.877177554171988344e-04
3.875031031840950910e-04
3.868204896717791037e-04
3.840524793379328054e-04
3.835583076187091948e-04
3.822761345216951854e-04
3.810809353768828322e-04
3.797061108779322693e-04
3.791865460741749715e-04
3.785979009502582395e-04
3.767811944064858873e-04
3.750139220354420789e-04
3.712899083622258397e-04
3.708540910199546996e-04
3.661659704435652981e-04
3.639157275155076093e-04
3.642555355474139393e-04
3.637045406235839447e-04
3.625946827830611469e-04
3.615296527537165041e-04
3.608948531895259234e-04
3.621938610491460121e-04
3.613474333099401018e-04
3.573520917673124074e-04
3.569118048720947662e-04
3.579588314676843261e-04
3.574272192829372995e-04
3.557251729254226114e-04
3.550881345013350227e-04
3.529973725127076058e-04
3.516913215774244701e-04
3.533063319891213152e-04
3.531443650007348289e-04
3.571000158241771530e-04
3.543834054406231303e-04
3.550189286580041959e-04
3.591016199953492392e-04
3.618236182310905023e-04
3.623628603573726637e-04
3.641403142835380980e-04
3.654480331232472430e-04
3.689994709624549161e-04
3.744570934563277694e-04
3.751769419310309090e-04
3.778020785536560918e-04
3.826641372555087241e-04
3.909460063990034318e-04
3.957812972435888438e-04
4.002374210971205081e-04
4.088587373924212204e-04
4.120381552953383711e-04
4.144007825899534425e-04
4.212434480413690526e-04
4.241126277907681904e-04
4.302168121568634377e-04
4.420513609436869397e-04
4.510814584551614071e-04
4.691466666291246065e-04
4.906628608627042545e-04
5.090939171855830836e-04
5.244904413074412885e-04
5.426124099297926270e-04
5.599509214011751156e-04
5.865262370120877733e-04
6.036612264625517473e-04
6.180002362473519277e-04
6.379734583924285196e-04
6.550023837699086617e-04
6.973003629576808192e-04
7.273259714403964606e-04
7.659798869078230819e-04
7.939349550635933610e-04
8.252137075962964318e-04
8.773493677638022998e-04
9.212287395329588069e-04
9.670038509521911149e-04
1.002995104122354417e-03
1.043217684790773061e-03
1.120416579494620639e-03
1.228825511460798423e-03
1.317272563515455627e-03
1.396172883902944755e-03
1.503564670462917158e-03
1.668414306942737077e-03
1.747495883425436054e-03
1.889586044438797867e-03
2.081026635821773847e-03
2.312364567971084139e-03
2.584203158186761193e-03
2.894434267992004439e-03
3.388247769308161926e-03
4.081114657989349907e-03
