1.617382520450514116e+00
1.353827215277625173e+00
1.109141661608591845e+00
8.900949587581189482e-01
6.932312756839885681e-01
5.322585542117191926e-01
4.158795092510575442e-01
3.440200438037384068e-01
3.090675424552012940e-01
2.931776198338776340e-01
2.852019454428175171e-01
2.806305104738129885e-01
2.783125559992143394e-01
2.768002187136907599e-01
2.766073605496154886e-01
2.757735057947703905e-01
2.754571217670362948e-01
2.754198357461714042e-01
2.753963991738864192e-01
2.752464017266188501e-01
2.752913263188082604e-01
2.751374087009133551e-01
2.751060975264280617e-01
2.750455316968073438e-01
2.749215468627670411e-01
2.748921813809458992e-01
2.747886271830876082e-01
2.747252841694558523e-01
2.746642226297391631e-01
2.745933287693393954e-01
2.745534454278306669e-01
2.744932789264424855e-01
2.744227094742562323e-01
2.743280085860856921e-01
2.742307631729521966e-01
2.742794019050195931e-01
2.742508500722687370e-01
2.738614431448137543e-01
2.736588322661603345e-01
2.737360137860510023e-01
2.735950843969630064e-01
2.733525709419392657e-01
2.732597442917705233e-01
2.732343380678485256e-01
2.732699093477164998e-01
2.727877326929346036e-01
2.726751199386741598e-01
2.727564050870728285e-01
2.728653510464528753e-01
2.728230307739513694e-01
2.726205666428305197e-01
2.725156959712901616e-01
2.727075226035883260e-01
2.726519602637108020e-01
2.726601962104193144e-01
2.726046412879276071e-01
2.724824903358444850e-01
2.724020496829657190e-01
2.724377199631475843e-01
2.724331937381016533e-01
2.723719716677797109e-01
2.722755691338905604e-01
2.722539150152961662e-01
2.722279291574586368e-01
2.720540212047345419e-01
2.720802733068400370e-01
2.719889197226557087e-01
2.719083341445425739e-01
2.715933164594397931e-01
2.715998327177096550e-01
2.716280315917263266e-01
2.715599646262336631e-01
2.714304112493160503e-01
2.713797049381974080e-01
2.713261989194678536e-01
2.712247838926377663e-01
2.711627102642993892e-01
2.711040372972085555e-01
2.709614359166805930e-01
2.708686615419242383e-01
2.709174293753353613e-01
2.708294596202645566e-01
2.708204961619326001e-01
2.706090074915181165e-01
2.705750708919670289e-01
2.703844228054960719e-01
2.703051919740936393e-01
2.701668915021874229e-01
2.701334728993028400e-01
2.701482184572563394e-01
2.701282729278604022e-01
2.700522531166602569e-01
2.699653770360618266e-01
2.700012748837952725e-01
2.699972687319323605e-01
2.699077665328802333e-01
2.697638729252842538e-01
2.696346616829097265e-01
2.695613274217124600e-01
2.695206562391998517e-01
2.694125082107023950e-01
2.693065710806138435e-01
2.692132212408197556e-01
2.691509293601381247e-01
2.691168416577595091e-01
2.689260089927058561e-01
2.688700699494322999e-01
2.686409992695090732e-01
2.686821152379046396e-01
2.685198728816773905e-01
2.683778422890915061e-01
2.685739744712712374e-01
2.683839777998657805e-01
2.681139627530313430e-01
2.680687708294310356e-01
2.680959932183490380e-01
2.679457785692551108e-01
2.677959320614693994e-01
2.678370872008650760e-01
2.677105800979050487e-01
2.675073706540783136e-01
2.670550454997128731e-01
2.669288976150454018e-01
2.668834429571849687e-01
2.668346999457665292e-01
2.667018240328538070e-01
2.667207394075667981e-01
2.668144986975546917e-01
2.663770320005648951e-01
2.664177859368558887e-01
2.662376481022008523e-01
2.660221352213667512e-01
2.657800037751562594e-01
2.656494013283451361e-01
2.656940847717219611e-01
2.656439765976015277e-01
2.653683857578294503e-01
2.650450965915115420e-01
2.651158936429644508e-01
2.650121152750014586e-01
2.647813094425383040e-01
2.647478043421607197e-01
2.644770088175716904e-01
2.643697544708078495e-01
2.641253178506562382e-01
2.640008395462274393e-01
2.636566676776886942e-01
2.635649269427978170e-01
2.633141748054847464e-01
2.633230546150266971e-01
2.631517122641676143e-01
2.630453394260583999e-01
2.629481969015066145e-01
2.629308607361406924e-01
2.627508643109227604e-01
2.626137326623879664e-01
2.624313760191976375e-01
2.622997490276390842e-01
2.621098308069343408e-01
2.620495029398482445e-01
2.621423135367526580e-01
2.618318195924588254e-01
2.616643425998698702e-01
2.615606525871425059e-01
2.614428714354699590e-01
2.613513790578969598e-01
2.613336665593110619e-01
2.611707167236961280e-01
2.608332519465724197e-01
2.607239344016138993e-01
2.606195846786222847e-01
2.605436109461793381e-01
2.604858653888619258e-01
2.600694177153435316e-01
2.599138403602975766e-01
2.598777192266875646e-01
2.597954136823259486e-01
2.597034720883419356e-01
2.594939159785498717e-01
2.593763205001773930e-01
2.593136329116603744e-01
2.591478243502945977e-01
2.585622923822101238e-01
2.583409407115472289e-01
2.580862188507747623e-01
2.582123851351142974e-01
2.580445305313739390e-01
2.580351886622487823e-01
2.583111577609635834e-01
2.578716924838979074e-01
2.579154759565333577e-01
2.576862219668735188e-01
2.574853437554895375e-01
2.573727420463142179e-01
2.574715774829287041e-01
2.574775742890913488e-01
2.573806405064500979e-01
2.571966670001808453e-01
2.572489270909335546e-01
2.568757567949089826e-01
2.565408008078486901e-01
2.562638742603755571e-01
2.561639096826343054e-01
2.562117575343551001e-01
2.560766909855940465e-01
2.559703064446840481e-01
2.555577002693266708e-01
2.551447880515447797e-01
2.550419875261659142e-01
2.543823557976965244e-01
2.545016427247460133e-01
2.540407787956379115e-01
2.539932431262036938e-01
2.533898125815681190e-01
2.532526377486175595e-01
2.531262220975878385e-01
2.531737717105795316e-01
2.527669736451673144e-01
2.526883854929697359e-01
2.524032561029202482e-01
2.522722348477021148e-01
2.521281498696463230e-01
2.519339415935931137e-01
2.516453341796701659e-01
2.518169479112208342e-01
2.513476955449799322e-01
2.510490527961103946e-01
2.506204907187568054e-01
2.507016915587158001e-01
2.506120105391445585e-01
2.502043684900805420e-01
2.501455248160290856e-01
2.500655118249396902e-01
2.497085150479085858e-01
2.496379243167796136e-01
2.499529095145387458e-01
2.495724249687081009e-01
2.492892409715926350e-01
2.488528181211168977e-01
2.485681353163114449e-01
2.483042436558698662e-01
2.479590365502499782e-01
2.476777713644550682e-01
2.474394391566005491e-01
2.470410924183985557e-01
2.469821445004569405e-01
2.467727580732612669e-01
2.463356163240096042e-01
2.460486244854057925e-01
2.460614526820854575e-01
2.454338071592211123e-01
2.451490520539877649e-01
2.452611528670529673e-01
2.448787851331946097e-01
2.447306672296068186e-01
2.442341189740236673e-01
2.437402293145640719e-01
2.436806913433307575e-01
2.431661357465042805e-01
2.432892636598277258e-01
2.429494213519189927e-01
2.426848063827605206e-01
2.421040787901881097e-01
2.418168777028934513e-01
2.414094087027556235e-01
2.415007934837217207e-01
2.413365706370927954e-01
2.410723864939665617e-01
2.407808492893483143e-01
2.404132215651550164e-01
2.397121778555683924e-01
2.394809087698587247e-01
2.387375647301510639e-01
2.381784963395658372e-01
2.380806884262386958e-01
2.374861092216301317e-01
2.374972996504120804e-01
2.371697238737694446e-01
2.371493961270308426e-01
2.368515682807959821e-01
2.366513507039668951e-01
2.363286364570582609e-01
2.359682534049382108e-01
2.360199556564193946e-01
2.356385827756520002e-01
2.349984130118057124e-01
2.350288925060669554e-01
2.348814103221120719e-01
2.345017421555947446e-01
2.342268099034218454e-01
2.337175217189986498e-01
2.332613791481513987e-01
2.328977791605222614e-01
2.323841224389177618e-01
2.323683307725023794e-01
2.319122338842669606e-01
2.316017512234638809e-01
2.310842298487344737e-01
2.304792652230587546e-01
2.300702765388093762e-01
2.297208078858309355e-01
2.300237285062860793e-01
2.299416671236051701e-01
2.292141553177512447e-01
2.286147666215183338e-01
2.280049063474037796e-01
2.276705330961965035e-01
2.276709453516767845e-01
2.275168943458847348e-01
2.272684540996832148e-01
2.269089202875045064e-01
2.264971743501565660e-01
2.263142961540109965e-01
2.260806653702377433e-01
2.252096023869461783e-01
2.248882775814527446e-01
2.245874944037015153e-01
2.241082064784938044e-01
2.240416549794458367e-01
2.234589351139526225e-01
2.229797763183153925e-01
2.229296284051207611e-01
2.222054991090578746e-01
2.214070963807583947e-01
2.215445748207299226e-01
2.216100036096189663e-01
2.210705217138158596e-01
2.212458003899778758e-01
2.216318826898194261e-01
2.206846780027005295e-01
2.209347745829690068e-01
2.206868015339671918e-01
2.211368021905455727e-01
2.214331036383962170e-01
2.202911905216549671e-01
2.201483476272105277e-01
2.205582980489571021e-01
2.202984780987303770e-01
2.199865049853188814e-01
2.193237417579460280e-01
2.192575594262700378e-01
2.186816352326480806e-01
2.186413074806612122e-01
2.181598212250754620e-01
2.173218360192624987e-01
2.176567178712740802e-01
2.174477800088977508e-01
2.172854437935921035e-01
2.171355614027543901e-01
2.170430765288679786e-01
2.159750035335020191e-01
2.164750160252191247e-01
2.156805272701747822e-01
2.152686613510518265e-01
2.155328734418148762e-01
2.157766257846630564e-01
2.160832749792275520e-01
2.162013525402002312e-01
2.156325016828135877e-01
2.157553866721893254e-01
2.158908407662512574e-01
2.164321230470060697e-01
2.171504853766638432e-01
2.156738593335955356e-01
2.166973568122806948e-01
2.164286247949174236e-01
2.157449716432925935e-01
2.162680559832274585e-01
2.162558379395988772e-01
2.156992438731543671e-01
2.161324942392807980e-01
2.158797979140286982e-01
2.158487794709710583e-01
2.161595873856085870e-01
2.169625729458130869e-01
2.173330439440709638e-01
2.171806275862573909e-01
2.182051296106891081e-01
2.184586366293464754e-01
2.185956395145483011e-01
2.178504125581904316e-01
2.187345922678221033e-01
2.183228341721414056e-01
2.182972544709774754e-01
2.184768084035521307e-01
2.190721794027109259e-01
2.195389889972345077e-01
2.185899442881731325e-01
2.197922817325549949e-01
2.202400454917861350e-01
2.204228061225107504e-01
2.221996725817195206e-01
2.214431666730360126e-01
2.210078104018347311e-01
2.221689399205657167e-01
2.231970615046318107e-01
2.217946839407020643e-01
2.215712255460086655e-01
2.218916935922781164e-01
2.217706321209249321e-01
2.241012552823611614e-01
2.266796795528302766e-01
2.253237538027724196e-01
2.263363159489753529e-01
2.281319833022495136e-01
2.286348510946051849e-01
2.301767107842379034e-01
2.303164333414731146e-01
2.300045339815514622e-01
2.308790403156326665e-01
2.307292912593549017e-01
2.320217613401936718e-01
2.334147400299780295e-01
2.363813439380810233e-01
2.370229990206290938e-01
2.387587224486039661e-01
2.409542286058088401e-01
2.428944458450388033e-01
2.426938991998641992e-01
2.449540351909203217e-01
2.469108279417267793e-01
2.477909959094811709e-01
2.493191262958006083e-01
2.533996220959292556e-01
2.568082569824499117e-01
2.591087055963986474e-01
2.594789271749602944e-01
2.627069241207137251e-01
2.653874760280382494e-01
2.672581933917609343e-01
2.695710807451766611e-01
2.724241258996850656e-01
2.768839716443555199e-01
2.823887277232625670e-01
2.857737453222711776e-01
2.905224634718654442e-01
2.950536359304424816e-01
2.943757084418479053e-01
2.953439062390657566e-01
2.996176553632742823e-01
3.039810098579639464e-01
3.083509895514832677e-01
3.129190151811868104e-01
3.165278302168957336e-01
3.216357035505801321e-01
3.249896066857962951e-01
3.284637003684275913e-01
3.330540190107818543e-01
3.358691465312563795e-01
3.414949736841115246e-01
3.485884087998800673e-01
3.555991745600111109e-01
3.607510067867549242e-01
3.682040992929956902e-01
3.767673248134671971e-01
3.869549747492356806e-01
3.935056418125909561e-01
4.027965232697204301e-01
4.136434259619231613e-01
4.229641050589834084e-01
4.333597420162573211e-01
4.399994993657254660e-01
4.482116996178254209e-01
4.587178670475484110e-01
4.685112089949315384e-01
4.836956456255022685e-01
4.928331711552468852e-01
5.050020952372986649e-01
5.191905446560054482e-01
5.298771242386687286e-01
5.489768890935387002e-01
5.617753316556969301e-01
5.723409669806097666e-01
5.922369071218364089e-01
6.154873597843005806e-01
6.293091179876622032e-01
6.590742196739336478e-01
6.871051344908711833e-01
7.221720542103765572e-01
7.656602782046494360e-01
8.185500317885608945e-01
