1.737630475888687171e-03
1.052603412769368141e-01
2.125163948426989635e-01
3.212691488862066125e-01
4.300050860704138223e-01
5.382869680535076196e-01
6.478132976248390795e-01
7.581636533018960566e-01
8.681104043557400507e-01
9.769304258364498450e-01
1.086389487970579326e+00
1.196369872743024310e+00
1.306215722641066224e+00
1.415187095855479971e+00
1.524763876004713969e+00
1.635114231681769947e+00
1.752964906606854889e+00
1.878736322262481995e+00
2.004776807666916127e+00
2.131170447116663258e+00
2.258068592345424452e+00
2.386530705489139148e+00
2.513815638481817327e+00
2.640242911650173774e+00
2.766703818537126214e+00
2.893164725424082206e+00
3.019306111984329188e+00
3.144438486986543158e+00
3.268612301008630538e+00
3.397393934479059130e+00
3.525082472094951846e+00
3.645674295086025474e+00
3.768385042348965985e+00
3.890709001847994397e+00
4.016547684940829477e+00
4.144286673134624621e+00
4.266072493136032762e+00
4.377700930119927669e+00
4.497048305522761247e+00
4.621457555575031684e+00
4.746371311406321070e+00
4.868628003468132626e+00
4.992616832037882979e+00
5.112905951561542928e+00
5.223340391535088223e+00
5.349397693798804809e+00
5.470393121413081872e+00
5.595996368475691263e+00
5.723600821795061577e+00
5.852332004687562872e+00
5.969694990692920200e+00
6.086738456371568518e+00
6.205648593432576909e+00
6.327636215745573445e+00
6.434118693783496212e+00
6.550354950215727001e+00
6.668340160015206131e+00
6.778825050566656074e+00
6.901451713533073296e+00
7.025356457806344324e+00
7.150959704868956379e+00
7.270475248864777029e+00
7.397928350450447610e+00
7.517948400225288985e+00
7.640137824849895232e+00
7.767641377013462467e+00
7.889797167919466503e+00
8.006504296412114030e+00
8.128895523348329988e+00
8.253439308275007491e+00
8.377159067095952594e+00
8.499836180640288674e+00
8.606924065613030805e+00
8.729668446594553544e+00
8.857844673130152557e+00
8.980504969815168437e+00
9.098809699941336149e+00
9.222613543058800545e+00
9.346097865849548825e+00
9.466824223715015307e+00
9.584826250373795986e+00
9.710294962562004528e+00
9.831693994799495684e+00
9.954606544374017929e+00
1.007851128864726675e+01
1.019306585914943142e+01
1.031498621402521820e+01
1.043596482478017329e+01
1.055275603756930636e+01
1.067042172704207204e+01
1.078827240196714321e+01
1.091125221897887698e+01
1.103635096026247275e+01
1.116185330616927374e+01
1.128010758571755190e+01
1.137628132900429812e+01
1.146998299397386845e+01
1.158674057304439131e+01
1.169229812382080880e+01
1.180907251975063765e+01
1.191886791907077914e+01
1.203306933552764413e+01
1.213509534585097605e+01
1.226148898530069964e+01
1.237557268374246711e+01
1.248832785029947168e+01
1.258941211650196124e+01
1.268918466767896724e+01
1.280590861303092964e+01
1.293162957810864455e+01
1.305977217092561027e+01
1.318036399391668034e+01
1.330341107836558656e+01
1.342415425309033594e+01
1.354144997165849418e+01
1.365279252203427518e+01
1.378157415550464826e+01
1.390991855063324323e+01
1.402575120244223505e+01
1.413228413105809800e+01
1.423456239427092029e+01
1.435205991515068469e+01
1.447362711598116825e+01
1.459539611912326684e+01
1.471706422110953127e+01
1.482304219336846884e+01
1.492288201198273967e+01
1.502953265861366283e+01
1.514354908961823121e+01
1.526350187195583707e+01
1.536947984421476576e+01
1.546923557853250486e+01
1.557447360898221866e+01
1.567165636382697258e+01
1.578057728646347968e+01
1.588322552058090764e+01
1.599480350698689968e+01
1.610237908087938408e+01
1.622162555512637994e+01
1.634510987791709979e+01
1.646898098847177394e+01
1.659113677937776643e+01
1.670784390787040508e+01
1.683023513480661038e+01
1.694692544643993770e+01
1.706191725528394088e+01
1.716811384671376572e+01
1.729154771892656939e+01
1.741235816108853385e+01
1.753525389380374833e+01
1.765182648742197458e+01
1.777040028729697596e+01
1.789522995883174872e+01
1.800515989302628483e+01
1.811440033598964661e+01
1.823167923769857879e+01
1.835075754335265685e+01
1.845678596618960654e+01
1.857616697531101480e+01
1.870365371061540216e+01
1.882715485026545466e+01
1.895425479780596234e+01
1.907158415009282848e+01
1.919557297866259304e+01
1.930407347981672217e+01
1.942488392197869729e+01
1.952494235976388026e+01
1.964370114509132392e+01
1.974712295473658230e+01
1.984837538953216196e+01
1.994337195266797025e+01
2.004704601520277052e+01
2.016501440814301915e+01
2.028447950156104085e+01
2.040766112088443052e+01
2.052208115651227160e+01
2.063382731151134308e+01
2.072830255200874561e+01
2.082222283614926539e+01
2.093487710155061166e+01
2.104914578544474324e+01
2.115710814710118370e+01
2.126385969488802630e+01
2.137819564621945290e+01
2.149919107383372108e+01
2.161613363835668622e+01
2.172930922639630680e+01
2.183330280925777345e+01
2.195180934169566100e+01
2.207376333029017701e+01
2.218672029915880728e+01
2.230045084355538876e+01
2.241315555953462635e+01
2.252969451943427259e+01
2.262872712880214365e+01
2.274903306518520196e+01
2.285956840631463294e+01
2.297931938634069482e+01
2.310292142714660812e+01
2.322981957237547235e+01
2.335441380788018506e+01
2.345783561752546476e+01
2.356071928767318724e+01
2.365941555985509126e+01
2.376904279058232561e+01
2.388931509324677904e+01
2.400279338475371915e+01
2.411620440882355254e+01
2.423846110088548755e+01
2.435720306935347068e+01
2.447633182558548626e+01
2.459029780601228055e+01
2.469382051681339618e+01
2.480988860465268786e+01
2.492442635829565134e+01
2.504182297801970947e+01
2.515723520834635352e+01
2.525305579758779473e+01
2.536359113871722570e+01
2.546275828295946653e+01
2.558207202464376095e+01
2.570474913818820184e+01
2.581572171765948909e+01
2.592477717517039792e+01
2.602234671777909369e+01
2.612623939948480256e+01
2.622501975596313528e+01
2.633299893447891193e+01
2.643092163113292870e+01
2.654808281482677756e+01
2.666389864977660906e+01
2.677963040042994081e+01
2.687987382366742040e+01
2.699711909165774770e+01
2.710753671477206694e+01
2.721321198356363169e+01
2.732741340002058195e+01
2.744225385713096443e+01
2.754182460599644600e+01
2.766181102205279174e+01
2.778778424002000591e+01
2.791323613534902393e+01
2.802232522657864777e+01
2.812258546667545644e+01
2.823037965973895780e+01
2.832722607739774645e+01
2.842741905005731695e+01
2.854713639636484857e+01
2.865647774048398588e+01
2.877770860412852727e+01
2.889150641596224744e+01
2.899507957734132191e+01
2.910727978754154321e+01
2.922343195967737728e+01
2.933294147238940752e+01
2.943730502615555977e+01
2.953933103647900538e+01
2.964631802029605723e+01
2.975808099215435121e+01
2.986908720534417938e+01
2.998616430474155337e+01
3.009580835232808838e+01
3.020109683335575568e+01
3.030468681159405264e+01
3.040868039445556192e+01
3.052543797352621624e+01
3.064673610460802777e+01
3.076354413425645618e+01
3.088085666968400744e+01
3.099895959749867558e+01
3.110312134895323055e+01
3.120198578972812697e+01
3.131184845648549953e+01
3.142192974241380554e+01
3.152753774376823515e+01
3.163598779434443742e+01
3.175422525703351795e+01
3.185502363662791936e+01
3.195545204531770267e+01
3.206057235775234915e+01
3.217549689915910704e+01
3.229993978293013157e+01
3.241054239149684690e+01
3.251863928802776371e+01
3.264198907594412447e+01
3.276352264305609907e+01
3.288561116652498839e+01
3.300658977728007670e+01
3.311540979876085089e+01
3.323458900557076845e+01
3.335180063984252286e+01
3.346677563182727511e+01
3.357966533325868141e+01
3.368503789858283426e+01
3.378602126362954294e+01
3.389985270918188576e+01
3.399654777510695425e+01
3.410190352357181354e+01
3.420746107434827366e+01
3.431692013648248007e+01
3.442427709120410384e+01
3.453827670534944616e+01
3.465429434261087493e+01
3.475487410303438907e+01
3.486712476381246972e+01
3.497984629665099732e+01
3.510163211665250316e+01
3.521272241413883108e+01
3.531883492127221302e+01
3.541848975443418368e+01
3.553136263900636749e+01
3.563641568400392856e+01
3.574012338025741542e+01
3.583814697806725746e+01
3.595404689731361003e+01
3.606971138052947623e+01
3.617357042851634930e+01
3.628033879316213017e+01
3.638939425067284361e+01
3.649350555154921949e+01
3.661853702539549005e+01
3.674346759808595664e+01
3.685629003207991161e+01
3.696487461753017811e+01
3.707293788034223070e+01
3.719628766825841382e+01
3.731526507275643922e+01
3.743881666298418764e+01
3.755604511411491586e+01
3.765277381375836541e+01
3.776105569574129106e+01
3.788201748963678739e+01
3.798552338357828262e+01
3.808581725739337998e+01
3.819485589804477854e+01
3.831438825889973288e+01
3.843284434075945910e+01
3.854359830105944695e+01
3.865552944151050951e+01
3.876534165768971008e+01
3.888230103907179824e+01
3.900082438836875554e+01
3.911489126995098786e+01
3.922651970693465273e+01
3.933666826029985941e+01
3.943728165444172618e+01
3.954477314403749943e+01
3.964885081119526689e+01
3.975970567265116529e+01
3.986489325252276217e+01
3.996454808568448414e+01
4.007094647942572152e+01
4.016409318803817996e+01
4.026368075376273481e+01
4.036838064471469067e+01
4.049094004024374271e+01
4.060936248838473261e+01
4.072018371612202259e+01
4.082908782189905139e+01
4.092968439918160328e+01
4.104148100475828187e+01
4.116099654875388580e+01
4.127995713639261766e+01
4.139239278262274269e+01
4.151244646611601752e+01
4.161743224367599936e+01
4.172872434347367232e+01
4.185086331752015099e+01
4.196484611480587290e+01
4.208121690611233845e+01
4.220009340945453857e+01
4.230899751523152474e+01
4.242553647513095427e+01
4.253365018852085200e+01
4.264949965718901126e+01
4.275751246942314765e+01
4.285984118321368186e+01
4.297735552095262079e+01
4.308923621082585953e+01
4.319455832557184038e+01
4.330406783828364325e+01
4.342476056243035032e+01
4.353102442129717531e+01
4.363970990790329552e+01
4.374170228450778097e+01
4.384530907960512991e+01
4.393670683485025563e+01
4.403846377542451762e+01
4.413816905916409183e+01
4.423790797662228869e+01
4.434336462624267483e+01
4.444179182867546984e+01
4.454950193744210196e+01
4.466673038857289413e+01
4.478004051148667486e+01
4.489208936995288468e+01
4.500141389721242291e+01
4.510391077959591399e+01
4.522018066974658979e+01
4.533562653379153318e+01
4.545347720871642849e+01
4.557159695339012728e+01
4.568016472198111444e+01
4.579345802803553056e+01
4.590794533110028652e+01
4.601637856481688971e+01
4.613221121662562041e+01
4.625589734172766754e+01
4.637748135941733096e+01
4.649307857519593057e+01
4.661123195358823779e+01
4.672195228016974511e+01
4.682550862468917785e+01
4.693997911089467578e+01
4.705031264971224658e+01
4.717204801913559464e+01
4.728043080227435269e+01
4.738139735046152623e+01
4.748779574420272098e+01
4.759949144862360981e+01
4.771130487105961038e+01
4.781918314841929174e+01
4.791407881039896921e+01
4.802150303255749009e+01
4.812818731290681029e+01
4.823897490692547052e+01
4.835773369225254470e+01
4.846963119898506278e+01
4.858310949049189986e+01
4.869258536948515115e+01
4.879587264425577331e+01
4.890129566015757945e+01
4.901285682970409852e+01
4.912265222902403394e+01
4.924574976405065030e+01
4.934680039653427031e+01
4.945514954595435597e+01
4.957098219776310088e+01
4.967840641992166439e+01
4.977839759026937827e+01
4.989029509700177556e+01
5.000264665893536886e+01
5.011461143310510380e+01
5.022861104725019032e+01
5.033990314704785618e+01
5.045324690368016718e+01
5.056265551523620871e+01
5.067944672802518369e+01
5.079270640036109086e+01
5.090166095671602164e+01
5.101339029485552601e+01
5.112305115930107036e+01
5.122839009090638740e+01
5.134274285909678781e+01
5.145223555494940371e+01
5.156314086698318278e+01
5.167907441994783113e+01
5.178626320607622802e+01
5.189430965202897283e+01
5.200077531320742708e+01
5.211494309594547047e+01
5.223822561642430884e+01
5.235323424212733556e+01
5.246276057169843909e+01
5.257983767109548978e+01
5.268785048332961196e+01
5.280052156558995335e+01
5.291292357810148417e+01
5.302958025601605385e+01
5.314438707940755791e+01
5.325779810347711418e+01
5.337418571164285908e+01
5.349718234551369278e+01
5.360857534646717681e+01
5.371712629819886331e+01
5.382668626148861790e+01
5.393459817256691480e+01
5.404533531600770146e+01
5.416000760452480733e+01
5.427089609969924311e+01
5.438026558356872897e+01
