1.573136124073038628e-02
1.005993107148666840e-02
6.563259271353673145e-03
4.199541140358550514e-03
2.578170109798215079e-03
1.558602485183675215e-03
9.886850212544907868e-04
7.356830600055762424e-04
6.306942720777810978e-04
5.821799153413888912e-04
5.590042207871769421e-04
5.446863007639705413e-04
5.394092686612430177e-04
5.360095748508438441e-04
5.336209654386271043e-04
5.313386893195992449e-04
5.305772521298528699e-04
5.303409447786072576e-04
5.301542631653715677e-04
5.297859634662480371e-04
5.296641828740011014e-04
5.294947811147193836e-04
5.293691500214448313e-04
5.292212458772495168e-04
5.290752843748296186e-04
5.289891354180123071e-04
5.289095122609776016e-04
5.287811282526052366e-04
5.285158739348938713e-04
5.284228379369539444e-04
5.283137252244593518e-04
5.280865201796654945e-04
5.279457058853672356e-04
5.278010381183013185e-04
5.276112468025909380e-04
5.275095319463902642e-04
5.269644245358909166e-04
5.264688587769333428e-04
5.262788001314910435e-04
5.261860555131805256e-04
5.260376528069279044e-04
5.257958979408703304e-04
5.256200146528139817e-04
5.255082382634446159e-04
5.253697176586276515e-04
5.243704551469242957e-04
5.242861014261995800e-04
5.241207338822302577e-04
5.239945836535876570e-04
5.238932312315142895e-04
5.234819229353661644e-04
5.233550236555929800e-04
5.231062761670448149e-04
5.229899299438600527e-04
5.227673044603271119e-04
5.225419887136034582e-04
5.223876568082011680e-04
5.222312766980642630e-04
5.221621868555418417e-04
5.219971391266414783e-04
5.218107854652509394e-04
5.216088672464667085e-04
5.215076902715218461e-04
5.213741112859455323e-04
5.212098442360748370e-04
5.210799899017314702e-04
5.209625741597154625e-04
5.205251698228789388e-04
5.202005016734498116e-04
5.198911743899583930e-04
5.197238999450051657e-04
5.196340494071313189e-04
5.193466197777485025e-04
5.191662449915160566e-04
5.190230534494583679e-04
5.188713581103062333e-04
5.185860347194444671e-04
5.183774251492483673e-04
5.182226022080279508e-04
5.181220643530541192e-04
5.179200562786010842e-04
5.178146319999947771e-04
5.175919592397364415e-04
5.175068834979753424e-04
5.173142123379380862e-04
5.170272873768328153e-04
5.168814525031940540e-04
5.165671245169555599e-04
5.163789252832232590e-04
5.161704358071946257e-04
5.158969312160337087e-04
5.158523711122734194e-04
5.157572994332387719e-04
5.155833975381357787e-04
5.153808076750828089e-04
5.150464460026156054e-04
5.147559975310573091e-04
5.145044960263373468e-04
5.142724246666226934e-04
5.141287504460316862e-04
5.140243059766993507e-04
5.139075493229620884e-04
5.135990826670733820e-04
5.134116931299393706e-04
5.131834683203322306e-04
5.130129664158307977e-04
5.128221379615276361e-04
5.124852021566665390e-04
5.122742678156670584e-04
5.120803230096895690e-04
5.119013379364639044e-04
5.117026792928986790e-04
5.115065221021222828e-04
5.112250142276360222e-04
5.110334761674056739e-04
5.105527215992237879e-04
5.103093843994887168e-04
5.101750102026153099e-04
5.098002561894829626e-04
5.096329475235686010e-04
5.091165791632132603e-04
5.084749667359397514e-04
5.080650919329322227e-04
5.078110734081177401e-04
5.075945615455050748e-04
5.072312068746185872e-04
5.069829787015051525e-04
5.060702100494728897e-04
5.054731835127120694e-04
5.051924167226111819e-04
5.047811115257890826e-04
5.040365095925342098e-04
5.034477179825147704e-04
5.029798785003159736e-04
5.026445818562596873e-04
5.022991633458866179e-04
5.018667645313691032e-04
5.012781302172816941e-04
5.009563202695715978e-04
5.007046242976009561e-04
5.005325122877245410e-04
5.001173795801226599e-04
4.996987867867909092e-04
4.993889270958684146e-04
4.991482112755646827e-04
4.987502213956117574e-04
4.978676540986800951e-04
4.975752481716476123e-04
4.969348004849398178e-04
4.966098752371118051e-04
4.963697944471274180e-04
4.960301367953451855e-04
4.956946934202167282e-04
4.953482408780987729e-04
4.949021944541425388e-04
4.946100923552930462e-04
4.942854754168175824e-04
4.938845609116217185e-04
4.936831618384347666e-04
4.935822967030645747e-04
4.933997677877260263e-04
4.931367117436740105e-04
4.924557765022476337e-04
4.920774406433826203e-04
4.914235424024278234e-04
4.910271603218896615e-04
4.907102269785460890e-04
4.902542322678169308e-04
4.897279393984199690e-04
4.891960949196115689e-04
4.887951780330852206e-04
4.883924463162062513e-04
4.882217502894075885e-04
4.875419477462924426e-04
4.871263148780193269e-04
4.867246043126961406e-04
4.862732332335188267e-04
4.858181574815842538e-04
4.854062522827990020e-04
4.849581736711460010e-04
4.845341238653342827e-04
4.840332480363693083e-04
4.828470817816351277e-04
4.822442560788284976e-04
4.818520209074095458e-04
4.815747016015146996e-04
4.811980033642405908e-04
4.806424728373856568e-04
4.803250687410412674e-04
4.801351469080968764e-04
4.796431560318279493e-04
4.790862857414698059e-04
4.788051826978367929e-04
4.783457434907439345e-04
4.778338762539891178e-04
4.775838372306411635e-04
4.771214241671051953e-04
4.767626017489616269e-04
4.765235313083181603e-04
4.758827227148463646e-04
4.752582321394605361e-04
4.745560345396892523e-04
4.741836935637496549e-04
4.733686463622773931e-04
4.728564787785908435e-04
4.723525817944031202e-04
4.718830896534726154e-04
4.713685226658571046e-04
4.710536693880270276e-04
4.707131863992521439e-04
4.701050885261739802e-04
4.695093587244685940e-04
4.685742790107787583e-04
4.674207722432087994e-04
4.669819176949231384e-04
4.663576194612726222e-04
4.659397018101467934e-04
4.652357636464619700e-04
4.648178268807090507e-04
4.642728119758675678e-04
4.637366014924887577e-04
4.630506254432124728e-04
4.623399184426241247e-04
4.618054962378782911e-04
4.614442014455237095e-04
4.607310829232484314e-04
4.600363643658996870e-04
4.592438612776732253e-04
4.588555764860853601e-04
4.586727771408447073e-04
4.582271939732189591e-04
4.576972828515535590e-04
4.566419657376080275e-04
4.563109382329209071e-04
4.557899571985525263e-04
4.553676118895682353e-04
4.548428231467957950e-04
4.541879845695636210e-04
4.529185907253441452e-04
4.521916684644829935e-04
4.517336935725620195e-04
4.512416298134922237e-04
4.503064777281398515e-04
4.493339451807447631e-04
4.489298279483101557e-04
4.480390900908187680e-04
4.469787179617133580e-04
4.464136078084347098e-04
4.456592717901186195e-04
4.446402162775583066e-04
4.440758260645758394e-04
4.424628598967173280e-04
4.414134256753637019e-04
4.407486980315772850e-04
4.401718937458442031e-04
4.389510172221516350e-04
4.378326387543861136e-04
4.370175712020139586e-04
4.359310994419883056e-04
4.352948965863072828e-04
4.346706910699756695e-04
4.337523888829908358e-04
4.327650793417135862e-04
4.317605392975745878e-04
4.307117491760350820e-04
4.294051968694571507e-04
4.290188765061927990e-04
4.279301266541692800e-04
4.275693873740504651e-04
4.266287222288607777e-04
4.242060305368906131e-04
4.234046775819069242e-04
4.221128303601357260e-04
4.210875402929378872e-04
4.197095259479729883e-04
4.181104371175984311e-04
4.174242004379630005e-04
4.165102100226899216e-04
4.158785454100664535e-04
4.142893880873839288e-04
4.138017573415661327e-04
4.129993224459468904e-04
4.123633562771563321e-04
4.104097872593285624e-04
4.096132784159928664e-04
4.090154486821782030e-04
4.090144901145191438e-04
4.084382503613394702e-04
4.075930756148715543e-04
4.065095099944038520e-04
4.047050013390178676e-04
4.041093082858212854e-04
4.032163287551998989e-04
4.025740156419348485e-04
4.007901393138498880e-04
3.999867942766715764e-04
3.993956879775493129e-04
3.985506276560060648e-04
3.977828119748963442e-04
3.972535453692984135e-04
3.962971211102005262e-04
3.957404874264100546e-04
3.952375599005497489e-04
3.923591977709467568e-04
3.913110048744312432e-04
3.900091603469116102e-04
3.889272645237089928e-04
3.876951716901380391e-04
3.867870895451021090e-04
3.852258359609964425e-04
3.844449982316430780e-04
3.828612282012790733e-04
3.818915292541418482e-04
3.810184841956711370e-04
3.795139634107811614e-04
3.781012226677086434e-04
3.778053511485359134e-04
3.760344623024065597e-04
3.753597857846194155e-04
3.738495472057665843e-04
3.727879043864438472e-04
3.722590947452206764e-04
3.713691924476523521e-04
3.691671815251861563e-04
3.684667008705667891e-04
3.684804059377846572e-04
3.674423441069413969e-04
3.669950266509156380e-04
3.669351178686545436e-04
3.650191844849417101e-04
3.644159841728932870e-04
3.639760303768073109e-04
3.623491206684460839e-04
3.623509892014516523e-04
3.604058258957359723e-04
3.602113272832367912e-04
3.602757540268320909e-04
3.593417942367511833e-04
3.595263616393893735e-04
3.582259081046609058e-04
3.574267578346782470e-04
3.561165482994832531e-04
3.550312269604331502e-04
3.542749579512664512e-04
3.518736797141220609e-04
3.514734352682649405e-04
3.508262951776983563e-04
3.501200783163123539e-04
3.505881038003654231e-04
3.496004420200090690e-04
3.457185739157104328e-04
3.455489077303069284e-04
3.437483877256874423e-04
3.402789137435149988e-04
3.375070257039096151e-04
3.380521873107375399e-04
3.376593823207587382e-04
3.370142604152207553e-04
3.344889534851602114e-04
3.339377872050628250e-04
3.333587329059492163e-04
3.340637993129717711e-04
3.342346954291879079e-04
3.321621370783374460e-04
3.333252744092874320e-04
3.316026674711326327e-04
3.308814450261372440e-04
3.306032980463499758e-04
3.300796869017287973e-04
3.291051023190870689e-04
3.283965440928721070e-04
3.277334383721833082e-04
3.276787120830357953e-04
3.293073939055974134e-04
3.298217665281656468e-04
3.290045534006533017e-04
3.301452891088448873e-04
3.311496283864082124e-04
3.310506878006262373e-04
3.291389490769844068e-04
3.257238763504981759e-04
3.283987731489831853e-04
3.251539139614459764e-04
3.243073562414321024e-04
3.239243239559107192e-04
3.227789464948547333e-04
3.225600250046518880e-04
3.200264498530697816e-04
3.191249454054483742e-04
3.207731727551455837e-04
3.216892924481240426e-04
3.242149142319041802e-04
3.259139560772339244e-04
3.238399106465904981e-04
3.260976409660717957e-04
3.300469010826381018e-04
3.268727470309074805e-04
3.251360277614954259e-04
3.266531017223925446e-04
3.256788806192134362e-04
3.290101569898154304e-04
3.337162528365155735e-04
3.308190720713048076e-04
3.313976720459282238e-04
3.343993001247560831e-04
3.359121673273700640e-04
3.386877612164959834e-04
3.390628044319576786e-04
3.395254565369322541e-04
3.427399829171919737e-04
3.423361481866354309e-04
3.458157311820701536e-04
3.467779355118544965e-04
3.532282244121275798e-04
3.549308944569046936e-04
3.593912715799308820e-04
3.632885956488195699e-04
3.684148618018559659e-04
3.671115758778839425e-04
3.721518325528978062e-04
3.768370257806967342e-04
3.819676392413215893e-04
3.850591392466469693e-04
3.935961405181945369e-04
4.007926527560923095e-04
4.064154328213743128e-04
4.091642431697779889e-04
4.176905620454257379e-04
4.227266173310665872e-04
4.316571417205615057e-04
4.389049617994235765e-04
4.520507962198062977e-04
4.647795286859415049e-04
4.835796359808495126e-04
4.944329205708408552e-04
5.054640773124125051e-04
5.182602757748023961e-04
5.204034187299018920e-04
5.269984126885283006e-04
5.431448096332091788e-04
5.570826343848267644e-04
5.735564301979856556e-04
5.937878113697935348e-04
6.035158056465526151e-04
6.220465312346563219e-04
6.453400247614322688e-04
6.569921738102623126e-04
6.822563711464259923e-04
6.958721952383798738e-04
7.142185241996785354e-04
7.476202257670556050e-04
7.793629187081732535e-04
7.963143206384944942e-04
8.223883350964732077e-04
8.610248157228653958e-04
9.012843301580777695e-04
9.305524460975109994e-04
9.794096764638750285e-04
1.041743050917673212e-03
1.094748719112903761e-03
1.143516819734766198e-03
1.173984259645435456e-03
1.229332898764789236e-03
1.290474079404457840e-03
1.340520470066793209e-03
1.419867508370736137e-03
1.480107427449636054e-03
1.561550909289540889e-03
1.651021838769644581e-03
1.726323916909870172e-03
1.846775505731220075e-03
1.918839980862075247e-03
1.983261522569040609e-03
2.124745490264819559e-03
2.270184082887568081e-03
2.383079928295267665e-03
2.624027870588123857e-03
2.844982844614959809e-03
3.133219691448867802e-03
3.472264562248319596e-03
3.949756030144579988e-03
