1.534394300393332466e+00
1.171182634299370529e+00
8.436765078291407205e-01
5.756381247610175000e-01
3.910186129029656343e-01
3.045160343174361794e-01
2.788029252242719691e-01
2.684719659041832629e-01
2.660608220855958939e-01
2.657018029638549828e-01
2.657104876108707381e-01
2.657163283653987129e-01
2.657258658179481037e-01
2.657441108335092395e-01
2.657349607721317120e-01
2.657512039464081655e-01
2.657249412866898863e-01
2.657293820998705147e-01
2.657215532312104944e-01
2.657244749711520360e-01
2.657160198497210968e-01
2.656998985121781232e-01
2.657005092496055321e-01
2.656969492656379161e-01
2.656843922555803261e-01
2.657264730346559078e-01
2.657045424303448589e-01
2.657592399551464424e-01
2.657610601669535555e-01
2.657294240905450633e-01
2.656930931084907632e-01
2.656810593640754337e-01
2.656905598820485381e-01
2.656440455692206659e-01
2.656429833031077048e-01
2.656479443809219854e-01
2.656587909434762751e-01
2.656498535780371650e-01
2.656341089610531614e-01
2.656422987066433539e-01
2.656136425180547489e-01
2.656243948724846815e-01
2.656207772907181464e-01
2.656015739570275480e-01
2.656019136022005345e-01
2.656019945115911107e-01
2.655898834446016044e-01
2.653796202542872407e-01
2.654826549605813213e-01
2.654617949500113205e-01
2.654331090242696423e-01
2.654063871338246394e-01
2.654046428903321653e-01
2.653942405948622740e-01
2.652610200057639589e-01
2.653427249215556394e-01
2.653210478147657314e-01
2.653322354586457599e-01
2.652728698390306450e-01
2.652435385690061209e-01
2.652572116157027038e-01
2.652571002605239592e-01
2.652726826389162906e-01
2.652968865573092638e-01
2.652417689782318178e-01
2.652257335085704826e-01
2.652322396401673998e-01
2.651865363466881509e-01
2.651690318195023544e-01
2.651692263060981825e-01
2.651469673924783388e-01
2.651450338782442295e-01
2.650950609164068883e-01
2.651146807920580772e-01
2.651143038327102297e-01
2.651165511370476291e-01
2.651159380720118364e-01
2.650903414839883565e-01
2.650396824702743181e-01
2.650209977941738737e-01
2.650417357026481624e-01
2.650085250089135869e-01
2.650135762903628733e-01
2.649627665929444320e-01
2.649779575427206879e-01
2.649899212395962489e-01
2.649566952796805763e-01
2.648879457376177582e-01
2.648708396752136318e-01
2.648816941557179949e-01
2.648397596549301736e-01
2.648132755532632276e-01
2.648118703273958374e-01
2.648273716174406323e-01
2.647485040946454538e-01
2.647597781518647442e-01
2.647343607421551726e-01
2.646925303596625034e-01
2.647523430407223710e-01
2.647092750867181543e-01
2.646490997494392317e-01
2.645277189620838243e-01
2.640472682797710413e-01
2.640016874486377230e-01
2.639941647274058889e-01
2.639224459535193801e-01
2.639863512468471618e-01
2.639644322001626908e-01
2.639134936925381369e-01
2.638592673839030289e-01
2.638467410034818217e-01
2.638594994806627292e-01
2.637946195523050430e-01
2.637664209159355511e-01
2.637569326016607207e-01
2.637491575327645110e-01
2.637670011070413212e-01
2.637464478512615562e-01
2.637436649690837465e-01
2.636878305578235770e-01
2.636066994682260689e-01
2.636202766376460893e-01
2.636186851795588315e-01
2.636215203071443636e-01
2.635749934549537765e-01
2.635673161241534612e-01
2.635090137184479819e-01
2.635339457603710356e-01
2.634018895734933086e-01
2.633605100932009391e-01
2.633726257631662793e-01
2.633654808511722289e-01
2.632183701131778908e-01
2.631174168939909852e-01
2.631351852261659685e-01
2.630632675118599328e-01
2.630084312474242347e-01
2.629073396977297250e-01
2.629380033495894997e-01
2.628595570845893015e-01
2.628506764416443375e-01
2.629061619875961986e-01
2.628339405159900721e-01
2.627856607263922561e-01
2.626966170544597357e-01
2.626534253538965746e-01
2.625897435519762846e-01
2.626126732797474661e-01
2.625508876830621730e-01
2.625244989940813678e-01
2.624844315399723627e-01
2.624490793791606769e-01
2.624743198023096191e-01
2.623728948804328054e-01
2.623480744794248198e-01
2.623250537677024319e-01
2.623288212263063524e-01
2.623076529811916302e-01
2.621450351887958941e-01
2.621171790350035335e-01
2.620433579957013870e-01
2.619543585183492507e-01
2.619236963814696173e-01
2.618597041726581920e-01
2.619127222616877693e-01
2.618415984009327402e-01
2.618655517629022711e-01
2.617529149474073780e-01
2.616639374365457016e-01
2.617868335867664098e-01
2.617289957951901558e-01
2.616885670703471001e-01
2.616487512088226386e-01
2.615062976059106536e-01
2.614941804932290337e-01
2.614324625718690287e-01
2.613548238346150576e-01
2.612651809517716472e-01
2.612031353901315134e-01
2.610965399817294363e-01
2.609813180301224222e-01
2.610720726999734564e-01
2.608784816023965170e-01
2.608412925012006944e-01
2.608437566501199956e-01
2.606815754046942768e-01
2.607401334872559984e-01
2.605721521360306880e-01
2.604805830284590562e-01
2.605729067503608776e-01
2.605518245407215661e-01
2.604969478144196771e-01
2.604982252350378502e-01
2.603831905208500164e-01
2.604554727726176577e-01
2.604143862274455046e-01
2.603479094215711553e-01
2.601326499521740554e-01
2.599692544763522184e-01
2.598131769882043862e-01
2.596600852805977522e-01
2.596518225274025982e-01
2.595858123528558825e-01
2.593720440757303902e-01
2.592307314349221459e-01
2.591611601781000362e-01
2.591688247620339558e-01
2.591434026141661295e-01
2.590687953388794429e-01
2.589497615386544549e-01
2.589566056111824444e-01
2.586914313907305862e-01
2.586646831433277449e-01
2.585256514701806396e-01
2.585241666892012513e-01
2.584463987339976621e-01
2.582055085712167686e-01
2.582313427569796760e-01
2.581621270428824388e-01
2.580819318644881899e-01
2.580432666217641891e-01
2.578831970864469691e-01
2.576634922220551460e-01
2.576326112773328347e-01
2.575484398299761613e-01
2.573697122010164540e-01
2.571828116635945238e-01
2.570623535007812710e-01
2.568926400944563926e-01
2.567853193224520214e-01
2.567140219407891832e-01
2.565763659803235730e-01
2.565690387768381764e-01
2.563881171366494405e-01
2.561382486315936235e-01
2.561542551228929709e-01
2.560714156738623792e-01
2.561067396125340512e-01
2.560159854795339696e-01
2.558630816815578024e-01
2.557369149363581950e-01
2.556347566476294686e-01
2.555481870453290560e-01
2.553335924435631843e-01
2.550223662419604520e-01
2.548339412844102814e-01
2.546867858024495779e-01
2.547396259862872436e-01
2.547324412155947959e-01
2.545623124290902761e-01
2.544582313855230371e-01
2.543102986380693098e-01
2.541823092374986270e-01
2.542508319358889879e-01
2.542859004987536031e-01
2.540759960754442881e-01
2.539785272117035531e-01
2.539411624209878537e-01
2.537940032540690893e-01
2.537989326788441247e-01
2.535903635963924208e-01
2.533297718617429917e-01
2.533814648018439253e-01
2.529786592290785285e-01
2.529061291463884920e-01
2.529320111547826433e-01
2.525884594082431489e-01
2.525636518290301225e-01
2.523584388984603799e-01
2.523770006368273311e-01
2.523191840875989578e-01
2.520825179157140106e-01
2.519314440515553200e-01
2.517044383197736823e-01
2.515423856736672681e-01
2.514192446577222517e-01
2.512714792950505038e-01
2.509596512186435535e-01
2.508953971403627414e-01
2.505537320758048914e-01
2.506554385674799046e-01
2.502441418010697416e-01
2.501355732476541194e-01
2.497916412633912342e-01
2.497436292051937179e-01
2.496807093142890954e-01
2.493416987074281721e-01
2.493855618366832005e-01
2.490117490722631999e-01
2.488711008723625828e-01
2.488176597860716488e-01
2.485354777074685884e-01
2.481734635553153046e-01
2.481142688981801958e-01
2.479725799551851517e-01
2.478277917336302316e-01
2.475157975984762226e-01
2.471141111764446896e-01
2.467567248765008825e-01
2.467092091448555569e-01
2.466471479396599720e-01
2.468054673670135313e-01
2.464925489477802767e-01
2.463572575543483134e-01
2.461335747696900833e-01
2.457442399702169655e-01
2.455931396077283280e-01
2.451648468676499992e-01
2.447625704318841522e-01
2.447268435005630349e-01
2.446728429156067863e-01
2.443765773202413727e-01
2.437960773920061774e-01
2.435613342243512502e-01
2.431342092816167200e-01
2.431079585061212689e-01
2.426947932328191448e-01
2.425250465886353568e-01
2.422463813334952698e-01
2.416103397668947217e-01
2.416311678082324610e-01
2.418248903215197976e-01
2.417345718669646482e-01
2.416269341341435728e-01
2.410440622797387911e-01
2.407645057176616976e-01
2.405452975077138067e-01
2.401262682640604162e-01
2.398731731808210477e-01
2.393676137104812363e-01
2.390530838266541891e-01
2.387711958680205082e-01
2.386504171119484541e-01
2.380565607604296363e-01
2.377163018448943121e-01
2.372413083132117462e-01
2.371249414406584322e-01
2.364030202825646854e-01
2.363013129831357528e-01
2.359723955556723429e-01
2.361074466978868580e-01
2.358433205367367891e-01
2.351157807973236480e-01
2.345346779857450936e-01
2.337853340892700471e-01
2.337444806821454835e-01
2.334389225378941390e-01
2.330513765787928238e-01
2.326173207535869591e-01
2.326842222721972608e-01
2.326190914458027559e-01
2.319483529828926527e-01
2.318504664607440036e-01
2.310463161118694320e-01
2.306466230330626865e-01
2.303092850794407620e-01
2.298915360057693369e-01
2.286510808465014311e-01
2.286511122226431714e-01
2.282657496474504444e-01
2.280060096555649729e-01
2.277670038948077236e-01
2.266931338964240372e-01
2.260998348258396184e-01
2.265428950187571011e-01
2.260379699301229284e-01
2.260663729048172643e-01
2.257678971289386327e-01
2.249062441259324086e-01
2.236687008648848007e-01
2.233630642386836007e-01
2.223591270433762090e-01
2.218563234831114617e-01
2.214791490470811308e-01
2.211602928156579939e-01
2.208249760568058440e-01
2.199497728965574828e-01
2.191107830620676322e-01
2.191139588667105620e-01
2.186426205199785422e-01
2.183557471130612992e-01
2.179442283912094991e-01
2.171525311934354718e-01
2.164218072665703707e-01
2.162631331880373597e-01
2.150669472312944086e-01
2.142410925958866952e-01
2.134154671160613248e-01
2.129952056515146130e-01
2.121255879069198769e-01
2.117517606131121000e-01
2.112061706862796984e-01
2.105782047783938127e-01
2.096273892996920463e-01
2.101484990877960368e-01
2.096530427394474871e-01
2.088582460983494926e-01
2.087529674306683736e-01
2.082232823439684188e-01
2.063440916507019718e-01
2.060613916944762092e-01
2.058569477026593042e-01
2.052187195896301442e-01
2.047006434327685864e-01
2.039807316394390002e-01
2.039059362420524990e-01
2.034221698530056799e-01
2.024185334743612563e-01
2.014575892227551124e-01
2.006425632176248586e-01
2.011086236436662456e-01
2.019418445991960909e-01
2.008473500399927114e-01
2.002739419786798980e-01
2.004164414993575838e-01
2.007167498079873713e-01
2.009100850895184365e-01
2.011194411157384565e-01
2.013968351124995337e-01
2.015148238938971881e-01
2.010143716279451376e-01
2.005327724881051932e-01
2.000340160844506776e-01
2.000743038249715999e-01
1.999425323550328981e-01
1.997841477459788850e-01
1.995967055577827221e-01
2.015333761436302884e-01
2.015472011899475391e-01
2.010066280754806423e-01
2.000005206923715639e-01
1.999783377177001553e-01
2.020865357658748751e-01
2.033501467784538663e-01
2.027840365300161984e-01
2.044378046562581319e-01
2.064169296306038459e-01
2.062224982352951763e-01
2.068374443141914043e-01
2.094502418129019772e-01
2.121030791140840754e-01
2.135554500813797996e-01
2.134693951480417240e-01
2.123598091678359223e-01
2.136588452951444228e-01
2.152794135168420442e-01
2.174495569969040198e-01
2.211594887343567017e-01
2.223518198841061000e-01
2.230834891042959844e-01
2.271545708997895485e-01
2.305043830782602110e-01
2.322558665852725301e-01
2.330458748454765361e-01
2.348396063764896513e-01
2.366860527725317132e-01
2.401567660102958413e-01
2.422897213182019227e-01
2.454619916681485270e-01
2.494186466732427054e-01
2.543535656361771702e-01
2.572394837810406121e-01
2.609314901464803160e-01
2.663147033603342484e-01
2.703148113738640390e-01
2.759790502392597267e-01
2.816014204031449530e-01
2.916511707456194702e-01
2.930170972576801591e-01
2.970523451436961615e-01
3.029455689913765903e-01
3.099906933324225178e-01
3.176409847912811668e-01
3.268717682993118601e-01
3.365571558487724380e-01
3.467353149510256638e-01
3.538745640069057008e-01
3.611947518635468812e-01
3.738198739234229739e-01
3.805824634050190003e-01
3.897514748131009621e-01
4.007095562213157658e-01
4.081630286671713015e-01
4.239615543421294541e-01
4.355359053519667900e-01
4.475313196378857827e-01
4.637579677995612437e-01
4.869048996824252296e-01
5.018472806416063303e-01
5.241838296731693436e-01
5.477532582855835219e-01
5.687295048017362298e-01
5.880670326825260252e-01
6.133989437160056735e-01
6.413041099810488088e-01
6.806444724251641265e-01
7.292558434740712414e-01
8.088517124797552915e-01
