1.492912436209222491e-03
1.586887382374317090e-01
3.209407999748807305e-01
4.838333182642508556e-01
6.492539545217345109e-01
8.113543291810966229e-01
9.777525043862512755e-01
1.142414705253300689e+00
1.306571282526729050e+00
1.496127018319797664e+00
1.695930058943622587e+00
1.893558918114868206e+00
2.097339531008521885e+00
2.294749286622531859e+00
2.494114120131888601e+00
2.691608146344838470e+00
2.889624650271199968e+00
3.089073754379491721e+00
3.284882368613696091e+00
3.484146077404321140e+00
3.688482876250963827e+00
3.892566863300789048e+00
4.096263205595509049e+00
4.293672961209519023e+00
4.493307460635467265e+00
4.693734103691411974e+00
4.894969744497150721e+00
5.092935686064121725e+00
5.290851065271739984e+00
5.487182157219339551e+00
5.682990771453532375e+00
5.876827453672597734e+00
6.071793361917423582e+00
6.271512131942295731e+00
6.475090495398489132e+00
6.676680072719768155e+00
6.876820195739332675e+00
7.077095151717191612e+00
7.277858877168891460e+00
7.475184362183950881e+00
7.673875030901805339e+00
7.870475788766015057e+00
8.066773172474054121e+00
8.264907655238912909e+00
8.461609537821843219e+00
8.656036114233462087e+00
8.850884043639775101e+00
9.038922908651970900e+00
9.235523666516170849e+00
9.430354741802675633e+00
9.624157715782153844e+00
9.816983150813969772e+00
1.000537595234168897e+01
1.020222952200270150e+01
1.039345381565470561e+01
1.058038030876092428e+01
1.077738556549999771e+01
1.097727287672273988e+01
1.117672198083099921e+01
1.137357555049198155e+01
1.157014260011661655e+01
1.176649054618398260e+01
1.196084970611645559e+01
1.215647292503299326e+01
1.235015792017397018e+01
1.254052265371680974e+01
1.273206717564477941e+01
1.292469036123913817e+01
1.312577431496678670e+01
1.331726827453539386e+01
1.350820604815101866e+01
1.369767751334512162e+01
1.388812651748692240e+01
1.407717662968636319e+01
1.427514257125334396e+01
1.447240063978925839e+01
1.466316987220700341e+01
1.485742790742073893e+01
1.504735443384914895e+01
1.523783714623051289e+01
1.543172439080893632e+01
1.562716221440781261e+01
1.581280779441017970e+01
1.600143655361494055e+01
1.619252601430865113e+01
1.638088510759678940e+01
1.657283412839966275e+01
1.675942353911012717e+01
1.694832196423147153e+01
1.713445631370768041e+01
1.732276484463647037e+01
1.750751715629012750e+01
1.770121900555087535e+01
1.789808942933168368e+01
1.809364523176908435e+01
1.828336950876009936e+01
1.847265557863661556e+01
1.865809890920161607e+01
1.885651991200293409e+01
1.905293527454955793e+01
1.923697971317218958e+01
1.942370395684102746e+01
1.959193923110304070e+01
1.977623648152251334e+01
1.996737650457565749e+01
2.014353321513777217e+01
2.033201028726450588e+01
2.051644237064223475e+01
2.070288009427466136e+01
2.089081783456817476e+01
2.107646341457061467e+01
2.126580004680651115e+01
2.144504106128973930e+01
2.162517534412166853e+01
2.181833786154930976e+01
2.201261275088291569e+01
2.219699427190132468e+01
2.238004431745650180e+01
2.257089782047324888e+01
2.276390865082274928e+01
2.295378461489187671e+01
2.314768871359014923e+01
2.333505341381091824e+01
2.352260350934934507e+01
2.371637277508932229e+01
2.390085542082644920e+01
2.408624818903207299e+01
2.426107342413098067e+01
2.441919622652053334e+01
2.459504956292648359e+01
2.479202111142604537e+01
2.498250382380749102e+01
2.516533476580542583e+01
2.533660378162919713e+01
2.552417073128737002e+01
2.571544558729881302e+01
2.588777641266921847e+01
2.606676461535561273e+01
2.623188187745697419e+01
2.640428011930649888e+01
2.658596498115890938e+01
2.677523419691565820e+01
2.695260440410248037e+01
2.713784548523000595e+01
2.731799662218174873e+01
2.750229387260118230e+01
2.766892800548340148e+01
2.785755676468821562e+01
2.804020231136848551e+01
2.820567350998539169e+01
2.834308259915624362e+01
2.850405374778983969e+01
2.864812021427669109e+01
2.883125453043079034e+01
2.899473694291276615e+01
2.916531493982525092e+01
2.932992657833299432e+01
2.951103840011261781e+01
2.969914468160399679e+01
2.987176202701076022e+01
3.005454240664935739e+01
3.024025540313097338e+01
3.042891787057537556e+01
3.061640054963463342e+01
3.078891677032267893e+01
3.097201737823723278e+01
3.114776958992444023e+01
3.128969558319830568e+01
3.147869513303841416e+01
3.166088561848443206e+01
3.184108731779555512e+01
3.202936214048479968e+01
3.222099093301180517e+01
3.241428828339771684e+01
3.259806305610375432e+01
3.274920825290132598e+01
3.292996613816541185e+01
3.311149931293975612e+01
3.326874570110037865e+01
3.343445285739429096e+01
3.360863763594129949e+01
3.375467603444334941e+01
3.392270905926791613e+01
3.410916363702012433e+01
3.428880915037825616e+01
3.443014524945956367e+01
3.459986368626290698e+01
3.477445296368478012e+01
3.494594108306582569e+01
3.510856393543863163e+01
3.528288354694390705e+01
3.547431009003341984e+01
3.566511303069083283e+01
3.585699463501462958e+01
3.603075806056684627e+01
3.619712252753251391e+01
3.637665006205200058e+01
3.654680670596976455e+01
3.672468253675013017e+01
3.688256938146265185e+01
3.705028217801119439e+01
3.721718597680989404e+01
3.739907308809968356e+01
3.756869040018422368e+01
3.774992020080225785e+01
3.792376789695347838e+01
3.810339655619177535e+01
3.825347994344265601e+01
3.841923766209585267e+01
3.858245040866117392e+01
3.876403414579473150e+01
3.893528630749865016e+01
3.908252134850546611e+01
3.922137989197793217e+01
3.939763772725870439e+01
3.955291218340412485e+01
3.970072026448377756e+01
3.984977555042770092e+01
4.000981972247299723e+01
4.018422360457712728e+01
4.035877917375947277e+01
4.051634579019595606e+01
4.069196316892482912e+01
4.085667593215117677e+01
4.100691100648015919e+01
4.115170220011783186e+01
4.133109490167917954e+01
4.148840870631887867e+01
4.166748117960426612e+01
4.185332900904399622e+01
4.200112023600382827e+01
4.216070934681483351e+01
4.234571447026527835e+01
4.250257321367076457e+01
4.267751642760810427e+01
4.285203828855084396e+01
4.300685768346195204e+01
4.317123336429261826e+01
4.333950234679416269e+01
4.348608007712928014e+01
4.366405703262838500e+01
4.384127555273707344e+01
4.401026926238952797e+01
4.416756621290943485e+01
4.432599238945530828e+01
4.449245798113954464e+01
4.464825491499836119e+01
4.482075428156654340e+01
4.495401725726969033e+01
4.509963430277699103e+01
4.527488089087056977e+01
4.542799801968321560e+01
4.560068278156904853e+01
4.578747444171695946e+01
4.595255799557875065e+01
4.612707985652141218e+01
4.629870280886064648e+01
4.644214567291535900e+01
4.659099870942180388e+01
4.673980118356899283e+01
4.689256437586617210e+01
4.706017604769593277e+01
4.723028212925426317e+01
4.739271958630936865e+01
4.756296050082607252e+01
4.771681921090935674e+01
4.789552089355927933e+01
4.806812138484610131e+01
4.822779476625605355e+01
4.838778837594195181e+01
4.855882143408864238e+01
4.873930965343608790e+01
4.892578108530804570e+01
4.911039856400338266e+01
4.928945418316888549e+01
4.944796463031354961e+01
4.961490213735188348e+01
4.979244088573646820e+01
4.996979423880360827e+01
5.012835524830746436e+01
5.029456802819494499e+01
5.045582569686496299e+01
5.062564525838690344e+01
5.078638044934352536e+01
5.093545258940728360e+01
5.109244616577093012e+01
5.124590037697941369e+01
5.142247844053612482e+01
5.157721356484844222e+01
5.174597131682372009e+01
5.190621773830650909e+01
5.206329558526916657e+01
5.221944645564354914e+01
5.236804668035320276e+01
5.255596756652685997e+01
5.272598937748630021e+01
5.289213474089468292e+01
5.304939798317504085e+01
5.319629594178606169e+01
5.334243546500670874e+01
5.350585046100946585e+01
5.367641160380218679e+01
5.384778174434455877e+01
5.400191012034439098e+01
5.417525219290195082e+01
5.435038080215691991e+01
5.453688594226842667e+01
5.470186837141157099e+01
5.484915397477763577e+01
5.501572069118066821e+01
5.520160222886006807e+01
5.537858479129165801e+01
5.554799985393872674e+01
5.570639232224488069e+01
5.588844797473249315e+01
5.606029003062894844e+01
5.621839597889870532e+01
5.637810306854817810e+01
5.654510799206568805e+01
5.672842770353736341e+01
5.689236517725355924e+01
5.706540387565493688e+01
5.721459399455707029e+01
5.737588537146667278e+01
5.754113746652624428e+01
5.769663102622902784e+01
5.785170323293689876e+01
5.802280370756277961e+01
5.817364553020413354e+01
5.832814469683932401e+01
5.849098665276933673e+01
5.867322770057471359e+01
5.883480559752064920e+01
5.900403526484994643e+01
5.916675924194156266e+01
5.934653958825775533e+01
5.951637600389960880e+01
5.966952684095181070e+01
5.982404286170674368e+01
6.000414343629903868e+01
6.018358670021960677e+01
6.033687237023009686e+01
6.049762441530646129e+01
6.067319123167611394e+01
6.084471305929645268e+01
6.101063931914757887e+01
6.116453173747039074e+01
6.133462096490901416e+01
6.150080003655691741e+01
6.167699045535855618e+01
6.184055713843941504e+01
6.201302279676800566e+01
6.216035896249348980e+01
6.232815602964100066e+01
6.248941369831104709e+01
6.265781751377076603e+01
6.283847427431607713e+01
6.302010857380899012e+01
6.318025387057301145e+01
6.332607316551774801e+01
6.349174661357192662e+01
6.366599880859808991e+01
6.383421722874020787e+01
6.399941876144055186e+01
6.416140115726130944e+01
6.432843978901838966e+01
6.451098421097984215e+01
6.467852846633047648e+01
6.483530293913707965e+01
6.499413361455761162e+01
6.514382935705347677e+01
6.530493533864525091e+01
6.546663121442979616e+01
6.563173162241133696e+01
6.578960161300403797e+01
6.595390987735552812e+01
6.612699913811623276e+01
6.628933547045258479e+01
6.643817165283921611e+01
6.662083405363915745e+01
6.679909752917473043e+01
6.697203510285724803e+01
6.714691090031560350e+01
6.732057320114903121e+01
6.748896016248907870e+01
6.764704925663899360e+01
6.779949222066017001e+01
6.797300283441565227e+01
6.813833920007415657e+01
6.830534412359162388e+01
6.847125352932297915e+01
6.861311210611769695e+01
6.876631350552928268e+01
6.892300370773689622e+01
6.909137381495713726e+01
6.927044628824258155e+01
6.943214216402691363e+01
6.958485479396466644e+01
6.976069127625069655e+01
6.992140961308749070e+01
7.007973466491452541e+01
7.025444192117480213e+01
7.042362102614484343e+01
7.059269900639617390e+01
7.075758031082047239e+01
7.090781538514953297e+01
7.107229219069886028e+01
7.124442076663183343e+01
7.141437516111197681e+01
7.157615530749539801e+01
7.174336248045040065e+01
7.191324945845150296e+01
7.208809154767010341e+01
7.225513017942718363e+01
7.240713493633383280e+01
7.255974644155290321e+01
7.272363335290975783e+01
7.288681239123553723e+01
7.305703645163221438e+01
7.322193461017603511e+01
7.337021460660999139e+01
7.352779807716619587e+01
7.369020182598168844e+01
7.384438076434091158e+01
7.399823947442416738e+01
7.417722767711046572e+01
7.434878321297055948e+01
7.452303540799655934e+01
7.469251788712278994e+01
7.486169699209287387e+01
7.502261757836711809e+01
7.517423469051851725e+01
7.534622843349296772e+01
7.550123322372218126e+01
7.566685610941715368e+01
7.584719264168640507e+01
7.602163023203011960e+01
7.619478690927003584e+01
7.635078609256639481e+01
7.649507166261004443e+01
7.666101477658106944e+01
7.682855903193184588e+01
7.698636160604520740e+01
7.716201269301362231e+01
7.733168056745762442e+01
7.750696086379073790e+01
7.766894325961141021e+01
7.784316174639795349e+01
7.800748686486925010e+01
7.817304233408511038e+01
7.834063715179526355e+01
7.851247920769164068e+01
7.867936615237051967e+01
7.885658467247914416e+01
7.901612322093113505e+01
7.918223487609975564e+01
7.934674538988863901e+01
7.950348615445557243e+01
7.965222121212339346e+01
7.981192830177275255e+01
7.997237697269298451e+01
8.015905065400237106e+01
8.032595445280108493e+01
8.049442568474017889e+01
8.066163285769526681e+01
8.083015465199339644e+01
8.099272694200674039e+01
8.116005209380027452e+01
8.132299517444889148e+01
8.147097179672650213e+01
8.162666760586679970e+01
8.178988035243193622e+01
8.194876159021191597e+01
8.211092938135033137e+01
8.229274907616097323e+01
8.246442259085944215e+01
8.261981502584367831e+01
8.276624106910064427e+01
8.293590894354457532e+01
8.310404309308768234e+01
8.327883461994697711e+01
8.344260355246539973e+01
8.362100186095904064e+01
8.378340560977439111e+01
8.394609587862640865e+01
8.411166820196203275e+01
8.427671804758440999e+01
8.444234093327912660e+01
8.460703684238579569e+01
8.477535638724681633e+01
8.494054106582711938e+01
8.510958533783899327e+01
8.527477001641925369e+01
8.545010087511195707e+01
8.561904402240493539e+01
8.578461634574037475e+01
8.594664930392065116e+01
8.611261637623621823e+01
