1.381300438051266677e-02
7.051930530588734064e-03
3.697393581316496015e-03
1.804607700459840043e-03
9.020645990186311946e-04
6.010990202609013677e-04
5.157306309517118272e-04
4.906197978089832379e-04
4.840894541227099153e-04
4.834942266385890293e-04
4.834799990909362678e-04
4.834434588488241294e-04
4.834317804587958301e-04
4.833770478293725734e-04
4.833724725458504647e-04
4.833667107743784205e-04
4.833534583588304967e-04
4.833483825244491087e-04
4.833403679274482913e-04
4.833106312971804713e-04
4.833026934887579167e-04
4.832980480283765299e-04
4.832916473722160058e-04
4.832811357002180538e-04
4.832720789152535404e-04
4.832598080903926585e-04
4.832494342170105947e-04
4.831124056383089178e-04
4.831031826699334051e-04
4.829766694549666463e-04
4.829365218015773688e-04
4.829177988824152152e-04
4.829106125830905051e-04
4.828917769257512677e-04
4.828849542686189248e-04
4.828769814924903933e-04
4.828670548344798355e-04
4.828544964372706409e-04
4.828462481274277212e-04
4.828376425900494343e-04
4.828087340874341669e-04
4.827884009383198163e-04
4.827729769314709055e-04
4.827626280851941756e-04
4.827562466175478188e-04
4.827388278663152397e-04
4.827290451653492090e-04
4.824034779375705514e-04
4.823423570044979829e-04
4.822782018578569739e-04
4.822602204631640352e-04
4.822412557795432227e-04
4.821043784597648469e-04
4.820873339776362578e-04
4.819917688736991652e-04
4.818860663366815369e-04
4.818707386293670535e-04
4.818613985842797715e-04
4.818528934114621140e-04
4.818287974333271165e-04
4.818214331545232158e-04
4.818053998434056987e-04
4.817948324781353786e-04
4.817753909633514160e-04
4.817385774360695015e-04
4.817183176919125564e-04
4.817055019208589571e-04
4.816861578402819102e-04
4.816821689690965139e-04
4.816618922626476462e-04
4.816467561276111149e-04
4.816223408585078324e-04
4.815598774183097765e-04
4.815373851545093949e-04
4.815300460761781165e-04
4.815160714273890980e-04
4.814889145531323035e-04
4.814690158409173850e-04
4.814451552491003550e-04
4.814119827104610229e-04
4.813935738788385375e-04
4.813808761882072229e-04
4.813534197406496920e-04
4.813195335194296078e-04
4.813030565487550275e-04
4.812718182323252858e-04
4.812475429204031018e-04
4.811872904270012409e-04
4.811656503953026429e-04
4.811351655838904512e-04
4.810997524254813731e-04
4.810738758464941194e-04
4.810527195130300904e-04
4.810387139473320107e-04
4.810182879365680836e-04
4.809909916070755184e-04
4.809639631458209066e-04
4.809298965429810251e-04
4.809037450927380777e-04
4.808908604258033451e-04
4.808188797115136399e-04
4.807676685784015714e-04
4.784730203852545038e-04
4.782889277089030777e-04
4.782605897062276886e-04
4.781531958807731233e-04
4.781131501247983971e-04
4.780895211327800595e-04
4.780295974603534755e-04
4.779847562772374320e-04
4.779347455355789187e-04
4.779048171349367245e-04
4.778449792566439821e-04
4.777654579983599986e-04
4.777366620997134695e-04
4.777081120298588336e-04
4.776453880433256197e-04
4.775497371906901292e-04
4.775019045458054668e-04
4.774685128357068872e-04
4.774095829406630625e-04
4.773810777209601224e-04
4.773565448789441170e-04
4.773436609704094003e-04
4.772992443412524570e-04
4.772190645265118728e-04
4.771693601100329371e-04
4.770759850579123370e-04
4.769162099489995094e-04
4.768479636997477933e-04
4.768168266322564300e-04
4.767786956764741312e-04
4.766652119888488697e-04
4.765724735679662850e-04
4.765287526739162916e-04
4.764574617025388943e-04
4.762289952021085291e-04
4.761762488159115348e-04
4.759801554373081865e-04
4.758861566977194875e-04
4.758013421993064146e-04
4.757221868784898794e-04
4.756101281711913879e-04
4.755284199524986840e-04
4.754564037284388870e-04
4.753876635860087544e-04
4.752937102202451410e-04
4.752488070133726867e-04
4.752075808240639808e-04
4.751230327175394366e-04
4.749985381482096643e-04
4.748533664819214856e-04
4.747473098302313222e-04
4.746492604559560667e-04
4.744503811928128421e-04
4.743531898955416774e-04
4.742879521446189480e-04
4.741993202174805879e-04
4.741235530244427687e-04
4.740325164675108930e-04
4.737531708928674457e-04
4.736588826737196624e-04
4.735887838382734694e-04
4.735338419176824830e-04
4.734839596884520452e-04
4.734095371266658922e-04
4.732692102043008632e-04
4.730307119516303431e-04
4.729160648194317604e-04
4.727909621603137210e-04
4.726695504684573263e-04
4.725619303481864335e-04
4.724769984901110078e-04
4.724112706668318843e-04
4.723018235514810288e-04
4.720560872136001060e-04
4.718669982392240678e-04
4.718021749940135901e-04
4.715743504912057148e-04
4.714185508050646226e-04
4.713132100765701315e-04
4.711480783127977166e-04
4.709517651193779542e-04
4.707631168288504866e-04
4.703595171873306145e-04
4.700604488300632938e-04
4.699484929703795586e-04
4.698053869220059965e-04
4.696430030422046745e-04
4.694942013024902897e-04
4.694097711998544697e-04
4.692861064626685074e-04
4.692341408125045199e-04
4.691112474336337781e-04
4.689869959339867142e-04
4.687423373958880487e-04
4.685416038616775657e-04
4.681215176013894829e-04
4.680229945314627843e-04
4.678637419928115965e-04
4.677176702077346141e-04
4.675404820877905447e-04
4.674235915924828061e-04
4.672200998206483993e-04
4.671261229975079573e-04
4.668474972009092395e-04
4.666991032155043385e-04
4.662254063722633840e-04
4.659897320222238025e-04
4.657333095039866973e-04
4.655360371743105146e-04
4.653573633779749101e-04
4.651965935691782070e-04
4.648830466149750373e-04
4.646673175609534329e-04
4.643261163835309992e-04
4.640393059407414028e-04
4.638649819905929289e-04
4.636089746466522956e-04
4.634302608040217434e-04
4.632104573825903304e-04
4.630319459814541188e-04
4.627006778541691424e-04
4.622372971756585382e-04
4.619347341344017606e-04
4.615626287822000235e-04
4.614170201472157003e-04
4.612509521154069324e-04
4.608569606180924435e-04
4.606182139128914559e-04
4.602036487807195349e-04
4.597773835189459569e-04
4.595542319431720644e-04
4.590514668734610405e-04
4.588156983883950250e-04
4.585544845392273321e-04
4.581726196514172172e-04
4.579289251488318619e-04
4.576934425538256275e-04
4.572594414456650777e-04
4.569893303116739393e-04
4.566809676193943845e-04
4.560285110302085250e-04
4.556751118917517812e-04
4.551996980325747656e-04
4.548036827773830151e-04
4.545195221552924365e-04
4.542528768044023450e-04
4.540136941096641326e-04
4.535813167391445082e-04
4.532649331210229305e-04
4.528837708600753778e-04
4.526030314912217294e-04
4.525138182647354111e-04
4.521615437464797231e-04
4.515978711051407994e-04
4.512441076412771900e-04
4.505864385201882052e-04
4.501581764761212415e-04
4.498065680563224358e-04
4.494372379645722145e-04
4.489828851890411039e-04
4.486805593589054605e-04
4.483316160170618516e-04
4.481105300624806608e-04
4.478512257543156645e-04
4.475878611280373082e-04
4.472368318466801327e-04
4.469610809255617216e-04
4.463983379897387672e-04
4.461427735685324306e-04
4.459106837944528550e-04
4.455132156525542738e-04
4.452745934890481143e-04
4.448787516831480228e-04
4.444600152522391791e-04
4.441257399879336887e-04
4.436887311456159185e-04
4.430492712020905085e-04
4.425724956257467329e-04
4.418796028135960259e-04
4.411168837346319377e-04
4.406660963169225218e-04
4.400688419697499449e-04
4.396525052981057778e-04
4.388797246710441301e-04
4.383295528681976721e-04
4.379706730678965929e-04
4.375388635016579379e-04
4.367278287042755929e-04
4.363852991105537254e-04
4.354185219975494309e-04
4.349880288260291592e-04
4.343258712965809994e-04
4.339009462788861169e-04
4.331138750166678994e-04
4.322761208538316007e-04
4.316060584449903439e-04
4.307914632569608167e-04
4.300616180126176180e-04
4.297871645503675234e-04
4.292050619884302254e-04
4.284761706670967831e-04
4.272899859189727861e-04
4.263469109916333938e-04
4.259197184962404490e-04
4.255868951827265984e-04
4.251581993240467132e-04
4.238530777140397075e-04
4.234209391977889663e-04
4.228233367610858824e-04
4.221049886595027584e-04
4.210310403059731735e-04
4.202688801074692254e-04
4.195171004995932413e-04
4.184024001156067267e-04
4.178300696276079896e-04
4.168545367744085897e-04
4.162203794115373130e-04
4.153196522451113679e-04
4.141120629566937407e-04
4.132019494738891361e-04
4.123660844827314138e-04
4.114273178159156912e-04
4.106428872720715864e-04
4.098249400536981718e-04
4.087624571749130125e-04
4.077479083301821451e-04
4.063247373045444119e-04
4.056513325342186223e-04
4.052485469658163148e-04
4.045811044218244261e-04
4.035386803329568521e-04
4.022837286478085097e-04
4.009385481156929588e-04
4.001965666189038844e-04
3.989641434807976342e-04
3.977283496560068640e-04
3.969527200446639251e-04
3.962212800028858269e-04
3.950872973417125246e-04
3.941044196003306568e-04
3.928623512738365232e-04
3.918677758177979784e-04
3.904963409069936030e-04
3.891831490425561599e-04
3.876057907767257982e-04
3.869340866801932073e-04
3.857688350378591009e-04
3.851321959102164331e-04
3.837624803054211979e-04
3.826139688212628698e-04
3.816149654046885461e-04
3.801277572479797766e-04
3.790534696616951866e-04
3.770766885072591328e-04
3.760382784970066859e-04
3.746510681823539022e-04
3.732852882359470473e-04
3.715404888956219133e-04
3.699053168112735753e-04
3.686904297174945205e-04
3.670559348027180096e-04
3.659184705178467056e-04
3.651038737793084335e-04
3.640054346971756979e-04
3.628326945813290828e-04
3.613937194975054123e-04
3.595282328305221325e-04
3.574564269296133805e-04
3.534494692732781515e-04
3.518554056039143178e-04
3.500354758536070661e-04
3.493160178764369446e-04
3.480440200719726656e-04
3.469702876603034483e-04
3.460896268041862450e-04
3.441651148247198370e-04
3.413290961603670745e-04
3.402863868840028897e-04
3.398504503697258815e-04
3.379351280594242125e-04
3.352344473700229264e-04
3.340113215916382453e-04
3.323757901233965486e-04
3.303243158228390220e-04
3.280542044894980752e-04
3.259682749271684268e-04
3.238526298247879878e-04
3.216000006276574421e-04
3.206049963392176134e-04
3.178006979741677474e-04
3.160667995527786868e-04
3.140151497462601048e-04
3.128571928550304376e-04
3.100321651136917237e-04
3.088934334202509953e-04
3.079826936014460194e-04
3.074079681298178424e-04
3.044317101465993753e-04
3.028003020899690755e-04
3.025961494693178103e-04
3.004370071152568126e-04
2.980626192022502174e-04
2.965412714148295140e-04
2.945753786570250513e-04
2.931288500873745467e-04
2.897635838263880694e-04
2.886138144541485558e-04
2.868246375666738028e-04
2.855220745258243357e-04
2.850733231504638527e-04
2.838534585410084211e-04
2.820415358191988167e-04
2.814002160239605565e-04
2.802600062030798827e-04
2.786478300593786300e-04
2.793111238888362248e-04
2.795122672433202906e-04
2.794265152502146098e-04
2.788495052617049382e-04
2.779697114723607160e-04
2.754934676809742697e-04
2.739191437433203787e-04
2.727639980176440899e-04
2.720171099625075186e-04
2.722856135931038296e-04
2.746728791896064820e-04
2.737053791626918131e-04
2.723477300583345730e-04
2.700536258642055923e-04
2.688197442477865029e-04
2.724071055028263739e-04
2.762269576516246340e-04
2.754406100972428052e-04
2.777908446690127210e-04
2.807306041706051237e-04
2.793480463812343119e-04
2.793464619766198600e-04
2.866975596287203005e-04
2.914753974557815811e-04
2.930975725339969671e-04
2.938024518403640237e-04
2.893700442282976220e-04
2.928331115744360440e-04
2.961816974824901826e-04
3.015905571188897761e-04
3.095866782078554222e-04
3.115893265599555375e-04
3.133978801743005039e-04
3.201133828342733593e-04
3.258214128590070286e-04
3.283327630650950246e-04
3.286942891533067477e-04
3.326340927670762477e-04
3.388235788403067190e-04
3.475830132095856563e-04
3.543291085930718874e-04
3.620501437614428997e-04
3.756219882229467526e-04
3.872858299356281048e-04
3.959439435861378817e-04
4.097305999004212450e-04
4.245292438991980799e-04
4.365720846293847518e-04
4.561173926806164547e-04
4.787142286552576354e-04
5.075056764248664235e-04
5.168462444305583180e-04
5.372768987783153871e-04
5.566877408986816442e-04
5.794481290174617388e-04
6.129325352633188629e-04
6.479866871850202851e-04
6.821533706171836568e-04
7.205012051137553181e-04
7.528187194260784311e-04
7.947072624975403798e-04
8.447912592994002122e-04
8.781091691632300460e-04
9.172676149266943474e-04
9.663222726521066572e-04
1.010270031138807206e-03
1.079464218059243870e-03
1.136469533219904406e-03
1.202100764957656463e-03
1.292020379376084211e-03
1.428640374193151843e-03
1.529883742775599385e-03
1.661852345034927183e-03
1.828974268403159211e-03
1.951795550858398485e-03
2.096022575058607840e-03
2.275304510412245584e-03
2.481721457617609705e-03
2.776613273117892276e-03
3.192255277458113088e-03
3.957962039109265071e-03
