1.107128730751711254e+00
7.613350524399172814e-01
4.890076075337147499e-01
3.148321280225768182e-01
2.449169861183874974e-01
2.265871206834751406e-01
2.177788766951317678e-01
2.156321179627917473e-01
2.145009196547865427e-01
2.140037811821032254e-01
2.138129443042685041e-01
2.130374511970205276e-01
2.129749608633541014e-01
2.128152424118609776e-01
2.125239506905182152e-01
2.123395974502822747e-01
2.121644066073443691e-01
2.121303676417254092e-01
2.118438341408925008e-01
2.116988850239930886e-01
2.114920301602885022e-01
2.114671016427687178e-01
2.114193515511276211e-01
2.113129730530774186e-01
2.111677130631306465e-01
2.110764874851772110e-01
2.110257967260679157e-01
2.108796549748788163e-01
2.108815995894920137e-01
2.107544975066570903e-01
2.106846629139963178e-01
2.105830719159334230e-01
2.104493039288228284e-01
2.102967788220450884e-01
2.101869270086562380e-01
2.100643465212615468e-01
2.099638641142064499e-01
2.097773911732831453e-01
2.096999909892623415e-01
2.095604129213871625e-01
2.094627687425532625e-01
2.094139223140769057e-01
2.093053906034234024e-01
2.090971533871224253e-01
2.091552071438345095e-01
2.091591940331137267e-01
2.090285957370996428e-01
2.089462749495697713e-01
2.087319878480458912e-01
2.085130909274176825e-01
2.084815851628998851e-01
2.084192102742839781e-01
2.082282948063031436e-01
2.080378108665350001e-01
2.079954323699940710e-01
2.078037182992999166e-01
2.076504903323033724e-01
2.075722666415433237e-01
2.073062277063156822e-01
2.073070725302544881e-01
2.070737126116133642e-01
2.070086983039161888e-01
2.069427832212377139e-01
2.069424988049475278e-01
2.067037277033861031e-01
2.062051230677180158e-01
2.060496493412933283e-01
2.059138655830048681e-01
2.059700000589552715e-01
2.059591820715060140e-01
2.058342796668450603e-01
2.056283817708945694e-01
2.054434855150968353e-01
2.054101965171721278e-01
2.052353985110080548e-01
2.050037163057492895e-01
2.047155249872602556e-01
2.047310144631190598e-01
2.043644645306542384e-01
2.042807052746721252e-01
2.040704699751274553e-01
2.037565111635046000e-01
2.036023162810214060e-01
2.033559539936510008e-01
2.032028258391226083e-01
2.031398253698800116e-01
2.028901576175179133e-01
2.026046152254324939e-01
2.022133211551439547e-01
2.023152234187932386e-01
2.021231947851862276e-01
2.020325395316829309e-01
2.018996972218178587e-01
2.017573750007779221e-01
2.015175087098433349e-01
2.013103705501611551e-01
2.011773841731290813e-01
2.008941589167661523e-01
2.005418458251327363e-01
2.004409323030996171e-01
2.002772104377033291e-01
1.999491215860570437e-01
1.997226576066011838e-01
1.996686359590649218e-01
1.998766199063304327e-01
1.997503439288440263e-01
1.995630871117407557e-01
1.994094507568861807e-01
1.991624458535725950e-01
1.986401476715929093e-01
1.985255153502815118e-01
1.984453096522224569e-01
1.979630894661445484e-01
1.976492221697956353e-01
1.973514777384861030e-01
1.971700658442256393e-01
1.970616018907791478e-01
1.969847926971068086e-01
1.968234432805239242e-01
1.964845814102508526e-01
1.959833195445933318e-01
1.959338520654031468e-01
1.957931436568655093e-01
1.953576251170991707e-01
1.953635355291564457e-01
1.949290216670057918e-01
1.945762400233939649e-01
1.941363325487653613e-01
1.941948089178277548e-01
1.939356873016422900e-01
1.936347212525315609e-01
1.935098331161694829e-01
1.933994455804593227e-01
1.930442292606639743e-01
1.926595075510396382e-01
1.924489052307976344e-01
1.921721350455548039e-01
1.920543769120929833e-01
1.917889323646179423e-01
1.913958291549301971e-01
1.914351808514270226e-01
1.908850905170675349e-01
1.906248587062372990e-01
1.907026362347722104e-01
1.904337380326638629e-01
1.901086392818526483e-01
1.898354555769074248e-01
1.896417059681083650e-01
1.898486507238139054e-01
1.894649934274329484e-01
1.893718957998458685e-01
1.887812622329823886e-01
1.881779498697790654e-01
1.875744792696310836e-01
1.873411503837891789e-01
1.871092449710710093e-01
1.868863461775688850e-01
1.862079688057682036e-01
1.855997127543327074e-01
1.855345080973054561e-01
1.853859557237046152e-01
1.847891378214409908e-01
1.845026734361625287e-01
1.842328192457759195e-01
1.843844820174013466e-01
1.836482122468727218e-01
1.834899955597393273e-01
1.833733770319472267e-01
1.828049058501521051e-01
1.822397364902475780e-01
1.819322582185895487e-01
1.813351578841204959e-01
1.808732624458708471e-01
1.804803053024472415e-01
1.799331290541383854e-01
1.794287310081849052e-01
1.792380472955021897e-01
1.789931705447059818e-01
1.787162415184919972e-01
1.783283720029420483e-01
1.782901756604256538e-01
1.775526897322592945e-01
1.773657021319685889e-01
1.770533820679036086e-01
1.769249008267543277e-01
1.758076750717501302e-01
1.756781513941459982e-01
1.751552110644434834e-01
1.749112460831957205e-01
1.743773884161353149e-01
1.743247157992567908e-01
1.744584863346536341e-01
1.746851925554680218e-01
1.740320530802226262e-01
1.732220781298475787e-01
1.730896630229243893e-01
1.729809291266476146e-01
1.725216178107606413e-01
1.720696691463955152e-01
1.715079829859219862e-01
1.705221212042093981e-01
1.709057978944941159e-01
1.702696418810088486e-01
1.698032621425578648e-01
1.700561309821289613e-01
1.701414256070480358e-01
1.695568421805597747e-01
1.688717860245542990e-01
1.694550988344045994e-01
1.697103681247197626e-01
1.690049995751822798e-01
1.683217369711279277e-01
1.680656946702919485e-01
1.681167519649618414e-01
1.677492597907432326e-01
1.681151779743510766e-01
1.685225577701828237e-01
1.677843333120226377e-01
1.676549691460681168e-01
1.678103609333354562e-01
1.670972411456665974e-01
1.659489093494959655e-01
1.659121492953440358e-01
1.656120928931039127e-01
1.657281651166748193e-01
1.646352137299428309e-01
1.639475541863352759e-01
1.629943349892913618e-01
1.640937198584815349e-01
1.627116133075690585e-01
1.633829920739900687e-01
1.632209143046784439e-01
1.639331295642669772e-01
1.643963950529925278e-01
1.645686691224183540e-01
1.651946269062971595e-01
1.651919847357906646e-01
1.652151005323214683e-01
1.639192929093165052e-01
1.642554993843533262e-01
1.653848446280173357e-01
1.660364856635288267e-01
1.668261121955441351e-01
1.674295984228975909e-01
1.674759938415642802e-01
1.679034799858417082e-01
1.667654401880718784e-01
1.690773731644218680e-01
1.684629544651829181e-01
1.690104231616462449e-01
1.695232653140203716e-01
1.688799279624684513e-01
1.716605908392355440e-01
1.724424138220938263e-01
1.726519199914588742e-01
1.737336066232146314e-01
1.746897311065661318e-01
1.759410645179443622e-01
1.775474855749885061e-01
1.782989103957734467e-01
1.781100837518888313e-01
1.789822138750904734e-01
1.804048417650447322e-01
1.814482010404732115e-01
1.822639821274734118e-01
1.847444035580287913e-01
1.862452375425881212e-01
1.890224324119053889e-01
1.916574931641522039e-01
1.943839534708630135e-01
1.983533796456807830e-01
1.970640786876085571e-01
2.006856505379638334e-01
2.028967288959089565e-01
2.057711721962616758e-01
2.071096316252701020e-01
2.113510934783883466e-01
2.148109787909395774e-01
2.175793655658453951e-01
2.207017743365753959e-01
2.257612927146140369e-01
2.278653333865570951e-01
2.308059625736137987e-01
2.341398041992592827e-01
2.386712515174880256e-01
2.419813265329100183e-01
2.461996955969207035e-01
2.513299083476913665e-01
2.584214010293875985e-01
2.672948842240532308e-01
2.712185485483618597e-01
2.754768165640713029e-01
2.784969701776721651e-01
2.859597961817687550e-01
2.927183528072793139e-01
2.993660147851084363e-01
3.030345455199302540e-01
3.123911908076201227e-01
3.203624561586319586e-01
3.301247047002983104e-01
3.342544358090210332e-01
3.464126962526138942e-01
3.563765417738213870e-01
3.639771265624879848e-01
3.735136510017360578e-01
3.833756125735060527e-01
3.960514697826821862e-01
4.082445326258907770e-01
4.202716554785272396e-01
4.350875979657318204e-01
4.528537257893449075e-01
4.723471649799789729e-01
4.856625418525547522e-01
4.994618539366432741e-01
5.161904629288978086e-01
5.317259417023201262e-01
5.615961075982285333e-01
5.900796811213866455e-01
6.184934326046565012e-01
6.696790632360456463e-01
7.126577595154127698e-01
7.653714187572981942e-01
