1.737630475888687171e-03
1.596087460257720192e-01
3.209777683101621704e-01
4.838939416501998880e-01
6.490803909958063889e-01
8.104998638580979131e-01
9.740718947108558678e-01
1.134818693201127049e+00
1.298003936289972238e+00
1.480797637323214566e+00
1.665155306271404179e+00
1.844182030821332807e+00
2.031230397257604015e+00
2.217723807336961173e+00
2.393084456559384510e+00
2.575373651813626541e+00
2.757410594178358654e+00
2.947284192977131401e+00
3.132566789186861822e+00
3.319060199266227862e+00
3.504981836129379413e+00
3.694199577415430813e+00
3.887268379481299441e+00
4.074938969711703329e+00
4.262306856474696204e+00
4.451675949494447337e+00
4.630887659496665698e+00
4.820525822265195437e+00
4.995970555784089662e+00
5.188198514884899026e+00
5.378206648558043312e+00
5.561757108259786087e+00
5.743945402358185071e+00
5.913537868840522904e+00
6.099594040578052656e+00
6.283850808370427643e+00
6.475490177395720082e+00
6.660940942198416259e+00
6.839496794687915049e+00
7.010703679663085275e+00
7.170861888077830315e+00
7.350712638733480908e+00
7.532631863083081747e+00
7.725078441354790826e+00
7.910495572438900780e+00
8.100688691564345234e+00
8.284323235562599308e+00
8.461668274182462923e+00
8.645084199009797743e+00
8.835865908210775999e+00
9.019651803942753787e+00
9.198611261055456012e+00
9.378916066912179161e+00
9.560028082015342932e+00
9.740299254153509168e+00
9.920200455387048422e+00
1.007840790812294962e+01
1.024848806352498443e+01
1.042053579146517883e+01
1.060403580058900452e+01
1.078575322262700986e+01
1.097101900197741742e+01
1.115549438894067258e+01
1.133045143353986539e+01
1.151807157319232111e+01
1.168704181588053537e+01
1.185021024211006413e+01
1.202708440866951101e+01
1.219544924442291034e+01
1.235727232190842528e+01
1.251938128600202127e+01
1.269956837384366466e+01
1.285014097245714382e+01
1.303404458620420492e+01
1.322393500186221793e+01
1.339478873279208493e+01
1.356456618472668119e+01
1.373679889811916510e+01
1.390005140864520783e+01
1.406831534324279609e+01
1.422289035436983262e+01
1.436118664569395165e+01
1.452304335689803771e+01
1.469914394792967371e+01
1.488390522150105255e+01
1.506035896657797402e+01
1.523625775529797011e+01
1.541145023592735619e+01
1.558368294931984721e+01
1.576763701364479608e+01
1.595328958075907089e+01
1.613599919749577438e+01
1.631911241885568487e+01
1.649783643993815829e+01
1.667015323762718992e+01
1.684280637250217083e+01
1.701238202212520534e+01
1.718444656692469508e+01
1.736084986142371633e+01
1.751332276513817732e+01
1.766601428802350782e+01
1.782898091194143575e+01
1.799981782601200209e+01
1.814664026500162564e+01
1.831532462108180681e+01
1.849187926731470100e+01
1.864265366823984138e+01
1.880356863532325917e+01
1.897317791866497672e+01
1.914616739072613072e+01
1.932748120814103743e+01
1.951488272862268047e+01
1.969678513611317427e+01
1.987307071259714419e+01
2.005887463144524574e+01
2.022658360968609870e+01
2.039308177405720457e+01
2.055863819430755157e+01
2.073046730307694219e+01
2.089921892659437930e+01
2.108236578167301900e+01
2.126727840697818550e+01
2.142358555461326119e+01
2.156354671500824338e+01
2.172293134789520863e+01
2.189301150329740508e+01
2.205661716786886473e+01
2.221820480932430542e+01
2.237143447170738142e+01
2.252836384313648566e+01
2.267247876777867788e+01
2.283857332752666025e+01
2.300019460270057081e+01
2.318128980094467195e+01
2.336028289177607320e+01
2.354073904936667105e+01
2.371784865195641956e+01
2.388205972346275274e+01
2.402681368875835588e+01
2.418685417915811442e+01
2.435076254719693978e+01
2.452661088533913158e+01
2.469993669458633434e+01
2.484109185199159242e+01
2.499524644163613729e+01
2.514671033379258702e+01
2.529682887720499451e+01
2.544856183911017666e+01
2.561810385501472709e+01
2.580025851539472370e+01
2.597509784197889005e+01
2.616041407190737900e+01
2.633609424145654998e+01
2.650247468781259741e+01
2.667768398530143870e+01
2.684551068155733233e+01
2.700267548901664938e+01
2.715646010775668984e+01
2.731241410134643033e+01
2.747776871928512321e+01
2.765043867101963571e+01
2.783089482861017672e+01
2.801452937260862797e+01
2.819483417846545237e+01
2.836446027866653807e+01
2.852907495479604805e+01
2.868021932662579232e+01
2.884982860996745657e+01
2.901646130921312405e+01
2.917727537514077341e+01
2.935001259431235709e+01
2.951592216860804285e+01
2.969089603006656120e+01
2.985704104039249529e+01
3.001750195227482720e+01
3.018082173023821113e+01
3.035640099863165631e+01
3.052437904662118129e+01
3.066571918947867914e+01
3.080776564042681898e+01
3.098198274321692836e+01
3.114501663457217973e+01
3.129868353529700187e+01
3.145347716559498963e+01
3.163374833773331218e+01
3.178780202622212769e+01
3.193319503217114175e+01
3.209409318239521980e+01
3.225374688503102050e+01
3.240181377160875087e+01
3.256631072972313490e+01
3.274168819580497569e+01
3.292170711505379188e+01
3.309286354945132302e+01
3.327513592784622887e+01
3.344577103960534004e+01
3.360000971354647703e+01
3.377753973761880957e+01
3.394938566324742624e+01
3.410883756357164032e+01
3.426987024867015208e+01
3.444060626158505301e+01
3.461056869897210220e+01
3.479773478342358572e+01
3.497729964747134801e+01
3.514835518071298992e+01
3.530173619482972924e+01
3.545710159834390396e+01
3.562896434083194919e+01
3.579139282525239452e+01
3.594003148504642553e+01
3.608258244177334717e+01
3.625288121634604011e+01
3.642373494727561223e+01
3.659724574197463909e+01
3.676715772878340971e+01
3.693047750674633534e+01
3.709785014780064216e+01
3.723737406985338083e+01
3.738557549130517543e+01
3.755341900441992919e+01
3.771969854961982804e+01
3.790474570979908719e+01
3.808400787037879098e+01
3.824971564236241051e+01
3.841729008572842474e+01
3.857124287306104549e+01
3.872527974469008427e+01
3.890148123687727377e+01
3.906387608757871988e+01
3.923323311803046920e+01
3.939317270727396902e+01
3.956903786227508846e+01
3.974574386024132622e+01
3.990077292656921770e+01
4.005499478365054244e+01
4.020632414093224583e+01
4.036890397708602052e+01
4.053042435110381803e+01
4.069012850431711570e+01
4.084157557961390239e+01
4.101441369994092412e+01
4.117975150101985804e+01
4.135100883657261051e+01
4.151528717551572356e+01
4.167872467149378934e+01
4.184581142594005598e+01
4.201972582526227029e+01
4.219357295714739564e+01
4.236701648440917722e+01
4.254056091282678409e+01
4.269520319139069642e+01
4.285310794065889439e+01
4.301592321284289966e+01
4.318287543241478232e+01
4.335793337816942028e+01
4.352686998713877387e+01
4.370556037450249676e+01
4.386642489100758269e+01
4.401010257730748521e+01
4.416768780624884272e+01
4.432661838393435971e+01
4.448706247895692911e+01
4.462803265090947491e+01
4.479616205063237544e+01
4.496385421201345878e+01
4.512572774007653464e+01
4.529180548296474029e+01
4.546879736753903956e+01
4.565192740575801622e+01
4.583105503146333604e+01
4.599793998359789526e+01
4.617066038590986921e+01
4.633505644286803005e+01
4.648423324215922037e+01
4.664296201753317206e+01
4.680399470263137118e+01
4.696588504755390403e+01
4.711610449212174245e+01
4.728127412460775503e+01
4.745587801516135329e+01
4.762175395573797232e+01
4.779195182915481865e+01
4.797479598076561302e+01
4.812694936415302038e+01
4.827895139580666495e+01
4.845044416738966930e+01
4.861689188118249660e+01
4.879267295188715536e+01
4.896443479321902004e+01
4.913219422203737707e+01
4.927910074532301365e+01
4.944356406971839846e+01
4.960965862946591187e+01
4.978106731675235608e+01
4.995392225393857188e+01
5.011036393644757680e+01
5.028644771061957641e+01
5.045538431958890158e+01
5.063363746861077885e+01
5.079853803134797374e+01
5.096537253290478020e+01
5.112339500018814675e+01
5.129076764124250332e+01
5.145945199732235409e+01
5.161353931952930907e+01
5.178336722204159770e+01
5.194725877322087371e+01
5.211527045492857724e+01
5.228038963683658835e+01
5.243888297618023842e+01
5.260753369854142392e+01
5.277179522062527184e+01
5.294241351552467734e+01
5.310342938376345501e+01
5.327952997479482633e+01
5.345774949009801702e+01
5.363115938364123991e+01
5.379244432162882816e+01
5.395789984072299461e+01
5.411908387755478600e+01
5.428549246366110737e+01
