7.369877366065646918e-03
3.102794524616435227e-03
1.295597004728137698e-03
5.935937464558120992e-04
4.155690873390726248e-04
3.652219599697980896e-04
3.494228282529017048e-04
3.430608449989257691e-04
3.407020639162148959e-04
3.398799902220285768e-04
3.393210758069134395e-04
3.384834225111746386e-04
3.382499172291399104e-04
3.379436036798494900e-04
3.373813900301795817e-04
3.368055541006195253e-04
3.363126459929591185e-04
3.361322797554544789e-04
3.356940707490620331e-04
3.354635150301821678e-04
3.352097272582873870e-04
3.350005905670436841e-04
3.348914397541214393e-04
3.347483624341469313e-04
3.345745492537797452e-04
3.344178282591686547e-04
3.342538596322067938e-04
3.340547872699243517e-04
3.338817711295027652e-04
3.337327885654874267e-04
3.335798289052950148e-04
3.334759551463803515e-04
3.333110922984239841e-04
3.329922088835604046e-04
3.328127085370168568e-04
3.325747026130684522e-04
3.323952193777443553e-04
3.322027804224238711e-04
3.319759788801871728e-04
3.317948713848893226e-04
3.315059827086650986e-04
3.313513219228121035e-04
3.309702896918227059e-04
3.308283770040734923e-04
3.307309652863583320e-04
3.305515470059190762e-04
3.303495074532772249e-04
3.301827452311466944e-04
3.300234192822448635e-04
3.298842731646585511e-04
3.296918323897261686e-04
3.294431826754732826e-04
3.291577203389548325e-04
3.288795981788380802e-04
3.284935815361935091e-04
3.283447533779978436e-04
3.280857917275334010e-04
3.278270214823953885e-04
3.276029311323771739e-04
3.273303271726912540e-04
3.270501385989485693e-04
3.268189089637930011e-04
3.266282381465988264e-04
3.263490355618553019e-04
3.260702679824193230e-04
3.255389990912459859e-04
3.251086885564864640e-04
3.248868341129067076e-04
3.245951931890119391e-04
3.242204846834996165e-04
3.238112183503948061e-04
3.233052295680179924e-04
3.226692123980021642e-04
3.224529477304968728e-04
3.223283106641277045e-04
3.219415238715450070e-04
3.214191485362067517e-04
3.212116739081377474e-04
3.208219705820682718e-04
3.205643199104704719e-04
3.200797536197147789e-04
3.194143109151279685e-04
3.189659277156109223e-04
3.184915422702306828e-04
3.180533147038726066e-04
3.177479655834819375e-04
3.174409777374766987e-04
3.168873388738335795e-04
3.164236248063316483e-04
3.162312044332398018e-04
3.159236334420495364e-04
3.157037267120158365e-04
3.154256806209358960e-04
3.151970297149821816e-04
3.148002836385630572e-04
3.143782655894888554e-04
3.140082465984159014e-04
3.136509522952116613e-04
3.131823145174046988e-04
3.126693920147290660e-04
3.123352778030054908e-04
3.116720090313041132e-04
3.114532167595986611e-04
3.110662362861402641e-04
3.104671623633233415e-04
3.102065418597744887e-04
3.094932576136410173e-04
3.092058944644778592e-04
3.085056254905336505e-04
3.079997345120075213e-04
3.073665925887242908e-04
3.070906779592856507e-04
3.065819972283591321e-04
3.061407009371109179e-04
3.057123964677456538e-04
3.049414732642263446e-04
3.044929485566556511e-04
3.040889948297680360e-04
3.034181491050265173e-04
3.029668310456057031e-04
3.021695079841353604e-04
3.017929429413736373e-04
3.009293765283438415e-04
3.000520576952658619e-04
2.996319185424672037e-04
2.992896035140879887e-04
2.987124839094353859e-04
2.978047691282368313e-04
2.973334301769094959e-04
2.964118299389693336e-04
2.955312590231942509e-04
2.953281819387115217e-04
2.945222528602017679e-04
2.939056943466275161e-04
2.929778888103136349e-04
2.927200459928695634e-04
2.920414433292618556e-04
2.915332785939014361e-04
2.907676605640477320e-04
2.899455262969095936e-04
2.896017566333598152e-04
2.892311991978627228e-04
2.888999411575717035e-04
2.879107600570600411e-04
2.872629255312182770e-04
2.863614713177681302e-04
2.859315364211435177e-04
2.851550992272697282e-04
2.844382840811840625e-04
2.838794876479385334e-04
2.835348752158305813e-04
2.829650340329695158e-04
2.821941028989531815e-04
2.812991997470980308e-04
2.808151476778804638e-04
2.799788752180071261e-04
2.789837739296645042e-04
2.779247240703126907e-04
2.764569965018800471e-04
2.758178090972735331e-04
2.745067399168551526e-04
2.737391269469386951e-04
2.733567511546850458e-04
2.728252925461906457e-04
2.718405144498570354e-04
2.711231641621865158e-04
2.703522067685450647e-04
2.696867203011927075e-04
2.686948884732956802e-04
2.674031586338089300e-04
2.666472560927039110e-04
2.657460756826394359e-04
2.649811218599393108e-04
2.637709461766590260e-04
2.624062545989079499e-04
2.609400355332808317e-04
2.601772449130839533e-04
2.592404304748943829e-04
2.587125684291253017e-04
2.579368913090178080e-04
2.572852052063219334e-04
2.566623099050437964e-04
2.558959028813467969e-04
2.539343832803681489e-04
2.537298950480276196e-04
2.524568857997540458e-04
2.511443920175016509e-04
2.499056341954459691e-04
2.494271106251832039e-04
2.477951668714233448e-04
2.473517310408381454e-04
2.469607377694063924e-04
2.469172867995072466e-04
2.461227984861403119e-04
2.443222321142620519e-04
2.431897283804881319e-04
2.421098770593232345e-04
2.420248124830098250e-04
2.415848712654082185e-04
2.405344486277194037e-04
2.395869295558527754e-04
2.386436635485190538e-04
2.377414216524577947e-04
2.374236421364621743e-04
2.370599513328063089e-04
2.359587640066622492e-04
2.342847913834983874e-04
2.322050037335827554e-04
2.317441427371713214e-04
2.310224397901965003e-04
2.294650354601613772e-04
2.278060267468327155e-04
2.271551621403802672e-04
2.267600315168514158e-04
2.248753627505066933e-04
2.254488476919401074e-04
2.252963736231637583e-04
2.243933423766564358e-04
2.237448459527210996e-04
2.223794597834735079e-04
2.213089799324734935e-04
2.198672380754485977e-04
2.198706749027905217e-04
2.193272241424486701e-04
2.185970027147663807e-04
2.164535297428490837e-04
2.137956322186117947e-04
2.112406150442310026e-04
2.119649880802806322e-04
2.103591848677184605e-04
2.094986067234153428e-04
2.087996221493630515e-04
2.093816591308497472e-04
2.093738635476315711e-04
2.080601474975097946e-04
2.084557083478088169e-04
2.067913436358104597e-04
2.054205176945318506e-04
2.029811008390915801e-04
2.033261192332303424e-04
2.049242311067496687e-04
2.041160797865963924e-04
2.055330254780176572e-04
2.064148709652003310e-04
2.063569527067215788e-04
2.065582818203636731e-04
2.045149604982102512e-04
2.070154228309105664e-04
2.057909652251907018e-04
2.064606619442233644e-04
2.070541261983658036e-04
2.044805287084014076e-04
2.077592944098786249e-04
2.098468523101005038e-04
2.098989128341872013e-04
2.116684539640952174e-04
2.130731761164854745e-04
2.154357631146301211e-04
2.176124579145537988e-04
2.173004743092174680e-04
2.173610198648327145e-04
2.180210354824213819e-04
2.220873241907747738e-04
2.237734428817364388e-04
2.245284954505892354e-04
2.302238481907039464e-04
2.318603227127976664e-04
2.359128101104059636e-04
2.399714896371051497e-04
2.452576918581838347e-04
2.534587853011506303e-04
2.508181861722474145e-04
2.584322739184201270e-04
2.639975952766772621e-04
2.706056668574320558e-04
2.742936517934618660e-04
2.856370758825335903e-04
2.943858577172747356e-04
3.038822328817100660e-04
3.086230770317962549e-04
3.199579516907820613e-04
3.215960186378353635e-04
3.291910688177224079e-04
3.351660872015858731e-04
3.471633988291271096e-04
3.587654166793356595e-04
3.675632032143982754e-04
3.802511016005213603e-04
4.025389543405938288e-04
4.256846686363113699e-04
4.384178462189491617e-04
4.552909617851259470e-04
4.648133270791448657e-04
4.917508110242646731e-04
5.151158121780918331e-04
5.421754526731438614e-04
5.604255074583283170e-04
5.982987706143965507e-04
6.348155743756053997e-04
6.666720219829731569e-04
6.933290598625169773e-04
7.410680610907376120e-04
7.910420520299515749e-04
8.177730571166598635e-04
8.586465287979839350e-04
9.076620587285084366e-04
9.733410779838103447e-04
1.027343024785151368e-03
1.086445651374929808e-03
1.171471794037060596e-03
1.260067425922520908e-03
1.372694094924944682e-03
1.462920512308145491e-03
1.558380947542350623e-03
1.672539155173191801e-03
1.810282433248971068e-03
1.981173620971769800e-03
2.166503415509338486e-03
2.342404553696420064e-03
2.672524463737097240e-03
2.994766578322352515e-03
3.489117091981748086e-03
