1.617382520450513450e+00
1.614398356464135320e+00
1.609055532375196718e+00
1.604331401571421845e+00
1.599407602680425811e+00
1.593895815013477879e+00
1.590533951801286872e+00
1.587295009318377970e+00
1.583078274041566313e+00
1.579231974905366931e+00
1.575996461402229709e+00
1.572559642845958949e+00
1.569143360104811924e+00
1.564900067799196881e+00
1.560487127353775039e+00
1.556164088282491864e+00
1.550759949524163517e+00
1.548140859834307825e+00
1.544759444466525133e+00
1.541975682703787376e+00
1.537334651016098785e+00
1.534516822745519038e+00
1.530896721836612739e+00
1.526890397732526772e+00
1.523123155475183399e+00
1.519082577042424997e+00
1.515149381444925503e+00
1.511880931440842790e+00
1.507372752835760554e+00
1.502541392474096238e+00
1.498164322278265903e+00
1.493666800718201015e+00
1.490212258939076939e+00
1.485151713445406418e+00
1.482492507014646632e+00
1.478552192913780816e+00
1.473751944136970415e+00
1.470040112229899831e+00
1.466664381428271824e+00
1.462958062169228635e+00
1.458730758507853720e+00
1.454509247491219570e+00
1.451774210417559496e+00
1.448264503042753670e+00
1.443518652199863972e+00
1.439901245328287116e+00
1.434765519058808003e+00
1.431807101740910193e+00
1.428043443184553229e+00
1.425079476132071088e+00
1.420361605504634639e+00
1.417396127429597641e+00
1.412251395800022458e+00
1.407225385081834590e+00
1.402555940257064204e+00
1.399124918887243663e+00
1.394120764867070150e+00
1.389913520684853410e+00
1.387759866508254003e+00
1.383354930656413240e+00
1.379055301078830675e+00
1.374179044307582087e+00
1.369851609940173187e+00
1.367008785549430394e+00
1.364382117666462335e+00
1.360477836779879324e+00
1.356324745223210337e+00
1.353827215277624951e+00
1.350006884866104206e+00
1.346257977531842398e+00
1.341145181054497648e+00
1.336393993261412172e+00
1.331756328753263663e+00
1.328208616682772236e+00
1.324978181962903623e+00
1.320261460237896811e+00
1.316727312392261373e+00
1.312257663923930284e+00
1.307655274614442531e+00
1.304206989088799507e+00
1.301550038554073474e+00
1.296643924746799126e+00
1.293006955993006857e+00
1.288576585468223401e+00
1.284296162570496502e+00
1.280891335262821729e+00
1.277879058565318582e+00
1.274733619839571785e+00
1.271483416750908368e+00
1.268944263452117083e+00
1.264559350084036415e+00
1.259969208864173407e+00
1.255592043456871032e+00
1.251644891939954762e+00
1.247037854261164869e+00
1.243430535783885293e+00
1.240157198794886506e+00
1.236458552953477508e+00
1.232745887515935834e+00
1.229479541241268459e+00
1.225577727188115196e+00
1.221567534692138857e+00
1.217789680871905533e+00
1.215265727825048714e+00
1.212121557697660501e+00
1.207955277570617048e+00
1.204136051567257004e+00
1.200376670943587687e+00
1.195712199170150258e+00
1.193441718361457182e+00
1.190295388989606851e+00
1.186643092490873963e+00
1.183588995072776928e+00
1.180293720194265594e+00
1.177141969614261541e+00
1.173381335400836445e+00
1.169845379862161971e+00
1.165925076932259552e+00
1.162509057197192996e+00
1.159090445021338844e+00
1.154581567872335235e+00
1.150310795831407384e+00
1.147029732485718823e+00
1.143472438867344954e+00
1.139783453589606532e+00
1.137367295957450786e+00
1.134687778267333247e+00
1.131156134230132837e+00
1.127884396742867557e+00
1.124634239720099016e+00
1.121508497692926154e+00
1.118047406342163264e+00
1.114378670425609785e+00
1.111481972652473393e+00
1.109141661608591622e+00
1.106060585410440167e+00
1.102005091116042390e+00
1.098435318551221007e+00
1.094600505795955803e+00
1.091166600446622059e+00
1.088345650032176426e+00
1.084607396334442253e+00
1.080085463391543099e+00
1.077023956100298330e+00
1.073399525260702703e+00
1.070516611300358134e+00
1.067041827611575178e+00
1.063690650562034046e+00
1.060604350199726875e+00
1.057477954218793315e+00
1.054925297394853967e+00
1.052643032652870403e+00
1.048714594479677409e+00
1.045945838440104581e+00
1.043324803750068197e+00
1.040232391193981920e+00
1.035831640103738183e+00
1.032716711327513748e+00
1.029257836836457551e+00
1.026072787550264209e+00
1.022136498557323137e+00
1.018821257800215596e+00
1.016192959968878373e+00
1.013430523392607752e+00
1.010100430290166829e+00
1.005998659537235884e+00
1.001602962389667173e+00
9.978661403124907681e-01
9.949890330260672267e-01
9.916495946155248209e-01
9.885741829578781337e-01
9.857505049425984156e-01
9.826282227853775364e-01
9.785864382130967654e-01
9.760964965496304879e-01
9.731882687681647770e-01
9.691986710572432218e-01
9.667334266940482701e-01
9.635218408555690228e-01
9.605059789579837304e-01
9.580337759397044017e-01
9.546440736716945707e-01
9.516847507493406688e-01
9.474890774527471304e-01
9.440319087082730265e-01
9.406466729751021827e-01
9.364669743988522921e-01
9.342292844696783449e-01
9.313697843318761160e-01
9.281905214800975079e-01
9.255262629101517202e-01
9.218204416092683484e-01
9.187608295950543402e-01
9.158016251084778458e-01
9.118843469144701785e-01
9.097844013592051304e-01
9.068108100033679397e-01
9.031334298171984631e-01
8.992717220047079518e-01
8.968527204741527648e-01
8.928041804769261125e-01
8.900949587581190592e-01
8.875247017124904270e-01
8.854089432094325307e-01
8.818749887481251992e-01
8.794884506872973073e-01
8.768499448085270709e-01
8.734904948681968540e-01
8.693716009201684081e-01
8.662425223665048968e-01
8.632853868991218205e-01
8.605257302512835382e-01
8.564301220597885234e-01
8.538297582036732392e-01
8.504263504622751046e-01
8.474300947901781678e-01
8.438748220517182652e-01
8.413817202194825429e-01
8.386414429624876599e-01
8.362331553789852379e-01
8.337627485549122808e-01
8.308316281152180460e-01
8.284321832099198479e-01
8.263817209743309355e-01
8.225895857016549684e-01
8.196712303250706100e-01
8.160380505317609279e-01
8.127301134778016634e-01
8.090917440676567152e-01
8.051009806859937834e-01
8.016316578765030343e-01
7.984414995623319022e-01
7.946629355831384967e-01
7.911519052634137239e-01
7.889945568467595649e-01
7.858483499889763468e-01
7.836451717108027237e-01
7.811829320301960644e-01
7.783541074439361829e-01
7.751543889534198151e-01
7.724236998508834384e-01
7.702496331466229806e-01
7.678254912990869485e-01
7.653590954163936866e-01
7.618363123685648608e-01
7.589153933740138136e-01
7.558339141471966949e-01
7.539208241986752324e-01
7.510854687766791438e-01
7.483862133598012667e-01
7.454571806310372750e-01
7.427843135267984120e-01
7.395100098892246621e-01
7.360301359716162617e-01
7.325991039580759256e-01
7.304513915192190066e-01
7.268053126035662892e-01
7.240149653786397410e-01
7.212379717754472397e-01
7.180122919115756730e-01
7.151523476449234140e-01
7.122772756458318755e-01
7.090128509966330261e-01
7.072679502090087889e-01
7.047138066539482271e-01
7.019763771755651582e-01
6.996925951748040884e-01
6.960759919749328617e-01
6.932312756839886791e-01
6.906085962002602718e-01
6.878672129992552398e-01
6.857695895222539750e-01
6.821057886283178329e-01
6.790294656104840509e-01
6.766301619704986337e-01
6.732147427169837828e-01
6.710933491584636368e-01
6.692675366444500451e-01
6.662323595145226429e-01
6.628180594243037183e-01
6.604773767675461427e-01
6.583151270629251650e-01
6.561674286727188221e-01
6.539791038007830570e-01
6.519602909721827766e-01
6.492983894275053958e-01
6.463403377850026610e-01
6.445153674030025259e-01
6.419761969854309580e-01
6.394887868805388953e-01
6.365841328824686229e-01
6.344764060180948517e-01
6.317641825034864267e-01
6.286565996531369160e-01
6.262410114681069562e-01
6.231260552364806804e-01
6.209860537806022318e-01
6.178787730740271655e-01
6.159526585082619743e-01
6.138465502633700943e-01
6.113856964179110731e-01
6.083102884006001965e-01
6.059288139927624384e-01
6.037943862186991861e-01
6.007082747150210844e-01
5.984898413055792510e-01
5.959023407807482187e-01
5.931051460617536852e-01
5.906806916282326680e-01
5.880715167643921770e-01
5.861412058439654515e-01
5.839957572738935232e-01
5.821425182566255518e-01
5.802902549960671230e-01
5.777082531609810667e-01
5.758986713181455386e-01
5.736672360521305469e-01
5.719886546035117814e-01
5.700445073572867338e-01
5.680555939443336921e-01
5.661610696764903805e-01
5.636568301846689444e-01
5.617758432827933968e-01
5.594588089669724207e-01
5.564570943504378864e-01
5.537189791289331975e-01
5.508432352389421860e-01
5.490944570373866851e-01
5.472272925717832637e-01
5.442694093653582810e-01
5.419575059938036565e-01
5.392277436484742559e-01
5.373558996293662515e-01
5.359008110239845690e-01
5.335892884754829257e-01
5.322585542117189705e-01
5.303124177839428910e-01
5.287863330637785353e-01
5.272491686018837553e-01
5.255939521792821756e-01
5.234470954655766617e-01
5.214070843954239365e-01
5.196958364911916650e-01
5.176881429306053883e-01
5.157620823517361508e-01
5.144791185215517038e-01
5.121928318666680857e-01
5.107145967143207343e-01
5.091142978284649567e-01
5.074499922192939882e-01
5.043862010874675672e-01
5.032127735128726354e-01
5.012493697987907559e-01
4.988428663633879268e-01
4.976130138525780566e-01
4.948483492093403990e-01
4.923801024384120151e-01
4.906999327939257638e-01
4.892634642093055541e-01
4.868414456262750711e-01
4.850177733888543785e-01
4.826739248576872310e-01
4.808978531657286948e-01
4.791168475698849849e-01
4.774033539049963304e-01
4.761178077209109460e-01
4.739194223006478190e-01
4.721366207114342517e-01
4.701572052155821857e-01
4.682061520830452239e-01
4.669654669324553309e-01
4.654781336550425919e-01
4.644005045512490937e-01
4.627334643213092402e-01
4.615486909255141490e-01
4.592112610028156738e-01
4.566920343565972207e-01
4.549880951076933355e-01
4.532525184392870998e-01
4.518304655018143268e-01
4.503429062044426168e-01
4.489958608871290058e-01
4.471695092696368334e-01
4.453371378993979390e-01
4.435278411397416409e-01
4.423304895824987093e-01
4.407768778863146997e-01
4.393699078139205461e-01
4.377991280284188047e-01
4.362369558362149125e-01
4.345508889636253147e-01
4.334208524989971445e-01
4.323461931329113939e-01
4.302191617026658310e-01
4.285898206212127026e-01
4.269327869284868515e-01
4.249721425559092047e-01
4.237531393545020952e-01
4.225374285273241770e-01
4.206016735417385521e-01
4.193669110452398208e-01
4.173201828186028362e-01
4.158795092510575997e-01
4.142624040929908658e-01
4.136149647076330371e-01
4.117756981920218107e-01
4.100157994205560485e-01
4.083325486150937711e-01
4.064800888711222471e-01
4.048458790054408341e-01
4.036915242940152804e-01
4.022137172659846494e-01
4.007308231125749631e-01
3.995715136334757611e-01
3.980114825682367075e-01
3.966537123998321590e-01
3.952925182505428459e-01
3.938535970184233181e-01
3.926241075312216222e-01
3.914955849544343169e-01
3.906578277745319516e-01
3.893201449736315434e-01
3.872412986958870817e-01
3.857269976195522032e-01
3.846442816755757388e-01
3.836045272664452277e-01
3.827620096766052860e-01
3.817117264320808445e-01
3.808499568469383978e-01
3.794491694435786489e-01
3.780167071456072558e-01
3.777815179735475315e-01
3.760841098596910959e-01
3.756910354761565096e-01
3.745924443091737110e-01
3.739093692360617727e-01
3.730220261253061054e-01
3.719727235360741902e-01
3.707028432102225102e-01
3.697317723308420900e-01
3.690977033202000879e-01
3.682827780511666038e-01
3.672572379216210159e-01
3.659410886430358167e-01
3.650140705717427880e-01
3.640718138098993362e-01
3.628633706412723314e-01
3.617159692584515085e-01
3.609736177538791502e-01
3.596643505335105906e-01
3.589205266048591803e-01
3.576036666906606265e-01
3.565612880206157631e-01
3.557911057401936250e-01
3.549896852058651575e-01
3.549558372835465159e-01
3.542255319956148507e-01
3.531811142906599588e-01
3.524356748731016231e-01
3.521314846906843932e-01
3.514725011526988463e-01
3.501653657862484614e-01
3.489312727720004226e-01
3.482028775737728843e-01
3.472405152335958367e-01
3.467872562943790093e-01
3.460688888754200332e-01
3.457224512337794264e-01
3.448685400110532706e-01
3.440200438037384068e-01
3.428879827274573522e-01
3.424218726576020444e-01
3.418010064995924413e-01
3.412674492087917621e-01
3.405986166518145675e-01
3.395421062378828347e-01
3.386905675575649921e-01
3.377931143390891511e-01
3.380109765201572691e-01
3.368846142384855358e-01
3.361377661172739173e-01
3.359256399369794366e-01
3.351019022176819906e-01
3.344304265837383938e-01
3.334825121608990806e-01
3.325076998968189979e-01
3.318524841350788401e-01
3.314469305653171549e-01
3.307568049778968899e-01
3.302464211265065397e-01
3.296891662553649849e-01
3.289160978344330410e-01
3.285787554570742119e-01
3.280240889567729856e-01
3.271863197280319158e-01
3.264601658511468996e-01
3.258183551245560916e-01
3.254408810993876799e-01
3.248656325162851410e-01
3.242966617783419325e-01
3.231899832578099541e-01
3.230080710544924738e-01
3.221598423742285666e-01
3.218871521823783444e-01
3.216020133624509780e-01
3.211931298597124895e-01
3.207085372847746640e-01
3.199344223970587708e-01
3.199232665143276200e-01
3.193277782792570130e-01
3.189817398146918004e-01
3.183560848169771362e-01
3.177732011264990941e-01
3.177439229793606601e-01
3.172370373150543710e-01
3.172174223373609991e-01
3.168477382109169405e-01
3.163062228927677744e-01
3.156878572944153971e-01
3.152529588957153628e-01
3.148965721343335855e-01
3.146081848893997335e-01
3.146165400663897826e-01
3.142195444735205734e-01
3.136617643207326167e-01
3.128868308578537372e-01
3.122772703821973805e-01
3.119905519970777030e-01
3.117783300616980835e-01
3.119263804260644646e-01
3.111248472388339348e-01
3.106358493419593692e-01
3.105655195777265454e-01
3.099967378644408744e-01
3.094464346677646138e-01
3.091726155981499025e-01
3.090675424552014050e-01
3.084266884009733700e-01
3.083763526236514840e-01
3.083261108418473562e-01
3.081060613258361225e-01
3.078592048817821447e-01
3.075284349691538854e-01
3.074589923526535595e-01
3.073520638756578327e-01
3.070365293872335810e-01
3.069745652593242613e-01
3.067306998537777663e-01
3.062373771190765037e-01
3.061319926143528658e-01
3.058843412357015179e-01
3.062150740346399891e-01
3.055735652703331362e-01
3.050442542202830287e-01
3.045287998672990271e-01
3.042873019053239370e-01
3.038459259397010559e-01
3.035731823360292014e-01
3.032443777736168466e-01
3.027168995824931486e-01
3.025432915556489077e-01
3.025929469890871748e-01
3.022285326857598875e-01
3.018788290484867298e-01
3.016705019774539864e-01
3.014393865887722290e-01
3.011019922514658331e-01
3.006911437423898104e-01
3.002892963826056527e-01
2.997612183444262612e-01
2.993132628711701604e-01
2.989825700722161250e-01
2.985788563968296283e-01
2.982303680181578875e-01
2.981017797393532009e-01
2.976987140450496061e-01
2.975431418836737563e-01
2.972786481025234129e-01
2.970354509621926375e-01
2.966122324507632357e-01
2.963855521238988877e-01
2.962583783320228425e-01
2.960797710502058311e-01
2.957182872501470938e-01
2.952945635065392649e-01
2.953205322884835393e-01
2.953273052715406077e-01
2.952126423783524856e-01
2.951736558915503128e-01
2.949669809100428641e-01
2.951588553474386312e-01
2.950939528534211043e-01
2.947890135855077975e-01
2.946814603223371076e-01
2.947422986677627477e-01
2.946232655620841245e-01
2.939473824483902487e-01
2.937911912626488542e-01
2.937916161960043016e-01
2.935546261190213335e-01
2.935686036010496380e-01
2.933249091075422199e-01
2.930917561934373583e-01
2.931776198338776340e-01
2.929461411297840656e-01
2.928485867506099849e-01
2.925223828300437257e-01
2.925419133454543186e-01
2.920648938304041820e-01
2.922860063915587725e-01
2.919436258457568933e-01
2.919483064006043183e-01
2.920398695538702349e-01
2.920280143598474876e-01
2.917215892623782336e-01
2.914632726118062678e-01
2.914268826455794215e-01
2.913762145478194787e-01
2.913200774178772434e-01
2.915116671922065583e-01
2.914355227982482477e-01
2.913916811246967109e-01
2.914153601122333459e-01
2.913011777355702936e-01
2.911810106156629829e-01
2.905399520582822581e-01
2.902475858877600623e-01
2.904289394626923815e-01
2.902326677608096372e-01
2.897900757567593577e-01
2.896171617947669863e-01
2.893750084472553330e-01
2.890674265509983187e-01
2.891397498524407306e-01
2.888893558075055767e-01
2.889265997593264412e-01
2.885637580284178272e-01
2.882208834140959075e-01
2.878922413370573197e-01
2.881859402896479461e-01
2.877199006494821631e-01
2.882361972954209928e-01
2.875426401563732082e-01
2.874184979058202472e-01
2.871535199324840582e-01
2.870248557222418451e-01
2.870550333380996744e-01
2.869858180250349777e-01
2.868881892718143090e-01
2.865093453997392126e-01
2.864783127837438048e-01
2.862898681073820506e-01
2.864604622539973500e-01
2.865077180688061498e-01
2.863519871498713121e-01
2.863362083193806695e-01
2.861717630017359126e-01
2.859415929994252870e-01
2.857480776262079081e-01
2.857238525033962140e-01
2.855348061925870873e-01
2.857440263796982016e-01
2.856072097186155290e-01
2.857573783293383407e-01
2.856523576050187252e-01
2.855411083236211178e-01
2.852893844209946628e-01
2.851860901887614541e-01
2.854303897813510460e-01
2.853113146721700244e-01
2.852019454428174616e-01
2.852689891191935723e-01
2.853927921066882756e-01
2.850272862618665748e-01
2.850384858147819722e-01
2.847584907938938148e-01
2.845523123201921245e-01
2.842941960448418515e-01
2.844439559655973504e-01
2.843196350384159521e-01
2.839406554091589707e-01
2.836828319835077994e-01
2.838077738702960984e-01
2.834147023698956325e-01
2.832402605231466586e-01
2.831196315949002784e-01
2.828812033615169530e-01
2.827359295146034679e-01
2.827027108180941717e-01
2.827111627576192054e-01
2.825990327541769709e-01
2.826377298671334248e-01
2.824624243765644915e-01
2.825828317729084938e-01
2.825240755298178974e-01
2.826271047088322330e-01
2.825518335925846780e-01
2.825214736127766302e-01
2.824933472861019812e-01
2.825294261337490398e-01
2.824848713287957946e-01
2.824799423958612166e-01
2.822237083166455607e-01
2.823332302930357529e-01
2.822531912256459052e-01
2.822003974912465352e-01
2.822104666719428279e-01
2.820362908504762123e-01
2.817335052549287955e-01
2.817110079846731341e-01
2.816269413007003730e-01
2.815467253302249007e-01
2.814048864758860180e-01
2.812741827851332199e-01
2.812337546994747584e-01
2.811248614553015224e-01
2.811539218607743140e-01
2.811479775752115939e-01
2.810983506711792201e-01
2.809218602545174304e-01
2.810370006143891874e-01
2.810504815777441490e-01
2.809596266232048389e-01
2.810269811526858175e-01
2.809508813963624285e-01
2.808292528125220233e-01
2.808164856377993734e-01
2.807664135635271618e-01
2.810159184288656409e-01
2.808910147613022934e-01
2.809297855299682789e-01
2.806858588187547965e-01
2.807373239308383894e-01
2.806506785596984965e-01
2.806106832978501608e-01
2.806455650589118056e-01
2.805911847481232790e-01
2.806305104738131551e-01
2.805718066893437279e-01
2.805917613504088637e-01
2.805558706798497171e-01
2.805451723691230193e-01
2.804791938852970734e-01
2.803548647925115933e-01
2.802946743232531679e-01
2.802553952730064690e-01
2.802733586569274848e-01
2.801814040306635500e-01
2.800724382561050607e-01
2.800873513045473717e-01
2.800266975333730590e-01
2.799854910805500419e-01
2.799937630919163700e-01
2.798695897819212242e-01
2.798274292611302450e-01
2.797222997226315733e-01
2.796538126504140576e-01
2.795798793053360098e-01
2.795466294024082088e-01
2.795127216396255942e-01
2.794943032774560021e-01
2.794276519212217091e-01
2.794464365004298845e-01
2.793960899471885639e-01
2.793716671438201127e-01
2.793946411608108638e-01
2.792602484659940654e-01
2.791539628891675506e-01
2.789087891346810899e-01
2.789244778334182828e-01
2.790405683989244379e-01
2.790142928448824944e-01
2.790150600698425021e-01
2.789859017469962232e-01
2.789457506980436707e-01
2.789015208502534926e-01
2.789332334916353462e-01
2.787512732362018575e-01
2.786950675956887946e-01
2.786259783250846223e-01
2.786422669756365433e-01
2.786792093757449185e-01
2.784687117631871600e-01
2.784899843627650640e-01
2.784807810300700126e-01
2.784576929915976717e-01
2.784141084206718797e-01
2.785267179949534322e-01
2.784030175456660428e-01
2.784231825789984516e-01
2.785023832786917564e-01
2.783974560386785480e-01
2.784815822831458454e-01
2.784352254336388555e-01
2.785320152743213651e-01
2.784443769253388545e-01
2.783958232833283475e-01
2.783474844428158179e-01
2.783398059909812372e-01
2.783349729691583230e-01
2.782298574230060439e-01
2.782475153697265835e-01
2.781685392383093647e-01
2.781995762610635636e-01
2.783125559992143394e-01
2.781949310729935898e-01
2.781394995136720616e-01
2.780514723942446587e-01
2.779769573979415376e-01
2.779787897311190026e-01
2.780615471272536721e-01
2.780130027303737150e-01
2.778788520826889763e-01
2.778245564998123029e-01
2.777143696015261787e-01
2.778084266763005128e-01
2.776288268661906145e-01
2.776256138799589879e-01
2.775378905326812973e-01
2.774546774831699869e-01
2.774984047054936398e-01
2.774800440767088983e-01
2.774984327468160705e-01
2.776051441535256070e-01
2.776248447503801842e-01
2.775902793823286085e-01
2.774800687219618478e-01
2.774683304703637332e-01
2.774732575441831162e-01
2.775078533078303988e-01
2.774474936104406875e-01
2.774480751588727090e-01
2.774484790412115043e-01
2.773644850168920928e-01
2.773778866143074562e-01
2.773159267926360583e-01
2.773025182053295290e-01
2.773447247126856752e-01
2.773451243161280111e-01
2.773275252084969056e-01
2.773201292181649014e-01
2.773913972561431462e-01
2.773720927738637099e-01
2.773028752687142773e-01
2.773587418950134720e-01
2.773243253671029418e-01
2.772657443224093576e-01
2.772673062608400074e-01
2.772520063905327681e-01
2.772315108920184179e-01
2.772281830154800231e-01
2.773759805068067297e-01
2.772966129609991670e-01
2.772805020135225007e-01
2.772088274495483895e-01
2.772732264808992486e-01
2.773276143235599567e-01
2.773384783912565821e-01
2.772630806559943650e-01
2.771637856923696575e-01
2.770810043306605741e-01
2.770109274772689090e-01
2.769438593395579518e-01
2.769869670408796614e-01
2.769716227156714949e-01
2.770084623249788880e-01
2.769494543882657367e-01
2.769291300870652117e-01
2.768936944730974181e-01
2.767676609345963712e-01
2.768460469250584866e-01
2.768002187136907044e-01
2.768496506626570985e-01
2.767863823208084884e-01
2.767519190057049494e-01
2.767659566478044564e-01
2.767113510881881733e-01
2.766932411764747579e-01
2.766714848854083808e-01
2.766906135218798468e-01
2.766622108125126878e-01
2.766602186868348245e-01
2.766837954498078678e-01
2.766987697524337375e-01
2.767287108971345222e-01
2.766877079721868915e-01
2.766049978553352107e-01
2.766110002327049067e-01
2.766068603080192867e-01
2.765205612476799857e-01
2.765096291072924317e-01
2.766210960591966028e-01
2.765484664855799579e-01
2.766192842389182949e-01
2.765446217126193984e-01
2.766192193164264679e-01
2.767309929412166691e-01
2.766948474622694110e-01
2.766137894635236072e-01
2.765929760040511942e-01
2.765923141391375406e-01
2.765336251744863749e-01
2.765303539447152570e-01
2.765895223396811486e-01
2.766242895262170376e-01
2.766733307523291940e-01
2.766131122198071668e-01
2.765909474735403495e-01
2.766024127075287220e-01
2.766006471323767535e-01
2.767274274060921857e-01
2.766312935044109023e-01
2.766647288599811683e-01
2.766217196418603308e-01
2.766017621629390799e-01
2.766644155492180013e-01
2.766540135933495126e-01
2.766222326394325859e-01
2.765552341140896653e-01
2.765325439180800204e-01
2.765631179069543144e-01
2.765680667612299137e-01
2.764980061578204973e-01
2.764502424653032531e-01
2.765123980078417754e-01
2.766159341701036056e-01
2.765795415951556313e-01
2.765653242960332547e-01
2.764551053729664143e-01
2.764968147192407577e-01
2.765448303558809551e-01
2.765226632194467404e-01
2.764022363011438554e-01
2.763674047593123184e-01
2.764623146839474410e-01
2.765741812126277788e-01
2.764911438429552559e-01
2.764476706166554831e-01
2.766073605496154886e-01
2.764103730201002973e-01
2.764561699407724893e-01
2.763578290302498575e-01
2.763276754055103424e-01
2.763343148669333282e-01
2.763161448636949347e-01
2.763498323725311345e-01
2.763170577827060992e-01
2.762613054389885803e-01
2.762744812822655605e-01
2.762935999413857480e-01
2.763229771479701613e-01
2.762129174841052581e-01
2.762345867852994963e-01
2.761746366399749353e-01
2.761439758206696848e-01
2.761949687715339885e-01
2.762298270567820069e-01
2.761841787164602269e-01
2.762126429900801927e-01
2.762269557162284617e-01
2.762467042425433839e-01
2.762979695394545687e-01
2.762764969251643166e-01
2.762565635347776216e-01
2.762281967692319373e-01
2.761815336211382310e-01
2.761822183309330381e-01
2.761618111857769287e-01
2.761167629139187341e-01
2.760573191203226084e-01
2.760514995086541523e-01
2.761363651517870221e-01
2.759721463212078674e-01
2.760703072994681873e-01
2.759735601377640846e-01
2.761085987645170436e-01
2.760511078266179030e-01
2.759796308754795535e-01
2.759908806468812648e-01
2.759040258316031169e-01
2.758820109069071713e-01
2.759450721353432501e-01
2.759049140005211398e-01
2.759488624006094515e-01
2.759610918600448604e-01
2.759250317490179460e-01
2.759136180600680888e-01
2.758314310374175293e-01
2.758423158755570759e-01
2.757412222730343254e-01
2.757505083375711430e-01
2.757113957193963460e-01
2.757274042803377068e-01
2.756446818414444722e-01
2.756889768154773823e-01
2.756427929510858466e-01
2.757026375732518075e-01
2.756744450322518025e-01
2.756413013018483849e-01
2.756866767342222024e-01
