1.737630475888687171e-03
3.172557484368129701e-03
4.708385648650653850e-03
6.176946375731123297e-03
7.662323962112106528e-03
9.214968985695144027e-03
1.066671285347510142e-02
1.215209043985608292e-02
1.367110174483809719e-02
1.512284561261805459e-02
1.657458948039801025e-02
1.817768508188258650e-02
1.959579523106151286e-02
2.103072223954095474e-02
2.258336726312399831e-02
2.408556170880548838e-02
2.567184045098955258e-02
2.705631688156745832e-02
2.854169446794843634e-02
2.994298775782685065e-02
3.157971707791246141e-02
3.301464408639189635e-02
3.473545770298007429e-02
3.615356785215900759e-02
3.787438146874718553e-02
3.941020963302970664e-02
4.106375581241581557e-02
4.253231653949629543e-02
4.410177842237984758e-02
4.580577517966751000e-02
4.740887078115207931e-02
4.909605067913922621e-02
5.068232942132329388e-02
5.218452386700479784e-02
5.356900029758267928e-02
5.502074416536265750e-02
5.670792406334978358e-02
5.837828710203641497e-02
6.009910071862459985e-02
6.158447830500558828e-02
6.315394018788912656e-02
6.458886719636855456e-02
6.617514593855261529e-02
6.774460782143618132e-02
6.949905515662536948e-02
7.100124960230687343e-02
7.258752834449093416e-02
7.395518791576834172e-02
7.540693178354830606e-02
7.690912622922979613e-02
7.866357356441898430e-02
8.031711974380512098e-02
8.200429964179227482e-02
8.379238069558250790e-02
8.531139200056449268e-02
8.696493817995061548e-02
8.858485064073572113e-02
9.007022822711670262e-02
9.148833837629563592e-02
9.310825083708071381e-02
9.467771271996427984e-02
9.648261063305500762e-02
9.796798821943598912e-02
9.935246465001390526e-02
1.007873916584933471e-01
1.022895861041748372e-01
1.038590479870584032e-01
1.052603412769368141e-01
1.067793525819188266e-01
1.084160819020044131e-01
1.100696280813905359e-01
1.118240754165797379e-01
1.136289733296704935e-01
1.151648014939530007e-01
1.166165453617329650e-01
1.182364578225180568e-01
1.199404545798057053e-01
1.215940007591918282e-01
1.233820818129820612e-01
1.250860785702697098e-01
1.265041887194486570e-01
1.281072843209332124e-01
1.298449147968219197e-01
1.315320946948090597e-01
1.331856408741951825e-01
1.346373847419751468e-01
1.361732129062576957e-01
1.377594916484417287e-01
1.393962209685273568e-01
1.408479648363073211e-01
1.425855953121960007e-01
1.442895920694836631e-01
1.459767719674707753e-01
1.477816698805615447e-01
1.493679486227455777e-01
1.509542273649296662e-01
1.524227880920101252e-01
1.539586162562926186e-01
1.557130635914818484e-01
1.572488917557643695e-01
1.590537896688551112e-01
1.607746032854432683e-01
1.623608820276273290e-01
1.637958090361067987e-01
1.652980034817883026e-01
1.669515496611743977e-01
1.684032935289543620e-01
1.699223048339363606e-01
1.717440196063276248e-01
1.732630309113096789e-01
1.748829433720947568e-01
1.764355883956778004e-01
1.778536985448566921e-01
1.795745121614448769e-01
1.811776077629294601e-01
1.829993225353206965e-01
1.844174326844996437e-01
1.860373451452846938e-01
1.876236238874687823e-01
1.890249171773472070e-01
1.906784633567332743e-01
1.922479252396168403e-01
1.938846545597024407e-01
1.954204827239850173e-01
1.970235783254695727e-01
1.985594064897520661e-01
1.999270660610294459e-01
2.016815133962187034e-01
2.034023270128068606e-01
2.048372540212863302e-01
2.062721810297657721e-01
2.078416429126493381e-01
2.096801745443411247e-01
2.110310172563179820e-01
2.125163948426989635e-01
2.142203915999866259e-01
2.160589232316784125e-01
2.175611176773598610e-01
2.193323818718496410e-01
2.210700123477382928e-01
2.224713056376166898e-01
2.240575843798007782e-01
2.258624822928914921e-01
2.273646767385730239e-01
2.288332374656534829e-01
2.303690656299359762e-01
2.320730623872236664e-01
2.336761579887082219e-01
2.353128873087938222e-01
2.370000672067809622e-01
2.383845436373588644e-01
2.399371886609418802e-01
2.415907348403280031e-01
2.430592955674084621e-01
2.446960248874940624e-01
2.461645856145744660e-01
2.480031172462662525e-01
2.497071140035539150e-01
2.514783781980436395e-01
2.529805726437251434e-01
2.546004851045102213e-01
2.561699469873937596e-01
2.575544234179716341e-01
2.593761381903629260e-01
2.609119663546454193e-01
2.625486956747310474e-01
2.643535935878217891e-01
2.660744072044100017e-01
2.675597847907909554e-01
2.690956129550734488e-01
2.706987085565580320e-01
2.721504524243379963e-01
2.739217166188276931e-01
2.757770651098200299e-01
2.773297101334030179e-01
2.787814540011829822e-01
2.805863519142737239e-01
2.820549126413541274e-01
2.838429936951443744e-01
2.854460892966289576e-01
2.872678040690201939e-01
2.889381671077068114e-01
2.905244458498909554e-01
2.921611751699765835e-01
2.937306370528601218e-01
2.955019012473498186e-01
2.971554474267359414e-01
2.987753598875210193e-01
3.001598363180989493e-01
3.016283970451793528e-01
3.031474083501614070e-01
3.050195737004541829e-01
3.064881344275345865e-01
3.079566951546151565e-01
3.098120436456073268e-01
3.112469706540868519e-01
3.129677842706750091e-01
3.145372461535586028e-01
3.163925946445508286e-01
3.178611553716312876e-01
3.194810678324163655e-01
3.212691488862066125e-01
3.226536253167844870e-01
3.242230871996680253e-01
3.258093659418521137e-01
3.276142638549428554e-01
3.290828245820233700e-01
3.309045393544146618e-01
3.325580855338007846e-01
3.339761956829797596e-01
3.356633755809668163e-01
3.373169217603529391e-01
3.391386365327442864e-01
3.405062961040216107e-01
3.421766591427082838e-01
3.438302053220942955e-01
3.454333009235788787e-01
3.468345942134573034e-01
3.485722246893460108e-01
3.501080528536285597e-01
3.516775147365121534e-01
3.532469766193956917e-01
3.547491710650771402e-01
3.561840980735566098e-01
3.578376442529427881e-01
3.593398386986242921e-01
3.609933848780104149e-01
3.628150996504016512e-01
3.644686458297878295e-01
3.663408111800806055e-01
3.679775405001661781e-01
3.695974529609513115e-01
3.714359845926430981e-01
3.730054464755266364e-01
3.745580914991096799e-01
3.760098353668895887e-01
3.774111286567681245e-01
3.790983085547551812e-01
3.808191221713434493e-01
3.823549503356258317e-01
3.837057930476027723e-01
3.851575369153826811e-01
3.868615336726703435e-01
3.883805449776523422e-01
3.902358934686445124e-01
3.919735239445332753e-01
3.937279712797223663e-01
3.953310668812070050e-01
3.967828107489869138e-01
3.984531737876735313e-01
4.002748885600648232e-01
4.019957021766529803e-01
4.036156146374380582e-01
4.053700619726272047e-01
4.072085936043189913e-01
4.086435206127984610e-01
4.104147848072881577e-01
4.120178804087726854e-01
4.134864411358531444e-01
4.151399873152392672e-01
4.167598997760243451e-01
4.183125447996073332e-01
4.199660909789934560e-01
4.214010179874728701e-01
4.227518606994497552e-01
4.245735754718410471e-01
4.263952902442323389e-01
4.282674555945250594e-01
4.300050860704138223e-01
4.315577310939968658e-01
4.329758412431758408e-01
4.345789368446604239e-01
4.363670178984506709e-01
4.381550989522409179e-01
4.398086451316271517e-01
4.414621913110131635e-01
4.428466677415910935e-01
4.443488621872724864e-01
4.461033095224617440e-01
4.479586580134539697e-01
4.494608524591355292e-01
4.511312154978221467e-01
4.525156919284000212e-01
4.540515200926825701e-01
4.556546156941671533e-01
4.573081618735533871e-01
4.589953417715404438e-01
4.606152542323255217e-01
4.622351666931107661e-01
4.638382622945952938e-01
4.656431602076859799e-01
4.672630726684710578e-01
4.689166188478571806e-01
4.707551504795489672e-01
4.724591472368366851e-01
4.741126934162227524e-01
4.756148878619042009e-01
4.772516171819898290e-01
4.786697273311686929e-01
4.802055554954512973e-01
4.820272702678426446e-01
4.838994356181353651e-01
4.852670951894128004e-01
4.867524727757937542e-01
4.885910044074855407e-01
4.902613674461722137e-01
4.919149136255583366e-01
4.934843755084418748e-01
4.949024856576207387e-01
4.962533283695976793e-01
4.976714385187765988e-01
4.990895486679555182e-01
5.008776297217457651e-01
5.023798241674273246e-01
5.039661029096114131e-01
5.057541839634016601e-01
5.075590818764923462e-01
5.090444594628733554e-01
5.106139213457568937e-01
5.123179181030445006e-01
5.138032956894255099e-01
5.156586441804178467e-01
5.173962746563064430e-01
5.189321028205889919e-01
5.207370007336797890e-01
5.226091660839724540e-01
5.244308808563636903e-01
5.259835258799467894e-01
5.276034383407319783e-01
5.292569845201180456e-01
5.308600801216026843e-01
5.324127251451857834e-01
5.337803847164631632e-01
5.352321285842430720e-01
5.367679567485256209e-01
5.382869680535076196e-01
5.398732467956915970e-01
5.414427086785752463e-01
5.428944525463551551e-01
5.445143650071402330e-01
5.462015449051274008e-01
5.478719079438141293e-01
5.492563843743919483e-01
5.506240439456693281e-01
5.522944069843560566e-01
5.537966014300373940e-01
5.556519499210297308e-01
5.573391298190168985e-01
5.587740568274963682e-01
5.605621378812866151e-01
5.622997683571752114e-01
5.638860470993591889e-01
5.656068607159475681e-01
5.672772237546341856e-01
5.687626013410151948e-01
5.705170486762043414e-01
5.723723971671965671e-01
5.741268445023857137e-01
5.759317424154765108e-01
5.776189223134636785e-01
5.792220179149482062e-01
5.810941832652412042e-01
5.825795608516221025e-01
5.840144878601014611e-01
5.855503160243841210e-01
5.870188767514645800e-01
5.888405915238557053e-01
5.905614051404439735e-01
5.922317681791307020e-01
5.940366660922212771e-01
5.954884099600012970e-01
5.971083224207863749e-01
5.987450517408720030e-01
6.004826822167608213e-01
6.021698621147478780e-01
6.038065914348335061e-01
6.056955736444268323e-01
6.074836546982170793e-01
6.090026660031991890e-01
6.104039592930773361e-01
6.121247729096656043e-01
6.134756156216425449e-01
6.150114437859250938e-01
6.166313562467102827e-01
6.182344518481946993e-01
6.198375474496793380e-01
6.214910936290652943e-01
6.230101049340472930e-01
6.248654534250396297e-01
6.265189996044256970e-01
6.281389120652107749e-01
6.296915570887938740e-01
6.312273852530763119e-01
6.330827337440685376e-01
6.344503933153459174e-01
6.357844191680221968e-01
6.376229507997139834e-01
6.394278487128047805e-01
6.409468600177867792e-01
6.426508567750746082e-01
6.443380366730617759e-01
6.459915828524479542e-01
6.478132976248390795e-01
6.492145909147176708e-01
6.507167853603991192e-01
6.523703315397852975e-01
6.540238777191714759e-01
6.556606070392569929e-01
6.575495892488502081e-01
6.593544871619410053e-01
6.609407659041250938e-01
6.627456638172155579e-01
6.641133233884929377e-01
6.658509538643816450e-01
6.676558517774724422e-01
6.692421305196565307e-01
6.708620429804414975e-01
6.726669408935322947e-01
6.743709376508200126e-01
6.757217803627968422e-01
6.771062567933747722e-01
6.786925355355588607e-01
6.804133491521470178e-01
6.822686976431391326e-01
6.840735955562299297e-01
6.855421562833106108e-01
6.869770832917899694e-01
6.886810800490775764e-01
6.902841756505619930e-01
6.919713555485491607e-01
6.938267040395414975e-01
6.955475176561297657e-01
6.974196830064226527e-01
6.988714268742024505e-01
7.004240718977855495e-01
7.022457866701767859e-01
7.040843183018686835e-01
7.057042307626536504e-01
7.072736926455372997e-01
7.091458579958299646e-01
7.106648693008120743e-01
7.121334300278925333e-01
7.135179064584705744e-01
7.152555369343591707e-01
7.168249988172427090e-01
7.185962630117324057e-01
7.204179777841237531e-01
7.223069599937169682e-01
7.240614073289063368e-01
7.254122500408831664e-01
7.272003310946733023e-01
7.291061301635671787e-01
7.307764932022536852e-01
7.321441527735311761e-01
7.339154169680208728e-01
7.357203148811116700e-01
7.372056924674925682e-01
7.386069857573711595e-01
7.404455173890627240e-01
7.419981624126460451e-01
7.436348917327315622e-01
7.453725222086203805e-01
7.471942369810116169e-01
7.488477831603977952e-01
7.505013293397838625e-01
7.521380586598693796e-01
7.537411542613540183e-01
7.552097149884345884e-01
7.567455431527171372e-01
7.581636533018960566e-01
7.599181006370852032e-01
7.614202950827666516e-01
7.629224895284482111e-01
7.645760357078342784e-01
7.663304830430235359e-01
7.682026483933160899e-01
7.700411800250078764e-01
7.717115430636943829e-01
7.734491735395830903e-01
7.752708883119742156e-01
7.770589693657645736e-01
7.786956986858500906e-01
7.805005965989408878e-01
7.822045933562284947e-01
7.835386192089049961e-01
7.851417148103896348e-01
7.867784441304752630e-01
7.881461037017526428e-01
7.896819318660350806e-01
7.911336757338151005e-01
7.927199544759991889e-01
7.943062332181833884e-01
7.958420613824660483e-01
7.975124244211524438e-01
7.991323368819376327e-01
8.009876853729300805e-01
8.028094001453212059e-01
8.046647486363134316e-01
8.060828587854924621e-01
8.079550241357851270e-01
8.098271894860776809e-01
8.114134682282618805e-01
8.130333806890469583e-01
8.146701100091324754e-01
8.162900224699175533e-01
8.181453709609097791e-01
8.200343531705029942e-01
8.218897016614954421e-01
8.232405443734721606e-01
8.248604568342572385e-01
8.266149041694464961e-01
8.284366189418378434e-01
8.300901651212240218e-01
8.314914584111021689e-01
8.328927517009806492e-01
8.342940449908590184e-01
8.359475911702450857e-01
8.378029396612374224e-01
8.394396689813230505e-01
8.410763983014085676e-01
8.425113253098880373e-01
8.439462523183676179e-01
8.453475456082459871e-01
8.471356266620362341e-01
8.488732571379248304e-01
8.506108876138136488e-01
8.524326023862048851e-01
8.539011631132853442e-01
8.555715261519718506e-01
8.571578048941561612e-01
8.587440836363399166e-01
8.602967286599232377e-01
8.616643882312005065e-01
8.629984140838770079e-01
8.649042131527706623e-01
8.665073087542553010e-01
8.681104043557400507e-01
8.696966830979240282e-01
8.710643426692012969e-01
8.729028743008930835e-01
8.746236879174814627e-01
8.763276846747690696e-01
8.779307802762537083e-01
8.796011433149405478e-01
8.812210557757255147e-01
8.827905176586089420e-01
8.843599795414922582e-01
8.858958077057750291e-01
8.875157201665601070e-01
8.891188157680448567e-01
8.905537427765241043e-01
8.922241058152108328e-01
8.939281025724984397e-01
8.956993667669880255e-01
8.970502094789649661e-01
8.984346859095428961e-01
8.998696129180223657e-01
9.012877230672012852e-01
9.028235512314839450e-01
9.043761962550668221e-01
9.062147278867584976e-01
9.080364426591499560e-01
9.098749742908416316e-01
9.115789710481295716e-01
9.130979823531114592e-01
9.147010779545959869e-01
9.163378072746816150e-01
9.179913534540677933e-01
9.196280827741533104e-01
9.212479952349383883e-01
9.228847245550242384e-01
9.246055381716125066e-01
9.262086337730969232e-01
9.278117293745815619e-01
9.294316418353666398e-01
9.311188217333536965e-01
9.327387341941387744e-01
9.343754635142242915e-01
9.359617422564086020e-01
9.378675413253022564e-01
9.397397066755949213e-01
9.416286888851883585e-01
9.434504036575794839e-01
9.451712172741675300e-01
9.469929320465588773e-01
9.485792107887429658e-01
9.502159401088283719e-01
9.518022188510123494e-01
9.533044132966940198e-01
9.547393403051732674e-01
9.564937876403625250e-01
9.578782640709403440e-01
9.592459236422179458e-01
9.610508215553086320e-01
9.627380014532957997e-01
9.645428993663865969e-01
9.663646141387778332e-01
9.682031457704696198e-01
9.695876222010475498e-01
9.710225492095269084e-01
9.723902087808042882e-01
9.740773886787916780e-01
9.755963999837735656e-01
9.769304258364498450e-01
9.782308179705252460e-01
9.797161955569061442e-01
9.812352068618883649e-01
9.828551193226734428e-01
9.844245812055569811e-01
9.862462959779482174e-01
9.881352781875413216e-01
9.895197546181193626e-01
9.908874141893967424e-01
9.923896086350781909e-01
9.939758873772621683e-01
9.954948986822443890e-01
9.973670640325370540e-01
9.989533427747210315e-01
1.000657339532008860e+00
1.002109083399788769e+00
1.003594460986169778e+00
1.005029387994649026e+00
1.006531582440330697e+00
1.008336480353421605e+00
1.010191828844413831e+00
1.011929459320302538e+00
1.013667089796191245e+00
1.015236551679074672e+00
1.017091900170067120e+00
1.018896798083157806e+00
1.020718512855548932e+00
1.022338425316334121e+00
1.024109689510823928e+00
1.025813686268111535e+00
1.027652217899803544e+00
1.029541200109396648e+00
1.031446999178290413e+00
1.033335981387883740e+00
1.035073611863772447e+00
1.036794425480360493e+00
1.038498422237648322e+00
1.040067884120531971e+00
1.041603712284814298e+00
1.042937738137490689e+00
1.044473566301773459e+00
1.045874859591651829e+00
1.047343420318732177e+00
1.048828797905113186e+00
1.050330992350794856e+00
1.052169523982486643e+00
1.054024872473478869e+00
1.055745686090067137e+00
1.057668302018261119e+00
1.059338665056947626e+00
1.061244464125841613e+00
1.062729841712222401e+00
1.064332937313707150e+00
1.065986483493093218e+00
1.067455044220173566e+00
1.068839520650751496e+00
1.070408982533635367e+00
1.071961627557218133e+00
1.073547906299402221e+00
1.075151001900886971e+00
1.076653196346568198e+00
1.078273108807353609e+00
1.079893021268138575e+00
1.081512933728923542e+00
1.083116029330408070e+00
1.084719124931892820e+00
1.086389487970579326e+00
1.087925316134861875e+00
1.089377060002641784e+00
1.090862437589022793e+00
1.092415082612605781e+00
1.094203163666396250e+00
1.095570823237673519e+00
1.097459805447266845e+00
1.099331970797559732e+00
1.101220953007152836e+00
1.102975400342342205e+00
1.104645763381028711e+00
1.106349760138316540e+00
1.108121024332806126e+00
1.109942739105197473e+00
1.111579468425282879e+00
1.113098479730264989e+00
1.114567040457345559e+00
1.115951516887923489e+00
1.117352810177801858e+00
1.118737286608379788e+00
1.120088129320356840e+00
1.121960294670649283e+00
1.123647474568636673e+00
1.125385105044525380e+00
1.126887299490206606e+00
1.128540845669592674e+00
1.130211208708279180e+00
1.131831121169064369e+00
1.133350132474046257e+00
1.134835510060427488e+00
1.136674041692119497e+00
1.138579840761013262e+00
1.140502456689207245e+00
1.142307354602297931e+00
1.143876816485181580e+00
1.145597630101769848e+00
1.147352077436958995e+00
1.149039257334945940e+00
1.150591902358528928e+00
1.152110913663511038e+00
1.154016712732404804e+00
1.155350738585081194e+00
1.157256537653974959e+00
1.158859633255459487e+00
1.160462728856944015e+00
1.162015373880527225e+00
1.163601652622711535e+00
1.165524268550905740e+00
1.167430067619799505e+00
1.168881811487579414e+00
1.170400822792561080e+00
1.172037552112646708e+00
1.173775182588535415e+00
1.175445545627221922e+00
1.177065458088007333e+00
1.178937623438300220e+00
1.180574352758385626e+00
1.182110180922668174e+00
1.183578741649748967e+00
1.185249104688435473e+00
1.187205354335231000e+00
1.188505746469306068e+00
1.190176109507992797e+00
1.191762388250176885e+00
1.193365483851661413e+00
1.194884495156643744e+00
1.196369872743024310e+00
1.197787982892203340e+00
1.199206093041382371e+00
1.200893272939369538e+00
1.202361833666450108e+00
1.203864028112131557e+00
1.205298955120610804e+00
1.207221571048805231e+00
1.208791032931688880e+00
1.210108241925064609e+00
1.211492718355642761e+00
1.212826744208319374e+00
1.214228037498197521e+00
1.215578880210174573e+00
1.216912906062850963e+00
1.218230115056226914e+00
1.219530507190301982e+00
1.221099969073185632e+00
1.222921683845576979e+00
1.224659314321465686e+00
1.226497845953157695e+00
1.228319560725548820e+00
1.230191726075841707e+00
1.231996623988932393e+00
1.233952873635727476e+00
1.235892306423222342e+00
1.237209515416598293e+00
1.238694893002979081e+00
1.240297988604463830e+00
1.242018802221051654e+00
1.243874150712044102e+00
1.245645414906533910e+00
1.247399862241723056e+00
1.249154309576912203e+00
1.251009658067904651e+00
1.252360500779881480e+00
1.254232666130173923e+00
1.256054380902565049e+00
1.257674293363350237e+00
1.259294205824135204e+00
1.261233638611630514e+00
1.263189888258426041e+00
1.264776167000609908e+00
1.266311995164892679e+00
1.267847823329175005e+00
1.269736805538768110e+00
1.271625787748361658e+00
1.273548403676556084e+00
1.275504653323351389e+00
1.277410452392245377e+00
1.279114449149532762e+00
1.280801629047520152e+00
1.282387907789704240e+00
1.283940552813287228e+00
1.285409113540367798e+00
1.286978575423251447e+00
1.288548037306134875e+00
1.290050231751816767e+00
1.292023298257912511e+00
1.293458225266391981e+00
1.294994053430674530e+00
1.296714867047262576e+00
1.298536581819653923e+00
1.300391930310646149e+00
1.301894124756327820e+00
1.303295418046206189e+00
1.304713528195384997e+00
1.306215722641066224e+00
1.307785184523949873e+00
1.309152844095227586e+00
1.310957742008318272e+00
1.312813090499310720e+00
1.314382552382194147e+00
1.316002464842979114e+00
1.317639194163064742e+00
1.319460908935455867e+00
1.321114455114842157e+00
1.323020254183735700e+00
1.324892419534028365e+00
1.326831852321523453e+00
1.328266779330002700e+00
1.329752156916383488e+00
1.331388886236469116e+00
1.332991981837953865e+00
1.334611894298739054e+00
1.336231806759524021e+00
1.337649916908702830e+00
1.339034393339280760e+00
1.340418869769858912e+00
1.342257401401550698e+00
1.343978215018138966e+00
1.345497226323120854e+00
1.347033054487402959e+00
1.348619333229587269e+00
1.350222428831072019e+00
1.351892791869758748e+00
1.353210000863134477e+00
1.354527209856509984e+00
1.355844418849886157e+00
1.357750217918780145e+00
1.359605566409772370e+00
1.361242295729857776e+00
1.363047193642948685e+00
1.364398036354925292e+00
1.366118849971513560e+00
1.367856480447402046e+00
1.369274590596581076e+00
1.370961770494568022e+00
1.372615316673954089e+00
1.374588383180050055e+00
1.376561449686145799e+00
1.378080460991127687e+00
1.379633106014710897e+00
1.381135300460392568e+00
1.382637494906074016e+00
1.384106055633154586e+00
1.386028671561348569e+00
1.387379514273325620e+00
1.388696723266701571e+00
1.390484804320491596e+00
1.391902914469670405e+00
1.393775079819963292e+00
1.395647245170256179e+00
1.397536227379849283e+00
1.398920703810427213e+00
1.400422898256108439e+00
1.401857825264587909e+00
1.403612272599777056e+00
1.405148100764059382e+00
1.406448492898134894e+00
1.408219757092624480e+00
1.410041471865015605e+00
1.411695018044401673e+00
1.413449465379591041e+00
1.415187095855479971e+00
1.416991993768570657e+00
1.418695990525857820e+00
1.420484071579648289e+00
1.421818097432324679e+00
1.423118489566399969e+00
1.424452515419076359e+00
1.426072427879861770e+00
1.427641889762744976e+00
1.429110450489825768e+00
1.430679912372709417e+00
1.432064388803286903e+00
1.433566583248968573e+00
1.435472382317862339e+00
1.437210012793750824e+00
1.438712207239432495e+00
1.440130317388611303e+00
1.442036116457505068e+00
1.443807380651995098e+00
1.445444109972080726e+00
1.446895853839860413e+00
1.448313963989039443e+00
1.449614356123115178e+00
1.450914748257190467e+00
1.452450576421472794e+00
1.453969587726454682e+00
1.455656767624442294e+00
1.457528932974734959e+00
1.459468365762229602e+00
1.460852842192807755e+00
1.462270952341987007e+00
1.463756329928367794e+00
1.465544410982157819e+00
1.467265224598746087e+00
1.468885137059531276e+00
1.470555500098218005e+00
1.472040877684599014e+00
1.473929859894192340e+00
1.475886109540987867e+00
1.477438754564570411e+00
1.479193201899760002e+00
1.480981282953550249e+00
1.482651645992236977e+00
1.484456543905327441e+00
1.486093273225412847e+00
1.487763636264100020e+00
1.489433999302786527e+00
1.491289347793778974e+00
1.492875626535962841e+00
1.494596440152551331e+00
1.496519056080745536e+00
1.498492122586841724e+00
1.500465189092937468e+00
1.502404621880432334e+00
1.503923633185414221e+00
1.505627629942701606e+00
1.507197091825585256e+00
1.508817004286370222e+00
1.510436916747155633e+00
1.511972744911438182e+00
1.513592657372223149e+00
1.515296654129510978e+00
1.517017467746098802e+00
1.518469211613879155e+00
1.519971406059560382e+00
1.521540867942444253e+00
1.523143963543928558e+00
1.524763876004713969e+00
1.526366971606198497e+00
1.527970067207683025e+00
1.529573162809167775e+00
1.531159441551351641e+00
1.532678452856333751e+00
1.534180647302015199e+00
1.535935094637204346e+00
1.537588640816590413e+00
1.539494439885484178e+00
1.541400238954377722e+00
1.543322854882572370e+00
1.545010034780559316e+00
1.546663580959945827e+00
1.548367577717233212e+00
1.550206109348924777e+00
1.552145542136419865e+00
1.553715004019303292e+00
1.555486268213792878e+00
1.557156631252479384e+00
1.558759726853964356e+00
1.560329188736848005e+00
1.561881833760431215e+00
1.563501746221216182e+00
1.565407545290110169e+00
1.567346978077605257e+00
1.569202326568597261e+00
1.570704521014278710e+00
1.572223532319260597e+00
1.573910712217247987e+00
1.575681976411737573e+00
1.577419606887626280e+00
1.579056336207711908e+00
1.580440812638289616e+00
1.581858922787468424e+00
1.583226582358745915e+00
1.584560608211422528e+00
1.585894634064098696e+00
1.587211843057474425e+00
1.588529052050850376e+00
1.590367583682542163e+00
1.591718426394518993e+00
1.593069269106495600e+00
1.594504196114975070e+00
1.595989573701356301e+00
1.597542218724939067e+00
1.599397567215931515e+00
1.601067930254618243e+00
1.602889645027009591e+00
1.604644092362198959e+00
1.606364905978787005e+00
1.608136170173276369e+00
1.610041969242170135e+00
1.611914134592463022e+00
1.613819933661356787e+00
1.615271677529136918e+00
1.616605703381813308e+00
1.618124714686795196e+00
1.619492374258072465e+00
1.620960934985152813e+00
1.622513580008736023e+00
1.624150309328821651e+00
0.000000000000000000e+00
