1.573136124073038974e-02
1.560466455161853803e-02
1.547883934843049397e-02
1.535307958820662094e-02
1.523290033038620511e-02
1.511489247072470184e-02
1.499775870777792820e-02
1.488384759477813166e-02
1.477502452898378851e-02
1.466674725893412669e-02
1.455920840092777765e-02
1.445392724541679635e-02
1.434896455823164718e-02
1.424581406158471203e-02
1.414541302875386639e-02
1.404732615729553311e-02
1.394925164671369060e-02
1.385251934192516764e-02
1.375784441227885860e-02
1.366334191124466899e-02
1.356922733696790638e-02
1.347540151640492373e-02
1.338276971812564151e-02
1.329153265437322748e-02
1.320060337206419888e-02
1.310993580436687136e-02
1.302186902967686008e-02
1.293662824225233834e-02
1.285277665703269540e-02
1.276920257603999555e-02
1.268655476341902164e-02
1.260583914478978149e-02
1.252563090312023078e-02
1.244576470134653098e-02
1.236628182553753570e-02
1.228694336346204848e-02
1.220888761715898697e-02
1.213154803296080664e-02
1.205440615736839277e-02
1.197855136765466240e-02
1.190304217124161373e-02
1.182793247643510078e-02
1.175331163864806738e-02
1.167912416892293026e-02
1.160541826570649603e-02
1.153219893034126108e-02
1.145957074076587798e-02
1.138740413786906193e-02
1.131481791885638813e-02
1.124269419221364877e-02
1.117290691215708752e-02
1.110331367470666908e-02
1.103385446674980640e-02
1.096454412332048718e-02
1.089526472111098689e-02
1.082810933719419513e-02
1.076180757652888363e-02
1.069570447705121309e-02
1.063105152315110997e-02
1.056662594824750272e-02
1.050235674267597369e-02
1.043837373781028414e-02
1.037453545636864323e-02
1.031013262507598192e-02
1.024678748569256802e-02
1.018403465335403386e-02
1.012152907699259176e-02
1.005993107148666667e-02
9.998456172314811041e-03
9.937357892427963954e-03
9.876345371035835652e-03
9.815477953579647072e-03
9.754816297575170589e-03
9.694304675595809273e-03
9.634683828616902312e-03
9.575429314176908333e-03
9.516320817253707404e-03
9.457271901629938846e-03
9.398787942063533546e-03
9.340334235759625847e-03
9.282800104003256433e-03
9.225173066223710250e-03
9.167649240626874266e-03
9.110758109450733250e-03
9.054155080106995185e-03
8.997627335187125680e-03
8.941149260187667216e-03
8.885050080413051457e-03
8.829059636430679203e-03
8.773208981789685362e-03
8.717792958326349081e-03
8.662907161258741676e-03
8.608124651704652033e-03
8.553525877057342741e-03
8.499667144493997309e-03
8.446426798781922485e-03
8.393452687740068918e-03
8.339856113693899439e-03
8.287129672766664276e-03
8.234759482272232048e-03
8.182523327468830404e-03
8.130815243670175621e-03
8.079910369211368987e-03
8.029134281513831614e-03
7.978663867053245595e-03
7.928419272227113165e-03
7.878225264836256209e-03
7.828241912276346151e-03
7.778317707256904821e-03
7.728592654943552791e-03
7.677684937493535651e-03
7.626619966079147515e-03
7.577069107880979836e-03
7.527567324928805849e-03
7.478295001987603913e-03
7.429358455072710907e-03
7.380587577591002889e-03
7.332254186589498048e-03
7.284322327797982527e-03
7.236582197619505046e-03
7.189193479663925739e-03
7.142051480262521547e-03
7.095224491474166721e-03
7.048546059541221064e-03
7.002947941625037309e-03
6.957691155572338221e-03
6.912466837028411783e-03
6.867253190351788397e-03
6.822923118302711212e-03
6.778814138953889387e-03
6.734849378006498716e-03
6.691310591193147181e-03
6.648425441330690217e-03
6.605768066349814241e-03
6.563259271353670543e-03
6.520831654856193080e-03
6.478710776004218720e-03
6.437144622389230977e-03
6.395631751694177101e-03
6.354097884953561343e-03
6.313033414205604724e-03
6.272011055192375922e-03
6.231524958600433844e-03
6.191629264354958639e-03
6.151697144862395758e-03
6.112256111497110962e-03
6.072843627088318416e-03
6.033447661154479197e-03
5.994114384540537473e-03
5.951825048155884659e-03
5.912748705167269851e-03
5.874118208951683434e-03
5.835954779368935676e-03
5.797924950811739545e-03
5.760508408816119967e-03
5.723162014430705283e-03
5.686216490024308470e-03
5.649339888322692065e-03
5.612133431586643212e-03
5.575336869577021681e-03
5.538823304632426066e-03
5.502388495634353421e-03
5.466352367295044049e-03
5.430400192976645238e-03
5.395193124569226846e-03
5.360063208629115700e-03
5.324683220535991572e-03
5.289661560928351700e-03
5.254891610327380898e-03
5.219456726372088268e-03
5.184708366118257784e-03
5.150024054963832539e-03
5.115447378149966598e-03
5.081130648796719149e-03
5.047081410983593648e-03
5.012847020659795018e-03
4.979194943783397075e-03
4.945811237693226690e-03
4.912456918308099642e-03
4.879181382199571267e-03
4.846426378112282836e-03
4.813740870685171043e-03
4.778532598079922658e-03
4.745959476201717063e-03
4.713545006082759704e-03
4.681198521839337497e-03
4.649766815117672633e-03
4.618503520626805921e-03
4.587290603502241181e-03
4.556137057371075806e-03
4.525160557789198804e-03
4.494427744419758099e-03
4.464327101702851575e-03
4.434253459417054725e-03
4.404255632055036930e-03
4.374337561970186375e-03
4.344543224885887012e-03
4.314793140625911017e-03
4.285431662963905264e-03
4.256612116430071209e-03
4.228036585701313958e-03
4.199541140358549647e-03
4.171163767750379198e-03
4.142792863841894893e-03
4.114443894735263056e-03
4.086105261881067645e-03
4.057800573994151984e-03
4.029561041526978117e-03
4.001429862254836899e-03
3.973435760463559299e-03
3.945632071023798086e-03
3.918162770673464489e-03
3.890799877037651611e-03
3.863701137464354771e-03
3.836753227432224567e-03
3.809970008541583002e-03
3.783224555950589780e-03
3.756494334576193986e-03
3.730074627754020964e-03
3.703665521577062438e-03
3.677509764515499765e-03
3.650785775204913423e-03
3.624204144529657133e-03
3.598127981492582530e-03
3.572346649815385210e-03
3.546685945998988721e-03
3.521030110432729014e-03
3.495607706891316283e-03
3.470647241620460066e-03
3.445649418066416402e-03
3.420831848359015027e-03
3.396126043425169456e-03
3.371437391584538364e-03
3.346824874293884231e-03
3.322303225254797428e-03
3.297095678725669738e-03
3.272773898931782832e-03
3.248671174219934336e-03
3.224637913101573768e-03
3.200989876555091537e-03
3.177364258383909984e-03
3.153513788900082996e-03
3.130096187521371007e-03
3.106876650048866900e-03
3.084175830406955636e-03
3.061819253693116340e-03
3.039672874503912634e-03
3.017514188221241331e-03
2.995470755312541755e-03
2.973546389182545220e-03
2.951411877276668549e-03
2.929518365147385298e-03
2.907691388582511662e-03
2.886103586869113741e-03
2.864652341185986665e-03
2.843255567338367953e-03
2.821901948532374096e-03
2.800871551545347504e-03
2.779872457866466601e-03
2.759286283209970783e-03
2.738842755245101714e-03
2.718434362578362341e-03
2.698247594991437168e-03
2.678076838609491465e-03
2.657844846574545627e-03
2.637680721467499344e-03
2.617549922416755222e-03
2.597660512728991976e-03
2.578170109798214645e-03
2.559013825822039831e-03
2.539833994884770508e-03
2.520712064903945539e-03
2.501839667792213513e-03
2.483369192415265173e-03
2.464913469732999893e-03
2.446682910450073776e-03
2.428487936548845427e-03
2.410033159427726456e-03
2.391835792128533481e-03
2.373731712754527726e-03
2.355851553376978307e-03
2.338019880198142011e-03
2.320343625639879632e-03
2.302825467743041012e-03
2.285240866243671860e-03
2.267791026185586156e-03
2.250485050576676079e-03
2.232698698427809918e-03
2.215854956149542962e-03
2.198967816182077241e-03
2.182223230636417145e-03
2.165607397053255240e-03
2.149058687920271226e-03
2.132668585922973658e-03
2.116348860053019788e-03
2.100116097030601398e-03
2.084103115995450568e-03
2.068052003762227420e-03
2.052116089575603541e-03
2.036276511857163483e-03
2.020440992217809300e-03
2.004724447067892518e-03
1.989238062989630382e-03
1.973921635711584077e-03
1.958613854069202621e-03
1.943484624892897290e-03
1.928572131993057251e-03
1.914110554670367479e-03
1.899747150270562727e-03
1.885677355455286615e-03
1.871682042789429715e-03
1.857688198787243311e-03
1.843862800399833799e-03
1.830143737592775707e-03
1.816419992497743168e-03
1.803177334469633188e-03
1.790060940545854309e-03
1.777085762016901481e-03
1.763011835317047178e-03
1.750215061673681197e-03
1.737473031891423542e-03
1.724871333014496621e-03
1.712240750204318445e-03
1.699709136720835160e-03
1.687170307510624592e-03
1.674783622188531166e-03
1.662672561348053349e-03
1.650627383923984398e-03
1.638291806803213050e-03
1.626263588937108687e-03
1.614331365492145762e-03
1.602945826660285948e-03
1.591577280301880067e-03
1.580417074514430193e-03
1.569494245444238338e-03
1.558602485183675215e-03
1.546718138949993967e-03
1.535889328565335013e-03
1.524996203322636973e-03
1.514245705858948982e-03
1.503500557896432456e-03
1.492744239830102668e-03
1.482183815169057454e-03
1.471644497572057375e-03
1.461252551933731481e-03
1.450917809642339852e-03
1.440688557143563787e-03
1.430566740697705513e-03
1.420536851681353501e-03
1.410520544764034623e-03
1.400523270799787631e-03
1.390768746144966468e-03
1.381021725624480929e-03
1.371287796893840743e-03
1.361677432344841725e-03
1.352202438813671212e-03
1.342855131749694925e-03
1.333671462983833595e-03
1.324554021433550603e-03
1.315482204325321182e-03
1.306320317132652307e-03
1.297255091519833575e-03
1.288202966676647377e-03
1.278857041257917002e-03
1.269822626485578787e-03
1.260498721850477483e-03
1.251567651426745099e-03
1.242717223187668387e-03
1.233709752082452022e-03
1.225038307367924423e-03
1.216389986260697689e-03
1.207987058734612869e-03
1.199596071657677661e-03
1.191206793993013473e-03
1.182797076720852950e-03
1.174499060005577186e-03
1.166203811049286313e-03
1.158036563897947525e-03
1.150224179568232934e-03
1.142484662279351620e-03
1.134852723335376184e-03
1.127248047210141144e-03
1.119630678997831199e-03
1.112234804637962302e-03
1.104976167121990644e-03
1.097914791957610350e-03
1.091013841273806313e-03
1.084291028845233958e-03
1.077634020804623272e-03
1.070898448821941884e-03
1.064282827712599577e-03
1.057701528843068596e-03
1.050821253070504833e-03
1.044422941175960880e-03
1.038041219851972962e-03
1.031617753752433163e-03
1.025359065425102177e-03
1.019124801825513479e-03
1.012897381764045089e-03
1.006730463362392244e-03
1.000726065409344350e-03
9.945620006159791061e-04
9.886850212544910036e-04
9.828550491510078431e-04
9.771482837348983725e-04
9.714053491629713773e-04
9.657390321312287395e-04
9.601673887127246034e-04
9.546853442571922362e-04
9.493481781794786906e-04
9.440756212778694855e-04
9.388210052511974284e-04
9.336802296496581142e-04
9.286758239564772742e-04
9.236476273577768270e-04
9.186671811976303238e-04
9.138892110805621862e-04
9.091833714043439513e-04
9.045863484105386761e-04
9.000082723106255390e-04
8.955452941316053347e-04
8.911481705325090394e-04
8.866492469867474479e-04
8.822744042992427963e-04
8.779504189624346864e-04
8.737515510807851481e-04
8.694866564230771793e-04
8.653019212259973562e-04
8.610996042810234842e-04
8.569582262484607251e-04
8.529032951234055476e-04
8.490869817043394377e-04
8.451902474503704193e-04
8.414239418906466379e-04
8.377486509615570407e-04
8.341339556904433725e-04
8.305896045971167957e-04
8.270707873812370957e-04
8.234428151416028387e-04
8.199327273658636077e-04
8.165121375220922703e-04
8.129535904318473420e-04
8.095583243091017530e-04
8.062326866493486422e-04
8.028519051209579349e-04
7.995419878815402098e-04
7.963142239771464062e-04
7.932466725000327130e-04
7.902853904984021146e-04
7.873232664096602119e-04
7.843870942321571216e-04
7.814217173373131644e-04
7.785302851419924168e-04
7.757619044963787571e-04
7.730321371245852270e-04
7.703184489044026702e-04
7.676608322635374709e-04
7.650254549834535969e-04
7.625293645666952631e-04
7.600284889708203715e-04
7.572230884634117368e-04
7.547914565084386804e-04
7.524266099357203611e-04
7.500954285567367494e-04
7.475740261109309987e-04
7.450659915382345979e-04
7.427758660947581838e-04
7.405069535600535512e-04
7.382202020601654098e-04
7.356830600055763508e-04
7.334546233245663616e-04
7.313851177451543163e-04
7.293274373156046191e-04
7.272181438313041419e-04
7.251721420792104321e-04
7.231605992301897009e-04
7.211662754468010830e-04
7.192999701260179967e-04
7.168235577355596723e-04
7.143324488390501593e-04
7.122463286593597480e-04
7.103855420384986219e-04
7.082838728501169266e-04
7.064693601069425713e-04
7.046852873819826110e-04
7.029411234305653604e-04
7.008348690507819724e-04
6.991375764802708120e-04
6.974406291247356145e-04
6.957486443267383875e-04
6.940313011196550452e-04
6.910383412007821934e-04
6.892229817395119189e-04
6.875315655649724732e-04
6.858763956011066460e-04
6.842788409936635674e-04
6.827226232648034559e-04
6.811333888627608925e-04
6.796652355901785288e-04
6.782595414937900866e-04
6.767417472255868706e-04
6.753038093955011792e-04
6.735845509716834999e-04
6.721202816194536776e-04
6.708733190387394362e-04
6.695770996383935405e-04
6.679495076896435103e-04
6.661554472404404093e-04
6.649303828063883592e-04
6.637230874619463915e-04
6.623411235775023909e-04
6.612049960409580257e-04
6.598976298984789721e-04
6.587970511699132786e-04
6.572862770593626298e-04
6.561220046162460559e-04
6.550374088059255501e-04
6.539569702913689778e-04
6.528826278956470714e-04
6.513678583242296432e-04
6.503299191030892639e-04
6.467590653670164929e-04
6.455290317608150530e-04
6.445097791327297201e-04
6.434301948357691115e-04
6.424247136546646069e-04
6.414392682419164677e-04
6.405118081004466599e-04
6.394735945312784780e-04
6.385324443940166260e-04
6.361674719511671485e-04
6.352364701357652394e-04
6.343104203430229926e-04
6.331363932794058583e-04
6.323119836840820907e-04
6.314973258989786632e-04
6.306942720777812062e-04
6.292559402323149708e-04
6.284187245279566729e-04
6.276177776631767114e-04
6.268129854925355874e-04
6.258877712211510617e-04
6.250845395388221828e-04
6.242841591727077985e-04
6.233331312214786734e-04
6.225704146368478843e-04
6.218125710091143565e-04
6.206808586451031257e-04
6.195157606141169990e-04
6.187836162018407749e-04
6.180544310543346301e-04
6.173105132446406185e-04
6.164316741539596200e-04
6.156769650084061973e-04
6.150408039382446092e-04
6.142169444917493530e-04
6.134083653159216843e-04
6.124509918656758072e-04
6.117684156633231528e-04
6.103367089211696574e-04
6.096940523037122856e-04
6.089363093432086267e-04
6.079431872843314927e-04
6.073123727370622867e-04
6.066818337465329416e-04
6.061058510311651470e-04
6.053267241549672171e-04
6.046829899794730137e-04
6.032429768168772041e-04
6.023524284922348671e-04
6.013844678149467748e-04
6.002347435400317904e-04
5.993796953960733344e-04
5.986708608019163319e-04
5.980690209479072638e-04
5.974038031395773442e-04
5.967847700894881062e-04
5.960869129574367662e-04
5.954701431697715730e-04
5.948893238273451770e-04
5.943243394298193451e-04
5.937105849612140220e-04
5.931459895553237507e-04
5.925914330267354055e-04
5.920154502417178128e-04
5.914256385104062468e-04
5.909129386175028097e-04
5.903912970711279028e-04
5.896197667319265324e-04
5.887366344871843319e-04
5.882496392018069344e-04
5.877675300244281000e-04
5.872460126644441815e-04
5.867747163547285504e-04
5.862180765319203448e-04
5.857100009151360509e-04
5.852011232155193135e-04
5.847754660381726229e-04
5.843507138806612643e-04
5.839215504742490239e-04
5.834936797468903182e-04
5.830866100993317529e-04
5.825825380494980762e-04
5.821799153413888912e-04
5.817660634051524931e-04
5.813974458967343479e-04
5.809743825875064325e-04
5.804105574223740547e-04
5.794996458854475858e-04
5.791320626488201569e-04
5.786357835899062644e-04
5.782813331498212490e-04
5.779276406663165456e-04
5.775389161095982821e-04
5.771622232366402068e-04
5.763849180921666246e-04
5.760351976120079440e-04
5.756764772977065753e-04
5.753147324141960790e-04
5.749568573150234995e-04
5.745295289045550821e-04
5.741758404726728061e-04
5.738255028822943212e-04
5.734811178410704861e-04
5.730585533929106936e-04
5.727481770355127540e-04
5.724304164422794978e-04
5.721177512011814707e-04
5.718115639872849111e-04
5.714924721615347470e-04
5.711804129227294460e-04
5.708685251645187345e-04
5.704232443234392167e-04
5.701103142131356280e-04
5.698333215151455116e-04
5.694416375107479254e-04
5.690542347494886638e-04
5.686716509340119640e-04
5.683411439287379451e-04
5.678649837925911839e-04
5.673001489946068740e-04
5.670218942038228764e-04
5.661712447817691517e-04
5.658870792388828687e-04
5.656134227763911192e-04
5.653419992494614077e-04
5.650660381885424166e-04
5.648339640990525899e-04
5.645817771068286283e-04
5.643716519647711590e-04
5.641260496838795954e-04
5.638295402761381303e-04
5.636258307582500595e-04
5.634172589018924138e-04
5.632226257580297529e-04
5.630298894054128634e-04
5.627343192436050313e-04
5.624783639357224235e-04
5.622146963482618299e-04
5.619450346044961358e-04
5.617201670865731291e-04
5.614919676594535506e-04
5.611886466558630880e-04
5.609652963990241058e-04
5.607583757964907821e-04
5.605721183050636205e-04
5.602850598814394269e-04
5.599637943358473343e-04
5.595739513152105842e-04
5.592073556373902384e-04
5.590042207871771590e-04
5.588188996195323941e-04
5.585935816078860076e-04
5.581924060012664586e-04
5.580111647319452826e-04
5.578123105283849933e-04
5.576309761983975479e-04
5.574531606656825443e-04
5.572783051073347147e-04
5.569146154798945226e-04
5.567415204869458891e-04
5.565677351687239654e-04
5.556655151104934309e-04
5.546574025914712946e-04
5.542351250429487959e-04
5.540042976113294373e-04
5.536363893077929626e-04
5.533277436676131093e-04
5.530141162229443557e-04
5.528208226546575937e-04
5.525357826332819066e-04
5.523692728586045630e-04
5.522100810383149747e-04
5.520248475095935635e-04
5.518461582116580095e-04
5.516880972585402453e-04
5.515432484419865349e-04
5.513946518537207134e-04
5.512600607672936805e-04
5.511055851844760475e-04
5.509706053508686262e-04
5.508405498287188276e-04
5.506788023338307506e-04
5.503958537710409169e-04
5.502477681678135573e-04
5.500920762616083202e-04
5.498963341757611952e-04
5.492581458486075563e-04
5.486989109880383931e-04
5.483093290775088117e-04
5.481088343556012694e-04
5.479695000792133208e-04
5.478441187943179375e-04
5.477237030559600891e-04
5.475824895490834709e-04
5.473320407773195470e-04
5.471038648945572959e-04
5.469702598365079171e-04
5.468230883615724999e-04
5.466720495305641119e-04
5.465495689743956080e-04
5.464231463093446135e-04
5.462980642180348271e-04
5.461918755011523855e-04
5.460822470166304919e-04
5.459771541514730608e-04
5.458757213892606380e-04
5.457756301111919275e-04
5.456678744553450540e-04
5.454931959226490658e-04
5.453623899432920395e-04
5.452481497548390850e-04
5.451623930197728365e-04
5.450730046406792022e-04
5.449896642897491400e-04
5.448889426462971653e-04
5.447912019900354652e-04
5.446863007639705413e-04
5.445634561603034021e-04
5.444477036532931712e-04
5.443652623302404261e-04
5.442641143697922066e-04
5.441813072943032029e-04
5.441007926023814579e-04
5.440141041448940968e-04
5.439225259599072063e-04
5.438567887272105017e-04
5.437287785286950116e-04
5.436520283078090507e-04
5.435702758493836471e-04
5.434551520288825183e-04
5.431351167393417547e-04
5.430498071102152343e-04
5.429494160818861036e-04
5.428849033862426449e-04
5.428112459285222612e-04
5.427269988041211104e-04
5.426278687892013407e-04
5.424800732263484028e-04
5.423845237911100164e-04
5.423223641739835336e-04
5.422611050930612516e-04
5.421909248359549002e-04
5.421294819828587075e-04
5.420720230887392504e-04
5.420201689005785728e-04
5.419542259725986877e-04
5.419035444612968402e-04
5.418289968390981948e-04
5.415580129276246091e-04
5.414889377085123096e-04
5.414314840133560743e-04
5.413748362725913886e-04
5.413182255037448515e-04
5.412656061266689052e-04
5.412047642864842431e-04
5.411186221390012780e-04
5.410083420497330958e-04
5.409601218189827960e-04
5.408903592432837007e-04
5.408197310057078974e-04
5.407339628638293053e-04
5.406696692765627964e-04
5.404991550835281083e-04
5.404463809620261216e-04
5.403961122873104797e-04
5.403529204052976787e-04
5.402800674291962030e-04
5.402295214653488010e-04
5.401520239582285367e-04
5.400932417878836133e-04
5.400502775214724178e-04
5.399870814159580873e-04
5.399476518769537152e-04
5.398853963290350597e-04
5.398456220779891158e-04
5.398066125280269857e-04
5.397680791451307022e-04
5.397089253270291554e-04
5.396522630021490874e-04
5.395908302618002313e-04
5.395331506813650898e-04
5.394937899317281491e-04
5.394506746489431768e-04
5.394092686612430177e-04
5.393442194106792733e-04
5.392964768658593897e-04
5.392503947796539699e-04
5.391788127134788380e-04
5.391152463422600174e-04
5.390648142348107748e-04
5.390061853517977893e-04
5.389470843110686672e-04
5.388389653470359577e-04
5.387796157148623142e-04
5.387072799672399607e-04
5.386645086306877028e-04
5.386201668971944863e-04
5.385656153325680661e-04
5.385152298032092749e-04
5.384584408269386599e-04
5.384199592567338833e-04
5.383348818404766305e-04
5.382894098054695703e-04
5.381385035617875000e-04
5.380619503584478051e-04
5.380201785442760998e-04
5.379459500230493376e-04
5.378588021054059656e-04
5.378131986191371375e-04
5.377107399509746793e-04
5.376270757421943575e-04
5.375864857595903743e-04
5.375466073782747024e-04
5.374737040298048409e-04
5.374128607516361154e-04
5.373756755075806283e-04
5.373366291862762337e-04
5.373033528703648068e-04
5.372611698524839977e-04
5.372149605528718855e-04
5.371673538787877797e-04
5.371194497300634842e-04
5.370831160760002054e-04
5.370544756403462534e-04
5.370263502160737158e-04
5.369973826126946690e-04
5.369683516100706754e-04
5.369421378318803457e-04
5.369077503716789511e-04
5.368754171519525466e-04
5.368435802491058808e-04
5.367930616590788117e-04
5.367370236017142459e-04
5.367019677319574992e-04
5.366642821269044768e-04
5.366314639060229498e-04
5.365992538972198887e-04
5.365654344915584241e-04
5.365178973683881747e-04
5.364650954889680452e-04
5.364293038018935235e-04
5.363763491506846849e-04
5.362977372964540653e-04
5.362695672255301345e-04
5.362412494280705553e-04
5.361988787357103818e-04
5.361798391899880254e-04
5.361633257600626791e-04
5.361383583794421389e-04
5.360908764123961320e-04
5.360095748508439525e-04
5.359906884399368628e-04
5.359451968476096296e-04
5.359237002487143723e-04
5.359076425223380322e-04
5.358815462581647746e-04
5.358520616727596372e-04
5.358358631433708186e-04
5.358022448706693591e-04
5.357832996564890378e-04
5.357642254810142737e-04
5.357453461112994661e-04
5.357220624906915271e-04
5.357003192984384488e-04
5.356816800484886414e-04
5.356553903971435476e-04
5.355966307104592823e-04
5.355835186728084363e-04
5.355681447450237392e-04
5.355440679025131418e-04
5.355283305247210499e-04
5.354497705252611248e-04
5.354363692446909495e-04
5.353714715805893377e-04
5.353603477801384793e-04
5.353107866870060070e-04
5.352839517243307508e-04
5.352272786517807846e-04
5.352060668802776679e-04
5.351880541101731829e-04
5.351117933809423303e-04
5.351006471874588397e-04
5.350835145858356392e-04
5.350655759027642122e-04
5.350542270476055197e-04
5.350218759578254796e-04
5.350115190408989696e-04
5.349863706277200193e-04
5.349613943201622732e-04
5.349356111098060428e-04
5.348933177538850968e-04
5.348627843120211346e-04
5.348307770276227195e-04
5.347954514058745040e-04
5.347727594733123462e-04
5.347217604751696449e-04
5.346534784272726848e-04
5.346265314827002577e-04
5.346003000084202173e-04
5.345172050633038808e-04
5.344981966005458518e-04
5.344843984967070959e-04
5.344694654196993980e-04
5.344538741794248662e-04
5.344324941874052399e-04
5.343941629095654965e-04
5.343750450593065656e-04
5.343153798814067636e-04
5.342701218990610415e-04
5.342411276635888710e-04
5.341588211659684116e-04
5.341127524016888025e-04
5.340858027661039235e-04
5.340593036852561183e-04
5.340154922861622359e-04
5.339214787163095669e-04
5.337553277028850253e-04
5.336209654386269959e-04
5.332113596129945624e-04
5.331318667943408954e-04
5.330462083979519089e-04
5.329630320287673468e-04
5.329216045981203772e-04
5.328622436501572824e-04
5.328298231717588018e-04
5.327988452436240247e-04
5.327616463630975704e-04
5.327398210264554365e-04
5.327273049830771878e-04
5.327109750688031930e-04
5.326249254155419281e-04
5.326085895208279401e-04
5.325744059065330629e-04
5.325561439050184370e-04
5.325421434060249003e-04
5.325185321508837423e-04
5.325013884248507717e-04
5.324859371031110062e-04
5.324704232366853389e-04
5.324260271531842297e-04
5.323587281355718305e-04
5.323150857635576072e-04
5.322781193004198731e-04
5.322655214601561702e-04
5.322521239044984091e-04
5.322157698399414142e-04
5.321703214564081456e-04
5.321586269104210598e-04
5.321324975542662816e-04
5.321131948186183427e-04
5.320861954337580179e-04
5.320305827991769331e-04
5.319926309954346256e-04
5.319345795402990714e-04
5.318997010192133383e-04
5.318420800341553366e-04
5.318179542370371190e-04
5.317926169452656063e-04
5.317656990887574932e-04
5.317485791509295439e-04
5.317316796171834073e-04
5.317162548628915361e-04
5.316979362079729370e-04
5.316849355752919755e-04
5.316690339086773201e-04
5.316572068011800713e-04
5.316423547025898129e-04
5.316306501475617135e-04
5.316075269091006823e-04
5.315723083713893085e-04
5.315617400587089236e-04
5.315453894187853251e-04
5.315358657390128940e-04
5.314975210634708238e-04
5.314903246032411186e-04
5.314829026767702502e-04
5.314543486127113955e-04
5.314425471758310376e-04
5.314243071970434782e-04
