9.137121549482658533e-01
6.086634128683949818e-01
3.796141827283160408e-01
2.346522958279902982e-01
1.877576411269590018e-01
1.751975534651226962e-01
1.688105333865301538e-01
1.637259454713527185e-01
1.608217788566282946e-01
1.591855465990344165e-01
1.582909412402183913e-01
1.579892765335717264e-01
1.579771835165271476e-01
1.579661391406435578e-01
1.580533762361832906e-01
1.580219312957507893e-01
1.580120315221477945e-01
1.580189086941427568e-01
1.579924077505197588e-01
1.579779815922789654e-01
1.579156198664641297e-01
1.578732302093418804e-01
1.578622273724828440e-01
1.578419376717429823e-01
1.578201444261420061e-01
1.578397434631636231e-01
1.578286488601033377e-01
1.578299811958824572e-01
1.578236124091560166e-01
1.578208431856188698e-01
1.577975037415901005e-01
1.577908939716086700e-01
1.577764636913698837e-01
1.577747408434681808e-01
1.577740873255254750e-01
1.577334589819789357e-01
1.577249470323235647e-01
1.577020196867549295e-01
1.576998285884188000e-01
1.577018018047781356e-01
1.576850957885961579e-01
1.576953172476815157e-01
1.576849329592374394e-01
1.576773609396313336e-01
1.576268270333093247e-01
1.576301961477075408e-01
1.576410418130971824e-01
1.576417188005682368e-01
1.576483921902172847e-01
1.576452154460686039e-01
1.575841836620925918e-01
1.575882061270020840e-01
1.575744965790539243e-01
1.575426968496947688e-01
1.575620030594941379e-01
1.575474808152685924e-01
1.575149197502705989e-01
1.574899830038416215e-01
1.574746549365896864e-01
1.574339454775174341e-01
1.574303671519734216e-01
1.574432329179059342e-01
1.574401415053990061e-01
1.574400218862690992e-01
1.574224715313089773e-01
1.574287934740054851e-01
1.574210725833959101e-01
1.573959058927809906e-01
1.573950843367272756e-01
1.573740610100742288e-01
1.573467949933252674e-01
1.573271834616721265e-01
1.573142474082338538e-01
1.572609833465477003e-01
1.572316094377723961e-01
1.572376695055109908e-01
1.572274716709308462e-01
1.572221914598237180e-01
1.572098516409867752e-01
1.571979235432916233e-01
1.572057645319698826e-01
1.571664099165820117e-01
1.571488442252522710e-01
1.570978594048645649e-01
1.570986962186591840e-01
1.570686962456955271e-01
1.570331894185028332e-01
1.570285726979298579e-01
1.570469409851315279e-01
1.570098854140797584e-01
1.569588549858526305e-01
1.569486102578141473e-01
1.569192112726965904e-01
1.569147552003948842e-01
1.569046916655436608e-01
1.569175145426680573e-01
1.568979903902268658e-01
1.568890123614470333e-01
1.568623645504858277e-01
1.568392180274416903e-01
1.568527989546501800e-01
1.568106899248404296e-01
1.568111329904884332e-01
1.568296762762476648e-01
1.567697236343154887e-01
1.567516736508676456e-01
1.567469631281856457e-01
1.567212609234917842e-01
1.566742927693252629e-01
1.566748338337481672e-01
1.566819077250475034e-01
1.566576160543923790e-01
1.566610043882486203e-01
1.566216027628718199e-01
1.566356358373139912e-01
1.565652228502981413e-01
1.565395488486294728e-01
1.565314030081516872e-01
1.565343039016955373e-01
1.565346967364499575e-01
1.564999059596334230e-01
1.564849354215338828e-01
1.564156911174744147e-01
1.564046572246479139e-01
1.564200045518852888e-01
1.564440106489593252e-01
1.563776139718794367e-01
1.563773954240094410e-01
1.563043191657339792e-01
1.562681195411554924e-01
1.562795536462444623e-01
1.562485723688983030e-01
1.562365811359206214e-01
1.562497086467272978e-01
1.562213048708810947e-01
1.561683501551054121e-01
1.561572967479243623e-01
1.560853409149122462e-01
1.560687483561005728e-01
1.559658014245665081e-01
1.559801298891817511e-01
1.559770118507242675e-01
1.558631968773778742e-01
1.558888517736522483e-01
1.558595124052603031e-01
1.558570469740969688e-01
1.558672980356271554e-01
1.558266981646508620e-01
1.558215205414492377e-01
1.557819624906522926e-01
1.557250798774664213e-01
1.557374930978094041e-01
1.556353107947421321e-01
1.556029061139523884e-01
1.555828309141681076e-01
1.555757432844264432e-01
1.555151061678283764e-01
1.554906670645837818e-01
1.554578049285476327e-01
1.554011690144144475e-01
1.553656144805826422e-01
1.553587465171766269e-01
1.553513308084000788e-01
1.552675647500425526e-01
1.552677341319608217e-01
1.552082640886047471e-01
1.550988994039516622e-01
1.551096025980393256e-01
1.550296745871327098e-01
1.550417081409264375e-01
1.550428434147146095e-01
1.550183849587629670e-01
1.549306858958491295e-01
1.549903210338562098e-01
1.549506690373876894e-01
1.549044194863997692e-01
1.547845417349150987e-01
1.547853922858275777e-01
1.547655754739237777e-01
1.547999375592979121e-01
1.547185818375838573e-01
1.544658638809936757e-01
1.545220303844417886e-01
1.544426682431047637e-01
1.544159964908443650e-01
1.543169729215764230e-01
1.542506859038314249e-01
1.542038233835617833e-01
1.541752084797330946e-01
1.541865684914922596e-01
1.540659398191699114e-01
1.540740821337482913e-01
1.539620678781442320e-01
1.538907738265466174e-01
1.538507737446223045e-01
1.537372431625645963e-01
1.538298476415045080e-01
1.537315136816215511e-01
1.536759922814937562e-01
1.536458129016643470e-01
1.536483651324889732e-01
1.536580847346348255e-01
1.535418509809650667e-01
1.534243409392299917e-01
1.534241961476351113e-01
1.533028369695655369e-01
1.533226543132241160e-01
1.532366900472939275e-01
1.531025313543548372e-01
1.530678714404827001e-01
1.530526824939824060e-01
1.530219856459924255e-01
1.529326941858050182e-01
1.527855584727589311e-01
1.525726406910918875e-01
1.525053153951403395e-01
1.525077845207448712e-01
1.524644589196565425e-01
1.522427858431345815e-01
1.522324353063794211e-01
1.521557292078708490e-01
1.521936419869599211e-01
1.520841013778700401e-01
1.520803157105236891e-01
1.519569022616734100e-01
1.517586177714223550e-01
1.516469576237127193e-01
1.516253994444529685e-01
1.516284792696646622e-01
1.515593254344958785e-01
1.514340009149110211e-01
1.514676677098337754e-01
1.513397090197921013e-01
1.512042640942105332e-01
1.512264070904370816e-01
1.510432034885279273e-01
1.508870386907752992e-01
1.506371156238613118e-01
1.505191370906208970e-01
1.503386847344886090e-01
1.502870096630491425e-01
1.503621416511779774e-01
1.502832986059106091e-01
1.500787140889510984e-01
1.500838926029287590e-01
1.499431190644723577e-01
1.499517317930792459e-01
1.498821414049397727e-01
1.497449053166132471e-01
1.497521491047683340e-01
1.497417631466974874e-01
1.496154741753477069e-01
1.498030166298606747e-01
1.495916605360325669e-01
1.494535827514988646e-01
1.492728725099082276e-01
1.493981888309495742e-01
1.491775172729188914e-01
1.490671826144670531e-01
1.489539586803596272e-01
1.487063836450850107e-01
1.486000018401109346e-01
1.485526636740911455e-01
1.483593765318627911e-01
1.483475978195025191e-01
1.484333169113030981e-01
1.482560029189022854e-01
1.481652608639756619e-01
1.479388815127406775e-01
1.477220963840158441e-01
1.476910235453000597e-01
1.474788017265460383e-01
1.472948467334250222e-01
1.471337755318396501e-01
1.468414280695715668e-01
1.468841032202026498e-01
1.466472443865024233e-01
1.466153492320832474e-01
1.464190302660231813e-01
1.463561686561614950e-01
1.461609818875427014e-01
1.461312994947414623e-01
1.461150159830221784e-01
1.459428908629002430e-01
1.456455003790359248e-01
1.455628499692343814e-01
1.454817533522941020e-01
1.450549311635610517e-01
1.448484489494560601e-01
1.446210926703898336e-01
1.446111632979312223e-01
1.445284988027162321e-01
1.443634860246040541e-01
1.441680808880240194e-01
1.438966788111986084e-01
1.437606399748756758e-01
1.436451613133406802e-01
1.434618314422380358e-01
1.432831038427789527e-01
1.430758360866513923e-01
1.430468179760158720e-01
1.429327667972860316e-01
1.428494216772073777e-01
1.427866970392518420e-01
1.423557923237721567e-01
1.422106284905077789e-01
1.422072278163986347e-01
1.420832365386549834e-01
1.419187073961026835e-01
1.417641590958297060e-01
1.416947384806051535e-01
1.416575328680172163e-01
1.414047588105170061e-01
1.413147520123272938e-01
1.409448140748516820e-01
1.408502214241711681e-01
1.405628214039634505e-01
1.405327926603881783e-01
1.405046717708224591e-01
1.400878098018086271e-01
1.399072129196904934e-01
1.394819284687027483e-01
1.397342560879606399e-01
1.395909401462493427e-01
1.393366466261235226e-01
1.389394876817998670e-01
1.387950316915466942e-01
1.386650209822326008e-01
1.385280321431507922e-01
1.383505073634882787e-01
1.382608611360175432e-01
1.380323925536763863e-01
1.378662037656173678e-01
1.375983728956923224e-01
1.372506874662372811e-01
1.367275167468664787e-01
1.368828128952275236e-01
1.366384362829896337e-01
1.367943316026886125e-01
1.364728434570708360e-01
1.363566075039215619e-01
1.360905751809774744e-01
1.358157409262949478e-01
1.356829140994564309e-01
1.352238735354357180e-01
1.349845908967748642e-01
1.348755461391385468e-01
1.349173650675625502e-01
1.346025334242058891e-01
1.344719753940182283e-01
1.342403838147095130e-01
1.340111900515965349e-01
1.339287530132005632e-01
1.338900871819151406e-01
1.340533702413714834e-01
1.337902393729057393e-01
1.332615070700627902e-01
1.333159106052644871e-01
1.330665801539851756e-01
1.327879954548215613e-01
1.321214789880679752e-01
1.321520902657519481e-01
1.320666479722894526e-01
1.315144698899413100e-01
1.316989425566960081e-01
1.316540688345966270e-01
1.316027512424151058e-01
1.311479786133384617e-01
1.310330260615455988e-01
1.311339922404873848e-01
1.304331048634257417e-01
1.304936047110232811e-01
1.300613605639498183e-01
1.294412547498590416e-01
1.295401759386363427e-01
1.291203874022461562e-01
1.288713140524575806e-01
1.284424689959255683e-01
1.281994410002276763e-01
1.283140268141804985e-01
1.280307062730015599e-01
1.276193694888290153e-01
1.268804197571181402e-01
1.264161767601964803e-01
1.259777259232756907e-01
1.260187794224250368e-01
1.262959018859697025e-01
1.266587835902414361e-01
1.265689526395020470e-01
1.255787220581109920e-01
1.251051055999294059e-01
1.251874876854930652e-01
1.246557259877403429e-01
1.241725216573822260e-01
1.237835680861689991e-01
1.235576559268490721e-01
1.236422711856109968e-01
1.238074937695386041e-01
1.241077588928409942e-01
1.239045033286110542e-01
1.236367195672694874e-01
1.236592605766106551e-01
1.238688008093120491e-01
1.238461898465224170e-01
1.243391971458563533e-01
1.229019749094358988e-01
1.229522547025372753e-01
1.237009619747865830e-01
1.236924949292820541e-01
1.231441100378062592e-01
1.228130542010374832e-01
1.226179106280891329e-01
1.230824864200667224e-01
1.220607744815642437e-01
1.216146985533552716e-01
1.212638278269421721e-01
1.206014917725406338e-01
1.207632461252550332e-01
1.197755889198120344e-01
1.199175694930138675e-01
1.194962108226603620e-01
1.194489675404285661e-01
1.195741784621176668e-01
1.203340682709426873e-01
1.209551010477244726e-01
1.211105156369163827e-01
1.207376150454978203e-01
1.211547549398766244e-01
1.211537606132180450e-01
1.212669861216182227e-01
1.215499181671123585e-01
1.220532674407273505e-01
1.204152204252046110e-01
1.204925109111956716e-01
1.219274200679483777e-01
1.221579468102695631e-01
1.230618774983608665e-01
1.232115370802585597e-01
1.244554528913558167e-01
1.240602204586533502e-01
1.240618151196776486e-01
1.236716222291325967e-01
1.243314496644628980e-01
1.258717884890528105e-01
1.271420995625137385e-01
1.275652434123063506e-01
1.278930348929405714e-01
1.275823236266136751e-01
1.278511962569716387e-01
1.287195217117035051e-01
1.298950326255041698e-01
1.306945857729743254e-01
1.308903643442426712e-01
1.319362396078954114e-01
1.311846964453570741e-01
1.324714140910040749e-01
1.340427850021532752e-01
1.341569669149482169e-01
1.360519684364696613e-01
1.387741954497299368e-01
1.395058776241815957e-01
1.421774325090710278e-01
1.426538136854282324e-01
1.434380704545583640e-01
1.450513569968452654e-01
1.474250490222155929e-01
1.501217080384543434e-01
1.524866750482044564e-01
1.555044585113020961e-01
1.561972824130439252e-01
1.580203528128219514e-01
1.598630541770348079e-01
1.613298456069624520e-01
1.636267320221343191e-01
1.678590772625327132e-01
1.706760134817424945e-01
1.725996207358983514e-01
1.751084272668486375e-01
1.772309118522073790e-01
1.828460515882750770e-01
1.845594196796582764e-01
1.850918291487623213e-01
1.887759532755535208e-01
1.918298430465575632e-01
1.961681051399680742e-01
2.009650270838721775e-01
2.053303117859585358e-01
2.114511514585299401e-01
2.175780264496156025e-01
2.221413417078535180e-01
2.269201258202080129e-01
2.311543785172301968e-01
2.358336424731656000e-01
2.431288852600457240e-01
2.493186939111572686e-01
2.559392889453472320e-01
2.589355589362540844e-01
2.673370359097546611e-01
2.740346297593673763e-01
2.798750965829330251e-01
2.896702396504157173e-01
2.950885678489909569e-01
3.017941047549319578e-01
3.116931601414156816e-01
3.193150906758189245e-01
3.310192783041254749e-01
3.402446637998709500e-01
3.508547155532621975e-01
3.604653787364243134e-01
3.676183486621149576e-01
3.770891912728567275e-01
3.908469908223539679e-01
3.982506714272949222e-01
4.059980574669999065e-01
4.163797104588252695e-01
4.293134388866392537e-01
4.414098957915539856e-01
4.588073823329298917e-01
4.792166688393900698e-01
4.960839121522120920e-01
5.139409411339608269e-01
5.387552583769249503e-01
5.640506680542931583e-01
5.853389937423041367e-01
6.101240648864220129e-01
6.356825855113936719e-01
6.776484828038811248e-01
7.378722814776754735e-01
8.169542772389353225e-01
