1.491927471470239682e-03
1.604559774185884136e-01
3.225868100756159595e-01
4.889851787909167968e-01
6.538424928185088136e-01
8.171756868252884054e-01
9.828966688646726402e-01
1.149413580248257905e+00
1.315032954286254663e+00
1.480161222984212266e+00
1.650827127757785062e+00
1.836022976729767331e+00
2.033631936537913187e+00
2.231410243015037320e+00
2.420585738708024071e+00
2.618076155847889996e+00
2.812518332946138955e+00
3.009974880752211757e+00
3.206652433880976982e+00
3.403600941680108072e+00
3.586256590617404871e+00
3.783679269089671227e+00
3.981017274227454994e+00
4.169803272581788178e+00
4.365938916369820788e+00
4.569305662923264677e+00
4.772079696135282489e+00
4.972347398646401295e+00
5.166010581067344454e+00
5.361164014175299641e+00
5.554911869930731605e+00
5.749404851029665586e+00
5.942576928110556267e+00
6.133767649164398428e+00
6.328734800936471672e+00
6.524684163388632996e+00
6.721056892513233016e+00
6.918327158983414549e+00
7.107942956015745217e+00
7.297592622381867677e+00
7.490459875458598482e+00
7.683174716533256898e+00
7.878937797649537167e+00
8.080390926843511679e+00
8.272834813247794017e+00
8.471002617063573936e+00
8.666410070174990210e+00
8.863240035305830489e+00
9.055819399045308415e+00
9.250532530813918797e+00
9.449208374636658192e+00
9.640890201030547502e+00
9.832199464752680029e+00
1.001590506303763739e+01
1.021122784281457285e+01
1.039705027446177610e+01
1.057877451671969027e+01
1.076813629374855275e+01
1.096579605755741760e+01
1.115651260793812050e+01
1.134648403297534180e+01
1.154045203940042974e+01
1.172298914566944994e+01
1.191130097335064342e+01
1.211241540920666893e+01
1.230541813961859177e+01
1.249500006731713775e+01
1.268515777369021968e+01
1.287961688545535743e+01
1.306577801044051412e+01
1.325075370874281688e+01
1.345051337124701796e+01
1.363547213488242882e+01
1.382032929051645809e+01
1.399731182604293700e+01
1.419075485779420731e+01
1.438504462289037455e+01
1.457085011987070011e+01
1.475403074348181320e+01
1.494422231918871979e+01
1.511470194262638955e+01
1.531229396776764062e+01
1.549401821002554236e+01
1.566925647486154816e+01
1.585843197055452691e+01
1.605119761562988501e+01
1.623365004856441729e+01
1.642910830567652170e+01
1.662090867473868983e+01
1.680945758775646226e+01
1.700085152481305784e+01
1.717766471367058045e+01
1.735689955989449018e+01
1.755252716367557042e+01
1.773206683390363736e+01
1.791633127619621035e+01
1.810349154652832127e+01
1.829080422886254453e+01
1.847789676052709140e+01
1.866942617491880796e+01
1.885868634394624976e+01
1.902864099271008769e+01
1.919840936013802235e+01
1.937977797439105032e+01
1.957083321810974397e+01
1.976822202724817146e+01
1.996058124031792502e+01
2.013702186650363757e+01
2.032245480081222411e+01
2.051178270850724772e+01
2.069990825485251307e+01
2.088386787314097859e+01
2.107456748885471498e+01
2.125290479773299879e+01
2.144160612275287647e+01
2.162487141969845084e+01
2.180668033529088845e+01
2.197602533604639774e+01
2.216074701434521543e+01
2.234160758859131235e+01
2.253588041902053263e+01
2.269601296098361232e+01
2.287357127518458100e+01
2.305624385878878257e+01
2.323351428365250726e+01
2.340868480982092592e+01
2.358395694399068532e+01
2.377299696234852888e+01
2.395873472066119447e+01
2.413102635345698133e+01
2.431225949037482437e+01
2.447996182844123325e+01
2.467110174549438995e+01
2.485155588773491431e+01
2.503988465008303166e+01
2.519607141465886357e+01
2.537503530621240344e+01
2.555271216308170423e+01
2.573548635468729273e+01
2.591655014493614928e+01
2.607393927086174656e+01
2.626423245456997790e+01
2.644539785282022848e+01
2.662554717105662405e+01
2.680532392662126995e+01
2.699031655959047171e+01
2.718543612336462800e+01
2.737667764841911477e+01
2.757159399619050433e+01
2.775797527184534985e+01
2.793629564605674531e+01
2.812487842840830865e+01
2.829745795054136437e+01
2.845928395919422016e+01
2.865392935229519367e+01
2.884407012400136594e+01
2.902315255822318463e+01
2.918132067882609348e+01
2.935823547568501013e+01
2.954851172472632825e+01
2.973375837769897956e+01
2.990891196920052408e+01
3.007615707126071314e+01
3.023823709991701492e+01
3.040753129667183075e+01
3.056285439323588093e+01
3.073299532333561501e+01
3.090599821214110321e+01
3.106887417014159070e+01
3.123005666145233405e+01
3.141723386645140792e+01
3.158769655522218756e+01
3.177348511753562121e+01
3.196731764662549935e+01
3.216030344237054805e+01
3.233891170591918751e+01
3.249564037983575560e+01
3.267218261402290125e+01
3.284565967350151539e+01
3.303029667846585227e+01
3.322031890750375993e+01
3.340500671646871211e+01
3.359426688549617523e+01
3.378533906388173591e+01
3.395449778330135615e+01
3.410816128250942825e+01
3.427962311662722783e+01
3.445713062682753502e+01
3.461175940204878998e+01
3.479566821633653007e+01
3.496523336776168378e+01
3.513569605653250960e+01
3.532609084824216694e+01
3.551602840394556893e+01
3.569705832486067720e+01
3.587399005638639693e+01
3.606404615475812392e+01
3.624162140362609108e+01
3.642287147521087576e+01
3.658991336126832294e+01
3.676648946478928082e+01
3.694885722438937137e+01
3.712932830129685158e+01
3.731640389829453852e+01
3.748783186307855431e+01
3.765455199046490264e+01
3.782821533127941649e+01
3.799266621330144034e+01
3.817113899951495881e+01
3.835543731114144350e+01
3.854190326013070944e+01
3.871473680226722536e+01
3.888123677898389019e+01
3.902943038078406346e+01
3.920167120957906803e+01
3.936740912628535938e+01
3.953114875229766767e+01
3.968765727554463751e+01
3.983730725869785516e+01
3.998042046042855446e+01
4.015636998127430246e+01
4.034076990090209591e+01
4.050147822153968491e+01
4.065651342876652308e+01
4.083369918029577406e+01
4.099704930896940880e+01
4.117736797387492942e+01
4.133563770247920388e+01
4.152770902621168148e+01
4.171390402053066992e+01
4.189208891740691598e+01
4.205814859278426354e+01
4.222329379614912170e+01
4.240149562769227742e+01
4.256515058037008714e+01
4.272721367435961781e+01
4.288949691901869699e+01
4.305442197171387875e+01
4.323384309927382674e+01
4.337715951700719330e+01
4.353209311623259481e+01
4.370162439832392920e+01
4.385257835082838795e+01
4.400757968872143522e+01
4.419111594033757484e+01
4.436620179317151980e+01
4.452262564308392001e+01
4.468821114778812387e+01
4.484499062570532857e+01
4.501155834108972442e+01
4.519595826071755340e+01
4.537966385900249122e+01
4.556724749600707725e+01
4.575974218641214719e+01
4.594143255933615677e+01
4.613429981241291244e+01
4.632447445345287917e+01
4.651105894511054117e+01
4.667781294183075147e+01
4.683931719181241249e+01
4.701347163796697259e+01
4.717726206797997435e+01
4.734144199533174913e+01
4.751263287477912201e+01
4.768519546224518990e+01
4.787184769257038397e+01
4.805687419487350809e+01
4.823091009835968634e+01
4.841178760727274977e+01
4.855911754106099210e+01
4.871347536161189851e+01
4.888141478501488280e+01
4.903150506950759535e+01
4.919768328755316844e+01
4.937287074838845058e+01
4.955127579593440146e+01
4.969548975101345434e+01
4.984083832877458775e+01
5.000810036550168292e+01
5.016352507006713779e+01
5.031615555459450206e+01
5.050097884089471734e+01
5.067802911508872654e+01
5.082933869559795426e+01
5.098547465617311758e+01
5.114870624217842732e+01
5.129425803594234878e+01
5.145017384584789966e+01
5.162060266528502694e+01
5.180098906885799437e+01
5.197729421770860370e+01
5.214645293712821683e+01
5.233230923810931756e+01
5.250365252955874240e+01
5.266690105023113944e+01
5.281951460009145904e+01
5.296970649258548747e+01
5.314126993470473082e+01
5.331598322486694030e+01
5.348451536161131514e+01
5.362879705535790009e+01
5.379014889333764415e+01
5.395869796474896418e+01
5.411192116261777585e+01
5.426695636984452165e+01
5.442632685179714258e+01
5.461463867947832540e+01
5.479346709369682600e+01
5.497712188798116273e+01
5.515586562886499422e+01
5.532001168688277204e+01
5.546972940870367808e+01
5.565702515637099879e+01
5.582943533183516394e+01
5.598670591509235095e+01
5.613102147817283338e+01
5.630412597497961258e+01
5.647736594912169039e+01
5.662964080564411518e+01
5.680201711177459600e+01
5.698783954342168556e+01
5.717132499103696830e+01
5.735142350527272725e+01
5.752346111806500062e+01
5.769487214818207832e+01
5.787180387970788331e+01
5.804504385384999665e+01
5.821975714401222035e+01
5.839370837416394266e+01
5.857123281903106715e+01
5.872989204497402227e+01
5.888529981487258169e+01
5.905093612357746480e+01
5.922188991768832977e+01
5.939512989183042180e+01
5.954328962429667627e+01
5.970973879701260500e+01
5.985595104278550593e+01
5.999659178314902164e+01
6.015416719041069626e+01
6.031082812565970386e+01
6.047046956228260939e+01
6.062282909213956117e+01
6.076971872458855017e+01
6.092074041576051968e+01
6.109352315389632082e+01
6.123702585296561551e+01
6.139898733895368821e+01
6.158690966929631827e+01
6.175512004736958005e+01
6.192963012152897306e+01
6.210859401308255201e+01
6.227714308449399994e+01
6.246330420947912643e+01
6.262946549285796038e+01
6.278526276009499441e+01
6.294871449677005870e+01
6.310253040798021829e+01
6.326130817659147709e+01
6.341974725186475581e+01
6.357236080172517489e+01
6.374683700655086938e+01
6.392464934075536576e+01
6.409289358816246818e+01
6.427178974104853637e+01
6.444543614719611924e+01
6.462651687211192097e+01
6.480720809968913443e+01
6.496405531627415542e+01
6.511785429281738402e+01
6.527724170943690751e+01
6.544922851822850873e+01
6.560677005615622193e+01
6.576195767538513337e+01
6.591480831058208878e+01
6.610056300356173153e+01
6.627835840309934667e+01
6.644636556517004067e+01
6.661073177385767963e+01
6.678243069331188053e+01
6.692100540431387401e+01
6.707285689416390539e+01
6.722999200008612775e+01
6.740077644752784636e+01
6.757284792965394615e+01
6.773228615027421995e+01
6.790667768176554375e+01
6.807349941715331454e+01
6.823288683377289487e+01
6.839782882113510709e+01
6.855735171508970893e+01
6.874043073069950083e+01
6.890222287001857637e+01
6.905500576654797840e+01
6.922204765260545400e+01
6.939496586807646850e+01
6.956856147022334369e+01
6.970678055322051136e+01
6.984645601757087263e+01
7.001878151970045394e+01
7.019926953127489355e+01
7.035813197322075041e+01
7.053652008609981294e+01
7.071810885102244981e+01
7.089319470385652266e+01
7.105872940455994069e+01
7.122782038531201465e+01
7.138485388323262271e+01
7.154972813192715364e+01
7.170711725785272961e+01
7.188001853865688417e+01
7.205298755812864897e+01
7.221767552548718072e+01
7.237850238879330789e+01
7.254071789478486210e+01
7.270767510750792439e+01
7.288709623506754554e+01
7.305403651312369107e+01
7.321459242175933468e+01
7.338913636525242623e+01
7.355126719790968082e+01
7.371410928657638806e+01
7.387730700324783584e+01
7.405285009208810720e+01
7.421902831013380819e+01
7.438180266013294784e+01
7.456178263170068021e+01
7.471688557759507887e+01
7.485474903258742074e+01
7.500463610107708234e+01
7.516519200971275438e+01
7.533557002514905321e+01
7.549262045773672014e+01
7.566560641187550118e+01
7.584309698740904082e+01
7.600956309479187212e+01
7.615159247784080776e+01
7.632049717725698201e+01
7.649007926334917329e+01
7.664922959463198993e+01
7.682468801013781956e+01
7.698300854274293670e+01
7.714722233942836738e+01
7.730268091332750657e+01
7.746689471001312199e+01
7.763502041475214810e+01
7.781567777299557065e+01
7.798168664437224606e+01
7.813939752896902746e+01
7.830428871233046095e+01
7.846601311298168469e+01
7.863627258574982193e+01
7.880038477443395095e+01
7.896156726574486129e+01
7.912239412905073266e+01
7.928284842968483304e+01
7.945161765176599999e+01
7.961711848313551343e+01
7.977804695444289962e+01
7.993442000035476269e+01
8.010286746376473843e+01
8.025979935368415852e+01
8.041998269964788904e+01
8.057945478960240848e+01
8.075403260242914882e+01
8.093623101536020670e+01
8.110215521340234091e+01
8.125070444320732577e+01
8.142145502131529611e+01
8.158314555263304158e+01
8.175069547869763653e+01
8.190349530989389848e+01
8.207891985606576668e+01
8.224211757273721446e+01
8.241312217084882263e+01
8.257880928355442052e+01
8.274363272824828641e+01
8.291494215036387061e+01
8.308421941245200060e+01
8.325195561985249526e+01
8.341911604857799034e+01
8.358707240664796245e+01
8.376781443822582673e+01
8.391345090532432494e+01
8.406853691655179261e+01
8.423337729591260370e+01
8.441296777014137831e+01
8.455924775458218789e+01
8.471153954577138734e+01
8.488345861589536412e+01
8.503893412446154798e+01
8.519574747171257911e+01
8.536228131776321959e+01
8.552046637303294574e+01
8.568442614971506543e+01
8.586780998932891862e+01
8.604171041548026722e+01
8.620843054286679319e+01
8.637156052087092917e+01
8.653741698024526841e+01
8.670776112634786159e+01
8.688061160315128006e+01
8.705314032128359258e+01
8.722629562209115761e+01
8.737223691319405816e+01
8.754081985393933962e+01
8.770499978129085150e+01
8.786122041520064840e+01
8.802551888522066292e+01
8.819782745268325641e+01
8.836967878413989297e+01
8.854576378232063405e+01
8.872076496182013727e+01
8.888487715050416682e+01
8.905525516594062196e+01
8.921577720524251731e+01
8.937253974849299709e+01
8.954122429723958021e+01
8.970222050721434925e+01
8.987496937601652292e+01
9.003916623803520736e+01
9.018951054253152222e+01
9.034644243245070072e+01
9.051353512250881295e+01
9.068902740734876033e+01
9.085600155473852624e+01
9.102370389280486052e+01
9.118950954817864840e+01
9.135719327479387175e+01
