5.029010955802378641e-03
1.960628803069830537e-03
7.715302140392922385e-04
3.367359326308052734e-04
2.372286497363682229e-04
2.129180283228880718e-04
2.018189707077820162e-04
1.949262641821000481e-04
1.907185527444382864e-04
1.881167058661270498e-04
1.869617460819390960e-04
1.866819156174021933e-04
1.866678459960344368e-04
1.866637156657907604e-04
1.863767258684504216e-04
1.863558539277335917e-04
1.863443635588189718e-04
1.863343857486185896e-04
1.863187380048170758e-04
1.863002807093277189e-04
1.860201170200563082e-04
1.860054665406968549e-04
1.859964368101204495e-04
1.859843552819046854e-04
1.859753891088303419e-04
1.859703383739944428e-04
1.859612589338173168e-04
1.859547316966578007e-04
1.859423804023862159e-04
1.859345204282993719e-04
1.859303516613934496e-04
1.859273806599011261e-04
1.859204900589405936e-04
1.859089739681002451e-04
1.858983309501190497e-04
1.858917102042520833e-04
1.858723324120014470e-04
1.858599132062550244e-04
1.858451868657330858e-04
1.858283587002911735e-04
1.858211524641466359e-04
1.858118825220492817e-04
1.858024021598321768e-04
1.857935570435201582e-04
1.857830801638012900e-04
1.857744992587398057e-04
1.857646511805074573e-04
1.857603562199766493e-04
1.857517930693625456e-04
1.857362248469239963e-04
1.857283705113973549e-04
1.857200067810711513e-04
1.856995390545579611e-04
1.856724928049128512e-04
1.856625056158060175e-04
1.856503023477655979e-04
1.856267674449380446e-04
1.856163018356293728e-04
1.856064148214555851e-04
1.855984942514131333e-04
1.855906794276085924e-04
1.855771293505262774e-04
1.855663894701144623e-04
1.855607291034896652e-04
1.855529472046540550e-04
1.855411562780121557e-04
1.855350187306374751e-04
1.855277323233871809e-04
1.855187250488360689e-04
1.855077362451312514e-04
1.854773487676150483e-04
1.854666087408860030e-04
1.854479846127373593e-04
1.854077351496074308e-04
1.853904212811883319e-04
1.853733612753654877e-04
1.853673663992517345e-04
1.853442091521433782e-04
1.853093792817132250e-04
1.852963587583094057e-04
1.852861878351238394e-04
1.852713935535384539e-04
1.852391842819377384e-04
1.852048921121273188e-04
1.851926485659014085e-04
1.851727358960461351e-04
1.851511435835460028e-04
1.851392784696547151e-04
1.851256035363901765e-04
1.851114239737856686e-04
1.850989917664040772e-04
1.850654164401699094e-04
1.850404076163519981e-04
1.850164154241942631e-04
1.850021505252155305e-04
1.849851351648455755e-04
1.849727066896957929e-04
1.849506675762510024e-04
1.849426444934248613e-04
1.849277583522615346e-04
1.849200155084037634e-04
1.849081979418025013e-04
1.848875767277381916e-04
1.848673441965461737e-04
1.848390228711878098e-04
1.848275599623412364e-04
1.847949135557480378e-04
1.847613004421994954e-04
1.847420403350656648e-04
1.847345828762521033e-04
1.847221621157539649e-04
1.847065194150471906e-04
1.846825165847073614e-04
1.846566357585972991e-04
1.846236445962227231e-04
1.845808190560197014e-04
1.845659928552001059e-04
1.845327176606515287e-04
1.845185984602322959e-04
1.844732867539814478e-04
1.844528461072487057e-04
1.844259270965396987e-04
1.844036472339585157e-04
1.843869059717502090e-04
1.843497453146354951e-04
1.843293805031532401e-04
1.842705802165838945e-04
1.842242653658999931e-04
1.841848158625909704e-04
1.841630431925844020e-04
1.841236911280367844e-04
1.840966103404338943e-04
1.840693513454542789e-04
1.840436743031440827e-04
1.840014638456612507e-04
1.839392651001684495e-04
1.839189149021663795e-04
1.838830901907958864e-04
1.838643408105278840e-04
1.838266603593388508e-04
1.837970449888121842e-04
1.837676500045103850e-04
1.837170287078835804e-04
1.837014021203153531e-04
1.836800577536397915e-04
1.836598755391120473e-04
1.836320419611241705e-04
1.836078370436319363e-04
1.835634123645958702e-04
1.835347651358522542e-04
1.834744340456357628e-04
1.834567250901463181e-04
1.834004558942620784e-04
1.833579024540639381e-04
1.833252421704218153e-04
1.833114317910239095e-04
1.832876359732860192e-04
1.832128317407545376e-04
1.831942242016030512e-04
1.831548554624196133e-04
1.831394177519881359e-04
1.830260195337076921e-04
1.829522504491331724e-04
1.828927032003213333e-04
1.827937445064363692e-04
1.827136230011003717e-04
1.826774480811763155e-04
1.825935124432784219e-04
1.825185731922949280e-04
1.824816157005064378e-04
1.824475370638602590e-04
1.824194783638611532e-04
1.823720169338067956e-04
1.823505242956679844e-04
1.822875109211099967e-04
1.822368910029217067e-04
1.821519725136470035e-04
1.821034088713137876e-04
1.820672370946265688e-04
1.820229328855868403e-04
1.819593793162769396e-04
1.815838008187433761e-04
1.815436949712276944e-04
1.814879774536354523e-04
1.814561303027488481e-04
1.813507419786726386e-04
1.813091968451038512e-04
1.812539122118696883e-04
1.811909135174384167e-04
1.811076079678299825e-04
1.810386431371537323e-04
1.809533695372571587e-04
1.808872089642929090e-04
1.808365031381207132e-04
1.807454478903945910e-04
1.806914861712834023e-04
1.806590175770345064e-04
1.806041505000610160e-04
1.805628425841466025e-04
1.805047503093568052e-04
1.804716305833271460e-04
1.804259007428761551e-04
1.803566733786179813e-04
1.802898672963873039e-04
1.802286601474180090e-04
1.801677961687802210e-04
1.800959532876847825e-04
1.798945704076085122e-04
1.797905149786805604e-04
1.797204520479295459e-04
1.796547359570645349e-04
1.795393292247513190e-04
1.794355115810270852e-04
1.792566523284062506e-04
1.790702277481331559e-04
1.789791882511038959e-04
1.789061946662993811e-04
1.786945508570535147e-04
1.784726222761247750e-04
1.783287887920198512e-04
1.782324654045333362e-04
1.781173883865831101e-04
1.779165077685563093e-04
1.777829750038600106e-04
1.776672000303905583e-04
1.775680014431507659e-04
1.775118129658677358e-04
1.773649259900188799e-04
1.773094911615435444e-04
1.772410286047298783e-04
1.769404645412895737e-04
1.768534358774640684e-04
1.766657309787314598e-04
1.765391398693577662e-04
1.763768205219855409e-04
1.762104113179517530e-04
1.760860078393623458e-04
1.759586904743593407e-04
1.757873176666921618e-04
1.755080971514937462e-04
1.754310940164411519e-04
1.752869949784864850e-04
1.751084618608259155e-04
1.749813474982864095e-04
1.748491797917065124e-04
1.747709898086729401e-04
1.746215479954914534e-04
1.745077011752454034e-04
1.742055147797157925e-04
1.741171114219324174e-04
1.740369024398710665e-04
1.739639394847833592e-04
1.738560590765795221e-04
1.737559288706339120e-04
1.736336456775856667e-04
1.735388338432198858e-04
1.734398510122245882e-04
1.732680873523526684e-04
1.731161761252100523e-04
1.729349597808601700e-04
1.727527041749972589e-04
1.726401618815295034e-04
1.724541319401312644e-04
1.723446407406222099e-04
1.721585099060234385e-04
1.720453620828251318e-04
1.719454562211515224e-04
1.717163143171892810e-04
1.715503321942856926e-04
1.712453049090613964e-04
1.709053797096608265e-04
1.706814081525874396e-04
1.703918922932968290e-04
1.699832165703262768e-04
1.696756688612285739e-04
1.695354324161970423e-04
1.692046872037807526e-04
1.690092322230309465e-04
1.688130239030616298e-04
1.684849035086590787e-04
1.681071052515435054e-04
1.679609822621942554e-04
1.677771891676747731e-04
1.672927839577001451e-04
1.667567059984565554e-04
1.664490472224494665e-04
1.662395455657862512e-04
1.658417178333199257e-04
1.657203295749448148e-04
1.655653527453687809e-04
1.653137083977584433e-04
1.651475044718645196e-04
1.649299871752597964e-04
1.647640929476581388e-04
1.645110654710414276e-04
1.642061981682743719e-04
1.639218823606548154e-04
1.636931147522801807e-04
1.633475582438199242e-04
1.631733194567456342e-04
1.627326602038643559e-04
1.624702092776186802e-04
1.622391155632740140e-04
1.619851599745002419e-04
1.613652560797831220e-04
1.609581938615586686e-04
1.606856804666243290e-04
1.605394415064314738e-04
1.604702533197758954e-04
1.602543338694325625e-04
1.597928842310653117e-04
1.593435271354215715e-04
1.591490178901219506e-04
1.589275611600020701e-04
1.585870475886527091e-04
1.581244869848231192e-04
1.578774332936670928e-04
1.575832637427846230e-04
1.572773977595682757e-04
1.567777636858791359e-04
1.566691973296765658e-04
1.565541045110888758e-04
1.564472491271906801e-04
1.560924561500141730e-04
1.556857372258247914e-04
1.553252495714810158e-04
1.550374535282626743e-04
1.547952188755532860e-04
1.545754548493070665e-04
1.544090154847202142e-04
1.540411641791244763e-04
1.536818665977104426e-04
1.533988275550314843e-04
1.529493592717147974e-04
1.526169168312156059e-04
1.521361855147527109e-04
1.518314060342835646e-04
1.515372806238912402e-04
1.513107601402741706e-04
1.510003232568387071e-04
1.507407873982776392e-04
1.498606222804087121e-04
1.493329563486499431e-04
1.489766426048229689e-04
1.484087749823224760e-04
1.481374145400866460e-04
1.477166611488235886e-04
1.474822960883778505e-04
1.470915280892657218e-04
1.467590652549722924e-04
1.462522656645261123e-04
1.460465121777505869e-04
1.455732909300081087e-04
1.452169334622013753e-04
1.451397536649468511e-04
1.445124118881689320e-04
1.440748348594673143e-04
1.438594915695402333e-04
1.435099101616007069e-04
1.431660118660954995e-04
1.423905556080430233e-04
1.421303688355232903e-04
1.418627176637053775e-04
1.415475856290587071e-04
1.415180646008796952e-04
1.410686621582063027e-04
1.409012848597876390e-04
1.403905713488048587e-04
1.399574489070220032e-04
1.396503575103121594e-04
1.387748793560175371e-04
1.382705520352204220e-04
1.375442682910758753e-04
1.365734725260569875e-04
1.359890140753945926e-04
1.353584707317027501e-04
1.349855246929034197e-04
1.344351582896071394e-04
1.340224093153525252e-04
1.336911986884693412e-04
1.331461494304933720e-04
1.321424381959991493e-04
1.311376505838792513e-04
1.305299135542407700e-04
1.300930867940572821e-04
1.296476262505861252e-04
1.295926085199228077e-04
1.291779353590067063e-04
1.284958328632017539e-04
1.273344268973741647e-04
1.264943753644324879e-04
1.264260415186949072e-04
1.257448927966683082e-04
1.249202317334939560e-04
1.245734769901687728e-04
1.243869307033418532e-04
1.239578629509751966e-04
1.241098321483507291e-04
1.240986230921856527e-04
1.231392940900620915e-04
1.227073916511155129e-04
1.221813277383913723e-04
1.219817357873198354e-04
1.213903322024049633e-04
1.209415423411202889e-04
1.194766172026613541e-04
1.193720686255569463e-04
1.196827749357196762e-04
1.195763878207312125e-04
1.189011386581646947e-04
1.183647495579306371e-04
1.182913094583148994e-04
1.174329792351203283e-04
1.160196187471009205e-04
1.154774588278897099e-04
1.148645306388585677e-04
1.144262174418954136e-04
1.143275806306049617e-04
1.128115982296405765e-04
1.127411015759377755e-04
1.109791993429727885e-04
1.102977938200677216e-04
1.096340483910191116e-04
1.099404626096158377e-04
1.102540457195430790e-04
1.107120828064802123e-04
1.097448861600689070e-04
1.095290467112983504e-04
1.096917000631182106e-04
1.087533795422552976e-04
1.080591191259510232e-04
1.079387772423261865e-04
1.071508562576090762e-04
1.074541302405980422e-04
1.078376943974157796e-04
1.069934120567679760e-04
1.075165208438783672e-04
1.075509909107058234e-04
1.088727987195009495e-04
1.087318401277982617e-04
1.087008556284196778e-04
1.076234908145392758e-04
1.082260219864799011e-04
1.098659943602783677e-04
1.104547371083968317e-04
1.112517614205031820e-04
1.112642700689973820e-04
1.111600689328398096e-04
1.115827956614434864e-04
1.126050686712582382e-04
1.129654839024651767e-04
1.134665960448822070e-04
1.146621193370584585e-04
1.152813250786302433e-04
1.131897051212231187e-04
1.154003413234716563e-04
1.171455357800465537e-04
1.191429318181193070e-04
1.215492214901369117e-04
1.244035173407889228e-04
1.256360730304405151e-04
1.301174637221238117e-04
1.310789289231647288e-04
1.308380482304995467e-04
1.328498233404709031e-04
1.361365785096457315e-04
1.387651044698339647e-04
1.432345322892021133e-04
1.481064346827210324e-04
1.502514493773268625e-04
1.548332239377656831e-04
1.591165407642584581e-04
1.620715495229120247e-04
1.647844320135590814e-04
1.733307297406260221e-04
1.802305198304462943e-04
1.846421473744708881e-04
1.896934490575093862e-04
1.927610268448438186e-04
2.045299617787918142e-04
2.074559678474633588e-04
2.104679441879234733e-04
2.179908071196134316e-04
2.227745097759462468e-04
2.336510964514657679e-04
2.493631980182281754e-04
2.615186165935684385e-04
2.715215490801093333e-04
2.845055928257113733e-04
2.954593663576403286e-04
3.127959095466275653e-04
3.207805539878461044e-04
3.359865102401060036e-04
3.592016292208329541e-04
3.781425780845135121e-04
3.931476800148503599e-04
4.046647743036142276e-04
4.352503805102831487e-04
4.537975688238373492e-04
4.725339825104982227e-04
5.071945434484098451e-04
5.298107506659917396e-04
5.542671304196604204e-04
5.900674886371643684e-04
6.203026701272477310e-04
6.616395810550380679e-04
6.991790992536390213e-04
7.429773936381558423e-04
7.937813474728430555e-04
8.250127418273115690e-04
8.664372072290982057e-04
9.195821791924755880e-04
9.632196973266015944e-04
1.003743744208859551e-03
1.050722358377130300e-03
1.112152683652177553e-03
1.184169877761817331e-03
1.286343173474154868e-03
1.420032287013281089e-03
1.505907546287881156e-03
1.614662973040983940e-03
1.777377869243738527e-03
1.933232141514491537e-03
2.073532242207880381e-03
2.248604801482468035e-03
2.460880467881704659e-03
2.785219303667584370e-03
3.253374875413990713e-03
3.958448672277991784e-03
