1.740892507392512778e+00
1.369257895128980662e+00
1.026334892488843797e+00
7.264801182182416550e-01
5.018247868675819179e-01
3.615451538103630624e-01
3.060616174421494917e-01
2.882600692731706049e-01
2.825323602852686800e-01
2.814566003160771102e-01
2.814976482595246687e-01
2.813998022097622953e-01
2.814046221796782099e-01
2.814014471365852699e-01
2.813301254899118753e-01
2.813696425236150711e-01
2.813222962343050471e-01
2.813183334418107306e-01
2.813291994333311785e-01
2.813220877034310896e-01
2.813314693540592271e-01
2.813036979630490486e-01
2.813366067036783269e-01
2.813468475459778850e-01
2.813136756463595622e-01
2.813162695803710367e-01
2.813309440073902823e-01
2.813162837742436140e-01
2.813337241731055371e-01
2.812811279948586041e-01
2.812760916222715735e-01
2.812498408133048411e-01
2.812484683999189605e-01
2.812488596010399022e-01
2.812109510435059079e-01
2.812140331511414626e-01
2.812192847668545381e-01
2.812031016380120985e-01
2.811955737402779265e-01
2.811060566869794108e-01
2.811204745050900344e-01
2.811077185184062133e-01
2.810891844085728342e-01
2.810727778764671170e-01
2.810457415313586949e-01
2.810332754810320743e-01
2.810989889730776126e-01
2.810574069585454748e-01
2.810394992636432443e-01
2.810132706642746725e-01
2.810119922610506693e-01
2.809710545139950111e-01
2.809366176186467445e-01
2.809344630800554854e-01
2.809416587221870154e-01
2.809243360409150458e-01
2.809622815088007597e-01
2.809223543906626541e-01
2.808895850299621966e-01
2.809193083261357082e-01
2.808812410062621612e-01
2.808787252956825853e-01
2.808469202289856081e-01
2.808347458867004320e-01
2.808616704362729144e-01
2.808086328222515471e-01
2.807977247616930128e-01
2.808415890290391626e-01
2.808582632823896641e-01
2.808500187542215532e-01
2.808337601020253760e-01
2.808241963326340573e-01
2.806965713383765548e-01
2.806784278573842828e-01
2.806415133978212850e-01
2.806302312527277909e-01
2.806397852036759399e-01
2.805978048303552352e-01
2.806096459188298087e-01
2.805507605194066945e-01
2.805553006820296624e-01
2.805687710734066087e-01
2.805032118335354374e-01
2.804985568770347326e-01
2.804999706749879418e-01
2.804630655112265170e-01
2.804453822191819712e-01
2.804508034277759521e-01
2.804519791258475170e-01
2.803920616428233759e-01
2.804322803533619290e-01
2.804055051567425627e-01
2.803740594777152095e-01
2.803048825959743584e-01
2.803098926136289859e-01
2.802760836631792429e-01
2.802544013649495014e-01
2.802757711931180284e-01
2.802479395530137474e-01
2.802353823047964987e-01
2.802319274341113498e-01
2.802049143925893770e-01
2.801843691090772359e-01
2.801592672512221993e-01
2.801875094389920107e-01
2.801618846374631655e-01
2.801002811487812161e-01
2.800065563531781709e-01
2.800283498747118127e-01
2.798633542731825963e-01
2.798253108569003222e-01
2.797635874752724128e-01
2.797416669129981770e-01
2.797185633813161210e-01
2.796062070750085504e-01
2.795690299633539211e-01
2.795571665831148023e-01
2.795730803175387469e-01
2.795106372038538844e-01
2.794923958550248888e-01
2.794810776142023778e-01
2.793943734054323280e-01
2.794553421275354221e-01
2.794147611853320945e-01
2.793629246050629567e-01
2.792504117288227561e-01
2.792898360278273651e-01
2.791897772668746058e-01
2.792370952630127134e-01
2.791521822441442868e-01
2.792271837587602668e-01
2.790943206371814256e-01
2.791152902138587244e-01
2.791305251622905326e-01
2.790157839538356388e-01
2.789865630590985801e-01
2.789583606664678417e-01
2.788725487558489369e-01
2.788864606709189342e-01
2.789031085858648118e-01
2.788347169447885632e-01
2.788080220846063106e-01
2.787509419550554535e-01
2.788045413542992179e-01
2.787670441078916594e-01
2.787120898005504555e-01
2.786323106770078328e-01
2.786261242870466948e-01
2.786023669889950982e-01
2.784788549143564218e-01
2.783582394577531205e-01
2.783056564946687628e-01
2.783372498876045542e-01
2.782824706029742301e-01
2.781581769487810329e-01
2.780875821491992084e-01
2.779753551824246660e-01
2.779661053853699215e-01
2.779833421801433113e-01
2.778786603230355423e-01
2.778753806653003755e-01
2.777575781912742792e-01
2.776414907852160496e-01
2.777731769839218989e-01
2.775172168594034483e-01
2.775752681077401363e-01
2.774776950834733080e-01
2.775060544819734076e-01
2.774656209501998871e-01
2.774363869207367439e-01
2.772178826130394236e-01
2.772002300182562218e-01
2.772398402720485100e-01
2.771291021035692803e-01
2.770317229935473913e-01
2.770445617227264568e-01
2.770318148406446523e-01
2.769308414934160134e-01
2.768737782070154752e-01
2.767757437563760914e-01
2.768123535208478203e-01
2.766361986462768652e-01
2.766413662667556728e-01
2.766195662093139385e-01
2.764224108454285678e-01
2.763915609972599219e-01
2.763178538140020346e-01
2.762249863805322780e-01
2.762604189029196355e-01
2.761542073007353104e-01
2.760996498825850631e-01
2.760069576173326267e-01
2.759362328293002431e-01
2.758769890949817061e-01
2.758820259103149097e-01
2.757700973305033942e-01
2.757123632286839765e-01
2.756577742419148991e-01
2.756080327111197770e-01
2.754717103840855219e-01
2.753689869501855236e-01
2.754465277585444460e-01
2.753502262108816767e-01
2.752133029267886943e-01
2.750678038864847741e-01
2.750129268246176983e-01
2.749492197081120359e-01
2.747924576114689765e-01
2.747685595634410949e-01
2.746469183437861283e-01
2.745505239636554795e-01
2.745471269208646925e-01
2.744101145023646326e-01
2.744105529809294786e-01
2.743284530103232699e-01
2.741367165397751160e-01
2.741605181877514452e-01
2.739697957435291431e-01
2.739250668011574130e-01
2.738236893165639230e-01
2.736670509082658187e-01
2.736097191913203219e-01
2.735675807267092807e-01
2.735155974108113286e-01
2.733638314808559677e-01
2.733335299926930584e-01
2.731996185521053389e-01
2.730129085931672916e-01
2.729060068448094789e-01
2.729013754103684630e-01
2.727713041644104774e-01
2.726373390444497558e-01
2.725742563253085171e-01
2.725059975376092902e-01
2.724045615679686061e-01
2.723537780525808749e-01
2.721855167474746540e-01
2.720525890057575169e-01
2.720036486075246285e-01
2.721386494274029566e-01
2.717807129916123277e-01
2.717099887230844391e-01
2.717066793896760202e-01
2.714294053664745299e-01
2.713341704666164533e-01
2.713945595558449053e-01
2.712146108652974119e-01
2.712049302688145924e-01
2.710582197829429218e-01
2.708760099198744831e-01
2.706536097667343044e-01
2.705190382467348997e-01
2.705557230713161454e-01
2.704297117718156840e-01
2.702686504210589646e-01
2.700958350856528800e-01
2.700915350547107852e-01
2.702172925663390290e-01
2.700884564375530816e-01
2.698496882307050981e-01
2.698217808843336729e-01
2.697091106687282691e-01
2.695938652664092716e-01
2.693508217538169713e-01
2.692309512408785910e-01
2.691820820106852197e-01
2.690489449482488249e-01
2.690045963172388310e-01
2.686226683759820322e-01
2.685047899242398173e-01
2.683367472505749918e-01
2.681117591317588866e-01
2.679111933940137025e-01
2.679177427565249126e-01
2.675086127160729021e-01
2.674764644701708161e-01
2.672470207097195072e-01
2.669312565106337076e-01
2.670547030413492617e-01
2.668482699967814065e-01
2.665452558894807478e-01
2.664796410865812870e-01
2.663413292812517041e-01
2.660217912753189418e-01
2.657772344804608666e-01
2.655388841112412690e-01
2.653614029827436882e-01
2.651976976796465157e-01
2.651809213489601524e-01
2.650951350626872816e-01
2.651633846046965726e-01
2.649074851137610542e-01
2.645959465107933228e-01
2.646602690707736683e-01
2.645837500219113680e-01
2.644221083154784657e-01
2.641421283934153874e-01
2.641111332083675989e-01
2.640533163916363724e-01
2.639749039540976727e-01
2.638799819548730552e-01
2.635141260217042092e-01
2.634839377166082186e-01
2.631324914452944363e-01
2.630545042875326867e-01
2.629972725276121803e-01
2.629491904395082624e-01
2.626714616749103448e-01
2.624873215129289727e-01
2.623585070096159932e-01
2.618606522587644814e-01
2.615662276778321083e-01
2.613096462988792612e-01
2.610492324300983658e-01
2.606101593332896260e-01
2.601625810477534717e-01
2.603825643710601101e-01
2.600723116912893040e-01
2.596158259957951353e-01
2.594806538374117566e-01
2.591162882125917499e-01
2.589982962295452884e-01
2.586928254429001206e-01
2.583640335464211235e-01
2.583885681660637035e-01
2.582625091430085784e-01
2.581413690253142601e-01
2.579316314634572671e-01
2.575205768671348094e-01
2.575311688223300699e-01
2.572158134620198822e-01
2.568331095047127199e-01
2.564497145172109915e-01
2.561728896170542558e-01
2.555421445347931808e-01
2.553109025460450487e-01
2.549637238848034282e-01
2.549135519572982012e-01
2.545302222718515694e-01
2.544545566444511575e-01
2.539591098883404174e-01
2.536095784190037228e-01
2.534562067053278134e-01
2.529169971777240900e-01
2.523434097613965754e-01
2.523942579018964016e-01
2.518344137664527138e-01
2.513639641138931125e-01
2.513614340173877526e-01
2.508149584316472502e-01
2.503827897718627904e-01
2.498481799152217075e-01
2.496938208730910824e-01
2.492729235972197810e-01
2.488847702056589117e-01
2.483209293389475880e-01
2.481601340707766945e-01
2.477540038505762210e-01
2.476924651759517815e-01
2.474649598487214386e-01
2.470426241847090976e-01
2.467464624655074379e-01
2.465957718971551471e-01
2.457415543034559557e-01
2.457558159182643143e-01
2.452425325788621380e-01
2.449376965698082387e-01
2.444271174331260621e-01
2.443081924879453026e-01
2.438678022369900056e-01
2.435655604410577602e-01
2.432776795484417054e-01
2.424280311312219660e-01
2.423782537752137423e-01
2.416143567340471587e-01
2.413949226400040893e-01
2.406664548509893087e-01
2.409035302625548158e-01
2.404378161654822377e-01
2.398303298251360238e-01
2.388510944901639788e-01
2.386895986732977537e-01
2.378569969091243186e-01
2.377358945094942000e-01
2.378300334055825360e-01
2.374835436850339654e-01
2.375029002739214856e-01
2.366894334208772266e-01
2.363017606014438388e-01
2.362123987500971967e-01
2.350680849054040678e-01
2.341675223907605519e-01
2.339434886049789053e-01
2.332232903668139123e-01
2.322253617318134622e-01
2.316967542616995002e-01
2.314925152989207591e-01
2.304908613946090035e-01
2.295706961873949237e-01
2.278381084060594752e-01
2.278059431515843669e-01
2.274267656123797332e-01
2.271323579843709806e-01
2.263513219696368650e-01
2.258059421331960193e-01
2.253852437934493469e-01
2.257728591972332777e-01
2.246233585849040093e-01
2.244317242016386216e-01
2.239336410637517982e-01
2.239688111833654793e-01
2.220852394289779819e-01
2.215819809933687601e-01
2.227664841250253103e-01
2.212473421381842553e-01
2.215592092927315959e-01
2.211415183731571810e-01
2.210801288537848908e-01
2.210571894629216327e-01
2.206617018982056921e-01
2.201556608578018881e-01
2.207403756563045827e-01
2.206779297802237971e-01
2.206881812926208553e-01
2.203065355942349368e-01
2.197052929852156278e-01
2.203369710384975311e-01
2.198822655694689654e-01
2.192667254395869736e-01
2.192422849013032082e-01
2.199458775556550894e-01
2.187236342482892504e-01
2.185247881113159263e-01
2.185486677183610948e-01
2.167803886282261283e-01
2.166312876430787626e-01
2.189157623244196438e-01
2.198337488760876701e-01
2.221206285305135364e-01
2.201517087312400145e-01
2.206730661611474575e-01
2.222392651400890706e-01
2.226059414713122409e-01
2.246296580426798417e-01
2.240346876416754174e-01
2.265267799076676747e-01
2.288827720612108263e-01
2.305490855650901838e-01
2.325047808873777766e-01
2.338453303189736432e-01
2.358041456484360476e-01
2.373831529995025225e-01
2.387967335838820926e-01
2.398853119773939890e-01
2.427269424366984008e-01
2.442544662268038846e-01
2.458422044706007337e-01
2.507593433942371663e-01
2.537565130086358867e-01
2.561232789395371245e-01
2.566013985584704171e-01
2.617261563618777931e-01
2.650830138581570794e-01
2.690498919937108768e-01
2.741990646433364875e-01
2.793331200473129772e-01
2.834450999991599551e-01
2.894847068392037426e-01
2.966809480958980672e-01
3.055474903091024430e-01
3.113863591305641165e-01
3.198038852563911960e-01
3.254992464924946760e-01
3.314587318067141464e-01
3.396131128465372240e-01
3.472151471869745487e-01
3.519762334190889019e-01
3.614207972256989199e-01
3.671034237231956543e-01
3.773847542527903887e-01
3.880966193278151954e-01
3.997818612435584673e-01
4.136626867440758581e-01
4.221341793270379505e-01
4.364438718263047301e-01
4.467133461200812894e-01
4.590228565095007540e-01
4.772941670276684700e-01
5.006246228292641209e-01
5.165743167219342125e-01
5.386553932416779933e-01
5.579370234875143941e-01
5.783651938216817223e-01
6.029836735569885642e-01
6.420876377715381000e-01
6.904294422369153805e-01
7.532116936497723625e-01
8.266985014026420053e-01
