1.509766555996642882e-03
1.580988440448719556e-01
3.203677599021082512e-01
4.842041088995742149e-01
6.468438153921333145e-01
8.111857879832229390e-01
9.752412405379257132e-01
1.139701191967526617e+00
1.301211672434329225e+00
1.471654836388462284e+00
1.661766758134517463e+00
1.860440572732586340e+00
2.059434615606610564e+00
2.262052294234934813e+00
2.459866548723845359e+00
2.657545970254452605e+00
2.857534406195944232e+00
3.059225108235967383e+00
3.258219151109994716e+00
3.455510927885496297e+00
3.656965672248485344e+00
3.861538428772147036e+00
4.066397705332191137e+00
4.269959214668602066e+00
4.472880267453096081e+00
4.674621531852458212e+00
4.869840251894094862e+00
5.067789339341294053e+00
5.267777775282769248e+00
5.469165103166604425e+00
5.667889480124013168e+00
5.864709341545445653e+00
6.059068501477928415e+00
6.252247873025288172e+00
6.445932868166263319e+00
6.642196543634719674e+00
6.839623153368503239e+00
7.031487903572447351e+00
7.231071840639018866e+00
7.423880421551054098e+00
7.625200332955735405e+00
7.826520244360417600e+00
8.020002990063950676e+00
8.216064416094951639e+00
8.408417935772723339e+00
8.609485035380592066e+00
8.811310570378905638e+00
9.009225949586523896e+00
9.208388533658419917e+00
9.404989291522619865e+00
9.602584442454270786e+00
9.798982950881006460e+00
9.995971353500308965e+00
1.019432493982238341e+01
1.038834701735910393e+01
1.058321180088518432e+01
1.077458778161529196e+01
1.096636826122029262e+01
1.115959819512700513e+01
1.135223823484115790e+01
1.154278836370166061e+01
1.173584975641049510e+01
1.192756281953633923e+01
1.212229277010412787e+01
1.231356762611549804e+01
1.251412910212973806e+01
1.271555013825313019e+01
1.291215089611733013e+01
1.310942581877301372e+01
1.330410520698144339e+01
1.349896999050753799e+01
1.369049765831569943e+01
1.388873326579926726e+01
1.408422165175750607e+01
1.426816496566136294e+01
1.445638922599122012e+01
1.465049557412687520e+01
1.484092772414888550e+01
1.502980929515044117e+01
1.522185944067202712e+01
1.541476914630275630e+01
1.560725749893882686e+01
1.580259419781897279e+01
1.599027912631562920e+01
1.618077869281678360e+01
1.636679506345448587e+01
1.656068230803290575e+01
1.675671002582435420e+01
1.695260291065747893e+01
1.714333843483565190e+01
1.733090538449378926e+01
1.752521398206688374e+01
1.771776975118210373e+01
1.791140418396371814e+01
1.810144868923064720e+01
1.828759989282671228e+01
1.847117241609531746e+01
1.866704844680872455e+01
1.885972219476252576e+01
1.904248572028131292e+01
1.922096829937409623e+01
1.940733860652740361e+01
1.959959100148652311e+01
1.978419162606212822e+01
1.997261813582947809e+01
2.014924676174565477e+01
2.033475750878979582e+01
2.052515595057230868e+01
2.070638575119044944e+01
2.088345258422108230e+01
2.107063188912416862e+01
2.124512004182733804e+01
2.142891166865314645e+01
2.161256846252065245e+01
2.179191060172261984e+01
2.197553368735054491e+01
2.216399390535747571e+01
2.235872385592534073e+01
2.254731890689055263e+01
2.271895871334967865e+01
2.289921097502013936e+01
2.308930604264646647e+01
2.327215383876420063e+01
2.344858021524291303e+01
2.363333252689661634e+01
2.382720291735531859e+01
2.401460132581566498e+01
2.420530314175431386e+01
2.439222963486063023e+01
2.457045940215660096e+01
2.475811062241375637e+01
2.494633488274362065e+01
2.513546926554206351e+01
2.532352498467409774e+01
2.550446826525583077e+01
2.567590582227750318e+01
2.586153454816014374e+01
2.605506785622310773e+01
2.622721328627581627e+01
2.641363415578845775e+01
2.659012794874633556e+01
2.677214989299447723e+01
2.695816626363224700e+01
2.713543534610033703e+01
2.733134508505328952e+01
2.751264230215058504e+01
2.769171477543594051e+01
2.786954004385700756e+01
2.804062366436309617e+01
2.818865084900002671e+01
2.833393081211159625e+01
2.851071112510582850e+01
2.868757570869902196e+01
2.886949652822844925e+01
2.905092857828405073e+01
2.919861868052523235e+01
2.936053365986696662e+01
2.953690947398632716e+01
2.970580205892004599e+01
2.989490273347889726e+01
3.006345823601689204e+01
3.022557546479609769e+01
3.041322668505326376e+01
3.060492289405936717e+01
3.076124230563167217e+01
3.092855060330539985e+01
3.111116244174611367e+01
3.129879680788346974e+01
3.146900401416065662e+01
3.166155978327593346e+01
3.184157608726937028e+01
3.198773246460986641e+01
3.214551818460371635e+01
3.233200647059553745e+01
3.251460145491641640e+01
3.267360067153493475e+01
3.285971816689141889e+01
3.304207719353532724e+01
3.323109359749523151e+01
3.341862683891387320e+01
3.356978888983123710e+01
3.372801281693954678e+01
3.389906272920607933e+01
3.408851734028048241e+01
3.425102221381480661e+01
3.440722364654861565e+01
3.457326788523829464e+01
3.476294159986993293e+01
3.495443555943861469e+01
3.512514838930942318e+01
3.529243983286337993e+01
3.545211321427338902e+01
3.562990477445489290e+01
3.578450506580887946e+01
3.594771781237425756e+01
3.610361587095178493e+01
3.626711513755351035e+01
3.643390095751382063e+01
3.659874855369845648e+01
3.678051768614978556e+01
3.696966892306789987e+01
3.714936499878528764e+01
3.729872365888545005e+01
3.745099808170869693e+01
3.762680085575514966e+01
3.780867111292513272e+01
3.798049631470181708e+01
3.815870922787796360e+01
3.830060151291215931e+01
3.846175805686348070e+01
3.863692037435801296e+01
3.879340832712814802e+01
3.893245226591829322e+01
3.907264228485399116e+01
3.924352365592253733e+01
3.942571414136852326e+01
3.959418537330743249e+01
3.976454426666267494e+01
3.994806622757185721e+01
4.012784657388820619e+01
4.028194124164849654e+01
4.043654153300248311e+01
4.061844549841205776e+01
4.080324837242502412e+01
4.097866350171651817e+01
4.112680866519181677e+01
4.128054939643658372e+01
4.146083536634656497e+01
4.163345271175324314e+01
4.180861502924787487e+01
4.195200733094325329e+01
4.212678200368278425e+01
4.230806236666020226e+01
4.247730888810937699e+01
4.264296548204388415e+01
4.278709936500990807e+01
4.296049199992677359e+01
4.313890716254033464e+01
4.330587837781827432e+01
4.346698435941021899e+01
4.363955114245755595e+01
4.379888744147186941e+01
4.397519583911188334e+01
4.415593687025612724e+01
4.430696408821523136e+01
4.446552509771921535e+01
4.464088966465121899e+01
4.478419769574760778e+01
4.493839348822670132e+01
4.510856698626427175e+01
4.527017859144978473e+01
4.545456011246813688e+01
4.562633475188550847e+01
4.578953064433100195e+01
4.595390632516166107e+01
4.613323161024377583e+01
4.632127047525601427e+01
4.647607301604743668e+01
4.666106128537811060e+01
4.680477381534944925e+01
4.696655396173295571e+01
4.714404214775814239e+01
4.730233349134547893e+01
4.747414183900246343e+01
4.763713548201048553e+01
4.780643256581905121e+01
4.797195432679527727e+01
4.815411110400164318e+01
4.831267211350559165e+01
4.849457607891527289e+01
4.865497418747605707e+01
4.880483847116971674e+01
4.897996708042472136e+01
4.913997754423041187e+01
4.930592065820132319e+01
4.948152118281036849e+01
4.965193063852496635e+01
4.980492978849899544e+01
4.995604127705698261e+01
5.009813581152864970e+01
5.028401734920802113e+01
5.046285386481643087e+01
5.061020688466170014e+01
5.076040825075120466e+01
5.093895824632301128e+01
5.111868803027996222e+01
5.128368731354272825e+01
5.145416418573643824e+01
5.160751727222609730e+01
5.178077507418470304e+01
5.194319567712001628e+01
5.212570639084196955e+01
5.230337997218490642e+01
5.245860386597097857e+01
5.261074345583595857e+01
5.278470913082565374e+01
5.294803985622937859e+01
5.310725817640513924e+01
5.328636435792994064e+01
5.346752674206892664e+01
5.362802597534847848e+01
5.378812070975303783e+01
5.393892882415486412e+01
5.409228191064462976e+01
5.426978695078965131e+01
5.443289857263620490e+01
5.459627986039942726e+01
5.476358815807301283e+01
5.491968846608808974e+01
5.506308076778334737e+01
5.522376539638057835e+01
5.539688836538088879e+01
5.557476419616124019e+01
5.575001078425478340e+01
5.592104384240145976e+01
5.607866102119731977e+01
5.622508706445437809e+01
5.637024904872741615e+01
5.652449540356592195e+01
5.668420249321529525e+01
5.687208967114936797e+01
5.701693142714637474e+01
5.717468343890062243e+01
5.734804236557794610e+01
5.751607539040237072e+01
5.769332761875065074e+01
5.787634395606620785e+01
5.804095559457385889e+01
5.818851086385658533e+01
5.836050460683116370e+01
5.852914437996805930e+01
5.867430636424104762e+01
5.881447952905696752e+01
5.897617540484142751e+01
5.915044445398728357e+01
5.931992693311343601e+01
5.949704432850347047e+01
5.965680198051228444e+01
5.980943033985109736e+01
5.996382838176759122e+01
6.012400738677122547e+01
6.029825958179732481e+01
6.046871959987122835e+01
6.063751106008614755e+01
6.081210033750794963e+01
6.098220641906632977e+01
6.114541916563165813e+01
6.131131171724317852e+01
6.148180544355663812e+01
6.165556886910885481e+01
6.183052893716597254e+01
6.199625294757959182e+01
6.215828590575982560e+01
6.231848176488313840e+01
6.246387970683313995e+01
6.262887899009601966e+01
6.279853001042002347e+01
6.295769776823636477e+01
6.312429819287893906e+01
6.326276909159634698e+01
6.342540879808894516e+01
6.359839693413085371e+01
6.377748626153589129e+01
6.394474399685022803e+01
6.411493434900755517e+01
6.429537200599560265e+01
6.447275906730212114e+01
6.464712924116666670e+01
6.481873533938616561e+01
6.498676836421061864e+01
6.516063291448156747e+01
6.532222766554738769e+01
6.549314274485543308e+01
6.564541716767867285e+01
6.579636011503869497e+01
6.594743789535709766e+01
6.609442012456713655e+01
6.626017784322041848e+01
6.642492431468635061e+01
6.660792379788203732e+01
6.678082766332516940e+01
6.694639998666087877e+01
6.709355075706869798e+01
6.724317908308533731e+01
6.742132457978227933e+01
6.758209347897835073e+01
6.773205888739084912e+01
6.790090090996508820e+01
6.807328229769481709e+01
6.824746707624171904e+01
6.841260119246277327e+01
6.859057814796182129e+01
6.877293717460572964e+01
6.893242516069813064e+01
6.908480070824015229e+01
6.924676624994116025e+01
6.941250711447456467e+01
6.958994473814034620e+01
6.975453952252829026e+01
6.992247142263407511e+01
7.009048759333877854e+01
7.024523957177082423e+01
7.040533430617543331e+01
7.057380553811441359e+01
7.074922066740590765e+01
7.090889404881589542e+01
7.106988205156919491e+01
7.124497695258476426e+01
7.140261098550035967e+01
7.155763262984893913e+01
7.171664870058721419e+01
7.187049055655076302e+01
7.203823706133903215e+01
7.220510715189801942e+01
7.238497176881335804e+01
7.253414503359566368e+01
7.270195895486308757e+01
7.287289088829101047e+01
7.303696319496536660e+01
7.319768153180197601e+01
7.335524814823880035e+01
7.351482040492999204e+01
7.367906125280228480e+01
7.384829092013166019e+01
7.402631843799019862e+01
7.418112097878146471e+01
7.434618767852342103e+01
7.451344541383765829e+01
7.466494454715071072e+01
7.482215722707175587e+01
7.498326320866367212e+01
7.516408851040677064e+01
7.534235198594207361e+01
7.552096939799335473e+01
7.568950804641134766e+01
7.584881063718614769e+01
7.602348418520703888e+01
7.618199463235146141e+01
7.635218498450876723e+01
7.651517862751667565e+01
7.668408806657019738e+01
7.684588506707324029e+01
7.699001895003928553e+01
7.716354641791447477e+01
7.734204585112695440e+01
7.751742727217872186e+01
7.768788729025261830e+01
7.786778561540759824e+01
7.803812765464290635e+01
7.819092455517963458e+01
7.835334515811496203e+01
7.850620947513061765e+01
7.868063021135466784e+01
7.884032044688457574e+01
7.900358375580898951e+01
7.917225723718559038e+01
7.932586313547207624e+01
7.948241850472126657e+01
7.963110300002990982e+01
7.979448428779284086e+01
7.996772523563157620e+01
8.013466274267010192e+01
8.029897100702149260e+01
8.046663324121075789e+01
8.063867754654475561e+01
8.080333974741186864e+01
8.097096827336122260e+01
8.114444517887697828e+01
8.131834343738768212e+01
8.148302249237457318e+01
8.165066787244380464e+01
8.181163902107752506e+01
8.197036857177928937e+01
8.212672169159107227e+01
8.229676035667026213e+01
8.244871455121754877e+01
8.261432058279274315e+01
8.278467947614790035e+01
8.294551579182326861e+01
8.311300948481476780e+01
8.327669414673391657e+01
8.345158679831214954e+01
8.361702428868919412e+01
8.378552922886763099e+01
8.394432619604889112e+01
8.411760085212729621e+01
8.428211136591636432e+01
8.444967247538689037e+01
8.461305376315002036e+01
8.477409232826271079e+01
8.494010285871264898e+01
8.510672013747519316e+01
8.527461832934108088e+01
8.544480868149868513e+01
8.561516757485388496e+01
8.577838032141902147e+01
8.594912685952941445e+01
8.611332424926729345e+01
