1.782217830399697098e-02
9.640956874584839451e-03
5.426416076255980575e-03
2.825767382231145469e-03
1.387782872135961704e-03
7.854018798432744336e-04
6.028886575309809351e-04
5.431898439511179946e-04
5.272094370633974639e-04
5.240087798757917274e-04
5.238000218719374677e-04
5.236793777840450257e-04
5.236778908555868436e-04
5.236707113094007634e-04
5.236131488437203649e-04
5.235804432327012450e-04
5.235513125781062231e-04
5.235397156991760878e-04
5.235339994252986677e-04
5.235281681219771614e-04
5.235214046677864668e-04
5.235168594513474587e-04
5.235121660860932950e-04
5.235070824853431956e-04
5.235034632728723537e-04
5.234980246451956688e-04
5.234896011396063297e-04
5.234853856289342416e-04
5.234768355250196551e-04
5.234647408317437845e-04
5.234487416580665920e-04
5.234269274537893448e-04
5.234093035463082766e-04
5.233852144955492697e-04
5.233713976747628172e-04
5.233569900813422101e-04
5.233504489018164438e-04
5.232719847392696853e-04
5.232587843366950627e-04
5.231608075667378184e-04
5.231540394434907497e-04
5.231483971268900473e-04
5.231325832554527700e-04
5.231222987724137071e-04
5.231023507591594634e-04
5.230943895665749518e-04
5.230869774400174598e-04
5.230758681677803029e-04
5.230558699643368149e-04
5.230081887024495444e-04
5.229957166029464187e-04
5.229749886796245494e-04
5.229648257430124896e-04
5.229535807392579443e-04
5.229331406615058287e-04
5.229226329455468779e-04
5.228771798839774391e-04
5.228478932124092050e-04
5.228259474510280969e-04
5.227981554470507303e-04
5.227763515324457006e-04
5.227605300738919413e-04
5.227253812593871595e-04
5.227063791304854216e-04
5.226850239538457978e-04
5.226772338556027802e-04
5.226714826171403134e-04
5.226542779821042413e-04
5.226270282624326594e-04
5.226108696241564978e-04
5.226005437984479127e-04
5.225829296337440675e-04
5.224953768850544057e-04
5.224702606989477032e-04
5.224289769721011121e-04
5.223988703328308510e-04
5.223738918621331035e-04
5.223328796495508176e-04
5.223036265340569523e-04
5.222726168631595684e-04
5.222415976716913294e-04
5.222261632834676766e-04
5.221329979814173620e-04
5.221086326998207808e-04
5.220845080153244935e-04
5.220375462711688598e-04
5.220179115187245948e-04
5.220026019265872758e-04
5.219850932202334910e-04
5.219545311419518559e-04
5.219022807187961681e-04
5.218817251556272501e-04
5.218615829392255195e-04
5.218468782918605359e-04
5.218152630108066192e-04
5.217521349831307940e-04
5.217168919806308269e-04
5.216930496194491142e-04
5.216773577427898318e-04
5.216110837700672215e-04
5.215807841750328550e-04
5.215649503252734126e-04
5.215391535047034233e-04
5.214463189343879678e-04
5.213906326686034267e-04
5.212896702675544336e-04
5.212158420279390221e-04
5.211757930233971905e-04
5.211178863957586366e-04
5.206015094640336618e-04
5.205486936361195882e-04
5.204102401998871204e-04
5.203471199842117992e-04
5.202794548696388190e-04
5.201860859894872962e-04
5.200614004159426380e-04
5.200282230173978049e-04
5.200026486695179338e-04
5.199259907940072430e-04
5.197030263349982498e-04
5.196179414843004555e-04
5.195889145538824675e-04
5.195265525563720491e-04
5.194586321861850058e-04
5.193440994305749186e-04
5.192939624246759684e-04
5.192113005361364501e-04
5.191669868286691780e-04
5.191301540663788208e-04
5.190754559514351631e-04
5.189983123072850748e-04
5.189310785236171154e-04
5.188808597544440626e-04
5.188146541578522730e-04
5.186972280675897001e-04
5.186134194417432904e-04
5.185483269919937809e-04
5.184953674226022192e-04
5.184199075806031169e-04
5.183365053954094338e-04
5.182055872956141482e-04
5.181378393383517540e-04
5.180425617328873354e-04
5.179975142163460115e-04
5.179476906573930858e-04
5.178736857791916464e-04
5.177966021191755374e-04
5.177249966866034805e-04
5.176494296413755537e-04
5.174573123821233451e-04
5.170278220529758023e-04
5.168019079115984422e-04
5.166553435130153207e-04
5.165493989476076329e-04
5.164376466274271833e-04
5.162323032515943409e-04
5.159970912788421505e-04
5.158882219285149985e-04
5.157271472131414207e-04
5.156587218482623722e-04
5.154465584716348475e-04
5.152177172879280525e-04
5.150778301290914046e-04
5.150056690170513049e-04
5.147933401773677631e-04
5.146086887033968866e-04
5.145517596443706550e-04
5.144134625433261464e-04
5.142634939449312274e-04
5.141720271894007106e-04
5.138715216517886599e-04
5.136465538055459993e-04
5.134980614929904232e-04
5.134031659910743509e-04
5.133077905769411076e-04
5.129971101211114022e-04
5.128672429820210809e-04
5.127903456535085839e-04
5.126235981181673272e-04
5.125304562827526569e-04
5.123011114749461900e-04
5.121440192166263044e-04
5.120030285190133468e-04
5.119115401194983738e-04
5.117285190338762392e-04
5.114983734986245940e-04
5.113119205795157995e-04
5.112154437627405065e-04
5.110986180593722139e-04
5.109741202712120203e-04
5.107568621334100320e-04
5.104659044914898296e-04
5.103512895239640818e-04
5.102187744337976887e-04
5.100925115740784221e-04
5.099218729227504533e-04
5.095448931339408407e-04
5.091197805975584230e-04
5.088705421420049255e-04
5.086920933879205938e-04
5.085337813551134550e-04
5.083795784320410812e-04
5.081495408114370315e-04
5.077485458452006680e-04
5.075219718893407431e-04
5.072488766937052274e-04
5.071498411638685182e-04
5.069341278559298452e-04
5.067059068151484515e-04
5.063984885911382771e-04
5.062331280873078260e-04
5.059728901681723959e-04
5.055907933342514713e-04
5.052961059113747445e-04
5.050079917757090012e-04
5.047877886030635239e-04
5.045659872979398053e-04
5.043010969953816381e-04
5.040224901279520249e-04
5.038221112170933845e-04
5.036010825839566055e-04
5.032495505928971137e-04
5.031005390252999039e-04
5.028715165517534148e-04
5.026539056545674400e-04
5.022771705200544320e-04
5.019807289626313212e-04
5.017688732754568143e-04
5.015731746038545446e-04
5.013594468432785740e-04
5.011330580619039864e-04
5.009956955913845780e-04
5.007900411446065828e-04
5.005631384569143210e-04
5.003016714942563371e-04
4.999390393470474559e-04
4.996519015644434797e-04
4.994334762240629786e-04
4.991702898798192111e-04
4.989471733127839566e-04
4.985924626451438335e-04
4.982781504531281483e-04
4.977189496129536678e-04
4.974246846958463525e-04
4.971230110525334854e-04
4.968157096793136395e-04
4.965400211142635082e-04
4.962444913829266047e-04
4.957986216697403024e-04
4.953500888635523460e-04
4.949231752563453294e-04
4.946024008598831753e-04
4.943004435837837799e-04
4.939182103669883519e-04
4.936290611995041095e-04
4.932228420287967062e-04
4.930117981590860380e-04
4.927334807342428598e-04
4.925367676948317654e-04
4.921848693447431139e-04
4.918332508014645627e-04
4.915282858086754197e-04
4.911392575822284704e-04
4.908250802557819099e-04
4.903798409662631953e-04
4.899680304107892521e-04
4.896396042152126316e-04
4.892601282437469357e-04
4.887573307035816350e-04
4.885583197554853752e-04
4.880804811825727933e-04
4.877146926249172586e-04
4.874532616874754508e-04
4.869249713596050712e-04
4.863395395144881725e-04
4.858568723731996166e-04
4.852661259851112174e-04
4.847347075960055634e-04
4.842815781209754969e-04
4.836607019385392634e-04
4.833790815851392330e-04
4.829948264946039207e-04
4.824953573619903085e-04
4.818747107653590864e-04
4.814478417810803606e-04
4.809685985706397974e-04
4.804016031118611089e-04
4.799667459202587388e-04
4.794800691533794307e-04
4.792137083917398337e-04
4.788092072241747392e-04
4.782818246350118026e-04
4.775986414138480639e-04
4.771195287715036034e-04
4.765030153713358516e-04
4.760022924603784524e-04
4.754296487574943180e-04
4.749279402459246182e-04
4.745662255438899842e-04
4.738382207833019316e-04
4.734608375204867026e-04
4.729170698197660157e-04
4.721599386593911983e-04
4.714918307016278628e-04
4.711426686934910651e-04
4.706226404573658740e-04
4.698454535413775076e-04
4.694943289855670206e-04
4.686250203531747865e-04
4.678179441313462202e-04
4.669793818613358080e-04
4.665449297185847769e-04
4.658038812277952561e-04
4.652172520697489457e-04
4.643986167086199164e-04
4.635311430728498365e-04
4.624646142023237081e-04
4.615410403533001739e-04
4.607047529248144949e-04
4.598137765313520752e-04
4.589892667596179548e-04
4.581240471803421188e-04
4.573047782243651696e-04
4.566404730934016040e-04
4.561718749906963329e-04
4.555238117627684368e-04
4.548698569424516761e-04
4.541837780130119641e-04
4.537438434025355236e-04
4.531895575407891993e-04
4.525072083889479123e-04
4.513378927934071885e-04
4.497879627757442149e-04
4.489361029630070297e-04
4.477626986492768183e-04
4.465204473106644751e-04
4.454892586142158474e-04
4.445961760230853323e-04
4.433155711910952970e-04
4.424497423548571975e-04
4.409172180397892202e-04
4.402980523443070487e-04
4.391622510470246884e-04
4.380997539694634225e-04
4.364749044887385274e-04
4.353154610270037117e-04
4.340505314486169455e-04
4.331670170774783017e-04
4.320899087127856586e-04
4.312975605839935327e-04
4.302701486705973839e-04
4.291859932596565484e-04
4.285769587623930563e-04
4.276954414698621492e-04
4.259176384364113171e-04
4.248463523610816555e-04
4.242538526085838104e-04
4.227839885087616425e-04
4.217911048887069058e-04
4.207234373467475387e-04
4.196299135347847961e-04
4.189220218038892723e-04
4.185843202028906264e-04
4.173287123077794509e-04
4.168673947260034211e-04
4.148988194086208415e-04
4.135091289454598338e-04
4.121335913626058764e-04
4.111429969108748432e-04
4.097020374311709711e-04
4.090621960720974360e-04
4.082774718153766116e-04
4.050658065277753638e-04
4.039850111098587898e-04
4.022363484472563349e-04
4.006993587208592983e-04
3.980686147054012295e-04
3.968685885977899560e-04
3.958305669957259336e-04
3.935717187477683369e-04
3.921740931941249597e-04
3.914623746339400000e-04
3.894257204854525414e-04
3.883508061246252027e-04
3.876830599231608832e-04
3.857964276639329576e-04
3.859135306440403626e-04
3.845218229788118620e-04
3.829995856851083460e-04
3.815277539202296259e-04
3.796223416539494131e-04
3.773833363914231957e-04
3.760598712019826107e-04
3.728846458150765226e-04
3.703384768259691210e-04
3.673473568524111377e-04
3.664683462544636883e-04
3.638692782787347540e-04
3.614513077363662214e-04
3.590473777742180829e-04
3.569407887478180164e-04
3.558185571733925886e-04
3.539826910346859892e-04
3.522849078428198712e-04
3.516470656108456033e-04
3.496978002367017151e-04
3.482707583371638140e-04
3.451965267226481159e-04
3.445355091954681055e-04
3.423574458810781551e-04
3.411986830428270193e-04
3.372780271654270178e-04
3.344682737820223184e-04
3.336558935131855082e-04
3.315861815235185807e-04
3.302015210838293163e-04
3.293745916001457243e-04
3.286801840511720122e-04
3.279104596617402534e-04
3.253139067363937939e-04
3.250340856563020166e-04
3.249179297504518459e-04
3.234673606559184582e-04
3.224231684556509714e-04
3.197766972273042890e-04
3.186585939946305385e-04
3.204718751808515245e-04
3.202701396725798118e-04
3.190500602280603622e-04
3.183371644226250089e-04
3.172533800541556064e-04
3.152691537051318673e-04
3.146031328402635794e-04
3.143091060920635491e-04
3.119831470211935570e-04
3.103430447522918583e-04
3.119755913139873383e-04
3.132399388581825366e-04
3.166304745806359480e-04
3.135675648382558675e-04
3.144400280159464199e-04
3.162617793620439493e-04
3.175594960010814341e-04
3.187854564147528662e-04
3.178167427958675738e-04
3.225547843908990373e-04
3.293388072416045991e-04
3.305844850850914304e-04
3.353183886521394737e-04
3.390897371391594917e-04
3.434551498729752472e-04
3.471741523690498386e-04
3.493705040346221425e-04
3.522117137968923135e-04
3.580513317571048246e-04
3.626281607183561972e-04
3.724535520712982562e-04
3.826649597272029904e-04
3.938711578980012167e-04
4.025732789223910256e-04
4.057675535418373328e-04
4.202254141983939356e-04
4.279010252511028663e-04
4.398019774191372442e-04
4.568658488258465632e-04
4.743173494206677260e-04
4.924284346250218944e-04
5.072387174381973087e-04
5.313726958641114577e-04
5.615182467235492513e-04
5.882993036311629908e-04
6.178981216571918875e-04
6.393530033583252848e-04
6.589203308381791314e-04
6.888668652040912067e-04
7.238244811070192143e-04
7.470670026106293994e-04
7.865685449749551051e-04
8.141830559852167954e-04
8.542031823509542085e-04
9.056764400533559578e-04
9.533173886384496221e-04
1.022921483153859572e-03
1.076878266087011012e-03
1.145476638966755464e-03
1.204372562464419436e-03
1.276614382320698888e-03
1.375891829009477782e-03
1.507357342411417547e-03
1.609394749590039881e-03
1.760723004197355416e-03
1.885198722239393981e-03
1.999304634226401357e-03
2.179598969135079951e-03
2.458194300630845656e-03
2.829802321491385782e-03
3.334126986830051025e-03
4.057228055483711772e-03
