1.277202343218243552e+00
9.072258404717887803e-01
6.113764390951387240e-01
3.991709546809570353e-01
2.876760333204307352e-01
2.562127004870451419e-01
2.438065539595622722e-01
2.377045944975106628e-01
2.354141606128798414e-01
2.342767257172972406e-01
2.337424709020902158e-01
2.334915909451211746e-01
2.333587620830142040e-01
2.332336226603813345e-01
2.332190328448320860e-01
2.331374601195592700e-01
2.328590215877043568e-01
2.324922012009413286e-01
2.324263476652095040e-01
2.323148160636709370e-01
2.320828337625533977e-01
2.320534139123686945e-01
2.318691194631981867e-01
2.318029555814662135e-01
2.316743644885357056e-01
2.316904407303191638e-01
2.315473001891457661e-01
2.313753986767169979e-01
2.312695310115753522e-01
2.310780749260493983e-01
2.309462001652677898e-01
2.306906614879814799e-01
2.306472704744720326e-01
2.304704035016550412e-01
2.304452442098615383e-01
2.304207965754307141e-01
2.302416880305201974e-01
2.301409443525084253e-01
2.298299374540844486e-01
2.296629035275811193e-01
2.296226516693999908e-01
2.296656907473507148e-01
2.295730858776271199e-01
2.294505362888061561e-01
2.293025978111627450e-01
2.291449904852536912e-01
2.290450745183121861e-01
2.290149798582339913e-01
2.290903767485586162e-01
2.289606686935800883e-01
2.287937714391629351e-01
2.287227808763035719e-01
2.286378996791576801e-01
2.284580662244543314e-01
2.283345304224724814e-01
2.283296286532446873e-01
2.281468930238607640e-01
2.279819274076405056e-01
2.276978943835950842e-01
2.275511818992466684e-01
2.274231022073725517e-01
2.273074751637240432e-01
2.271560198177490775e-01
2.270964755806072211e-01
2.268710395414606507e-01
2.267061923134216783e-01
2.266106840400808065e-01
2.264244172646283915e-01
2.263158172411795233e-01
2.258701769436861351e-01
2.257349842873448698e-01
2.254033708254762347e-01
2.253201785799996970e-01
2.251129598313127977e-01
2.250625553700054682e-01
2.247459153731906079e-01
2.246511631460742786e-01
2.246334775598742284e-01
2.246966291327919807e-01
2.243271870590380357e-01
2.240382368741818120e-01
2.239520838482362830e-01
2.234602427116483825e-01
2.232547657547363229e-01
2.231046744090708633e-01
2.228850828838798981e-01
2.227078645332779272e-01
2.226171087215973454e-01
2.225222323131862689e-01
2.222512283758925344e-01
2.222920096854966721e-01
2.222227891979859093e-01
2.219831725465944983e-01
2.220539922768023089e-01
2.217778933603516411e-01
2.215107193499512295e-01
2.213438049580817024e-01
2.211950867605294024e-01
2.208097313509513604e-01
2.208286164826120945e-01
2.207747205783058830e-01
2.205708811274260939e-01
2.204763427058917813e-01
2.203530863035522147e-01
2.202000412819071218e-01
2.200462804959198437e-01
2.199136698018754887e-01
2.196362683876436073e-01
2.191181705730451956e-01
2.191859103423884625e-01
2.186811593313286450e-01
2.183702800596959426e-01
2.180619011417490316e-01
2.177990627874570040e-01
2.177771210654291523e-01
2.176302246163225318e-01
2.171167270255090209e-01
2.171373709157801424e-01
2.171517756674998523e-01
2.170005234021330220e-01
2.166384678224807514e-01
2.164396384747783730e-01
2.160258476082717594e-01
2.155720395946574830e-01
2.159073780193037917e-01
2.154839185536452650e-01
2.152949829215002608e-01
2.149721113458243071e-01
2.147243184203649069e-01
2.142772758335171612e-01
2.138318315922841939e-01
2.133332586590749314e-01
2.125678217226658895e-01
2.122705609276503147e-01
2.121405604943210066e-01
2.115785073242408276e-01
2.112742680375973015e-01
2.110591715984374839e-01
2.109144182654420496e-01
2.105362033172761549e-01
2.102707639753983448e-01
2.099784178502177023e-01
2.099768147558194742e-01
2.097344721430561276e-01
2.094997966694131797e-01
2.091114315306694671e-01
2.088520127867963538e-01
2.085613181801052318e-01
2.086073301994988971e-01
2.080959063551721944e-01
2.079358072544960634e-01
2.075582535284093977e-01
2.073430767806893338e-01
2.071277605443109515e-01
2.067213152498967310e-01
2.064507609933421695e-01
2.060300442329850712e-01
2.054864260803120068e-01
2.046994806029361624e-01
2.045590509158322357e-01
2.046633396930079285e-01
2.038006985126091797e-01
2.035940725656509021e-01
2.034540914919284460e-01
2.029886462224195498e-01
2.031987496595041298e-01
2.030475205547082607e-01
2.030167885057868049e-01
2.024541625242128329e-01
2.021542845967456981e-01
2.019022483044904392e-01
2.016664600409451558e-01
2.015857207510122207e-01
2.011497993694564002e-01
2.006984705323005824e-01
2.000037615521338130e-01
1.996284534111831266e-01
1.992763572930414118e-01
1.985493800032644418e-01
1.978088745354878997e-01
1.973526993762806381e-01
1.972485933345319298e-01
1.976788999613920961e-01
1.968931604508492306e-01
1.967951609766531718e-01
1.964871267705884383e-01
1.965182778925224083e-01
1.964037327879547545e-01
1.960781630063271885e-01
1.964286358992566872e-01
1.959258392202698762e-01
1.956912973319712423e-01
1.954415881709157810e-01
1.951034474702418864e-01
1.946047890686506132e-01
1.940297988730087797e-01
1.938373273154491150e-01
1.938060054299874935e-01
1.939089996665694093e-01
1.938502795188991601e-01
1.931336173762602526e-01
1.927140282920149772e-01
1.920786592704184503e-01
1.924902447093727320e-01
1.921035027051428701e-01
1.904980147479870822e-01
1.901696121525293104e-01
1.899196244581948245e-01
1.886589449327630841e-01
1.876704089073463200e-01
1.881772051521036493e-01
1.877103571640799107e-01
1.884904622109418171e-01
1.879597123426882954e-01
1.872502475249454845e-01
1.862670573078800407e-01
1.858004336264498235e-01
1.859581086645971382e-01
1.862245600853168759e-01
1.864799168556657838e-01
1.856018283859256768e-01
1.854609326396943481e-01
1.856396407599008869e-01
1.857441188612395933e-01
1.850595141182203585e-01
1.845804034285057627e-01
1.840346476101123174e-01
1.845424766615202938e-01
1.844853465304829299e-01
1.843573233921751431e-01
1.842516295317867259e-01
1.853951173182772361e-01
1.858320298558827910e-01
1.859318169334075177e-01
1.865721112916511881e-01
1.861178425127074376e-01
1.856992344852146370e-01
1.851003076417904458e-01
1.849233318111217772e-01
1.843690717112868582e-01
1.844348571897556355e-01
1.847491565506992062e-01
1.845750942991326859e-01
1.845153475522011699e-01
1.858176472942664470e-01
1.838765355698166737e-01
1.850305552596408498e-01
1.852918367834888447e-01
1.838857705592446268e-01
1.847093222749036645e-01
1.852044807812376903e-01
1.861634383702685802e-01
1.868391472177212131e-01
1.888542971355639533e-01
1.876996879172648514e-01
1.900568498774814485e-01
1.906681264121282138e-01
1.917084353870938118e-01
1.922956829902008891e-01
1.930997550741778146e-01
1.940476630029331351e-01
1.929734549437142621e-01
1.957348267747497650e-01
1.961048302119877962e-01
1.976180573324065881e-01
1.996264552683928439e-01
2.013028934819673377e-01
2.025265369340119026e-01
2.032683518268615652e-01
2.044777738327629990e-01
2.056040948311911865e-01
2.060426452913048379e-01
2.092318265481474537e-01
2.117762321463964592e-01
2.151885615771566840e-01
2.196313908664125347e-01
2.199768227301378554e-01
2.248087958279564036e-01
2.271512658462775391e-01
2.302389674987272705e-01
2.338648645374491464e-01
2.372866903874835121e-01
2.415884689039623223e-01
2.451204524375946159e-01
2.484164462265462114e-01
2.539535799984464215e-01
2.592168180371716146e-01
2.623048752018574681e-01
2.662424194736718319e-01
2.699279108716720055e-01
2.743909773599116364e-01
2.799668290977370688e-01
2.876476783616595534e-01
2.911398463564581207e-01
2.971801938582256941e-01
3.044755229260210916e-01
3.088821420191236178e-01
3.125534034553303919e-01
3.201114661738949096e-01
3.300740675977057448e-01
3.367161265419460481e-01
3.455815733901391185e-01
3.568273961791963989e-01
3.636943527189880343e-01
3.744598926087249202e-01
3.863998931802102299e-01
3.956887080902334874e-01
4.093567425203532562e-01
4.208406051096087452e-01
4.371579395631168263e-01
4.597048053437743920e-01
4.740575382435538998e-01
4.903725661475253905e-01
5.091851553273440967e-01
5.229144346435974366e-01
5.497157294419939833e-01
5.734345411294480277e-01
6.016016621609096005e-01
6.269695476807048973e-01
6.633255846092981356e-01
6.973681399228242039e-01
7.504036643758212888e-01
