1.737630475888687171e-03
1.592555919804612419e-01
3.215495415263796564e-01
4.827335783584643658e-01
6.481554637342783476e-01
8.098944569232792157e-01
9.742905138817625765e-01
1.140200088177292237e+00
1.301098238401267038e+00
1.470808422898710388e+00
1.645916819231619366e+00
1.823816814208414794e+00
2.013824947881576399e+00
2.200873314317846940e+00
2.390091055603894787e+00
2.571051718973389466e+00
2.756889271540038600e+00
2.937799484331634403e+00
3.127841251723411542e+00
3.316722655823450161e+00
3.502122970048285211e+00
3.689659025404283366e+00
3.877346432493982586e+00
4.064041644884956561e+00
4.252670796095483041e+00
4.441434482180417476e+00
4.615702035548287618e+00
4.802346797361339625e+00
4.986452213420013990e+00
5.160568415054175517e+00
5.334667799829032830e+00
5.517528768299458264e+00
5.705804765464647765e+00
5.894955239313463657e+00
6.082777181277534417e+00
6.272263992312359981e+00
6.434894279044269361e+00
6.619100596258742364e+00
6.791905082867465637e+00
6.971739016663814681e+00
7.150917092947419285e+00
7.336855546669843520e+00
7.515411399159344086e+00
7.704578689867474850e+00
7.893073306203567618e+00
8.079701251157326070e+00
8.255869109626139846e+00
8.440479031463826942e+00
8.625963429985144870e+00
8.810186564058925640e+00
8.990760439664500225e+00
9.159915667805016426e+00
9.333577814238060100e+00
9.492172054737844533e+00
9.674293081399076399e+00
9.860971476930716406e+00
1.003132070208157423e+01
1.021307175783817556e+01
1.036213083911459343e+01
1.053353952640135738e+01
1.070059264712928915e+01
1.086569501217838862e+01
1.104657159125133781e+01
1.121951061273447792e+01
1.140119440105387660e+01
1.158284455565467930e+01
1.175255474015208890e+01
1.193672742364795170e+01
1.210788385804522704e+01
1.227086729882245209e+01
1.242364290600431431e+01
1.260944682485227908e+01
1.280194385370191057e+01
1.299149793217394588e+01
1.318095110949017368e+01
1.336103729617600422e+01
1.353949224750965641e+01
1.371502106532504150e+01
1.389012946165794737e+01
1.407569794447575617e+01
1.425006639899943117e+01
1.443592076842532101e+01
1.460601774068666714e+01
1.478277418923097031e+01
1.496269220732382976e+01
1.514683125710108058e+01
1.533147481265733170e+01
1.551051835406650525e+01
1.565940926674993072e+01
1.583983179062176916e+01
1.602323089858978733e+01
1.620699997746246979e+01
1.637659244394475166e+01
1.653485034725851932e+01
1.667244033049200524e+01
1.682025496418021859e+01
1.698710628259654953e+01
1.716234921380383582e+01
1.732099390488157908e+01
1.748217794171369022e+01
1.765735360548376676e+01
1.783202476347484478e+01
1.799547907631248123e+01
1.816219585985461649e+01
1.833500034646343479e+01
1.849576396181317861e+01
1.867304173299589820e+01
1.885630630608966385e+01
1.902976665021124703e+01
1.920364741581525792e+01
1.937026329820158566e+01
1.954074705822693758e+01
1.972491974172298868e+01
1.990329060876024059e+01
2.008090471712902669e+01
2.025355785200415681e+01
2.041931607456604780e+01
2.058562925348494232e+01
2.076420192283383059e+01
2.091788564041802800e+01
2.105537472249570996e+01
2.120485422525481312e+01
2.135752893128087848e+01
2.152417844738577202e+01
2.168833906831416058e+01
2.182466778710011823e+01
2.199215814617004838e+01
2.217897107657625710e+01
2.234905123197841093e+01
2.252568996250777289e+01
2.268579772034471631e+01
2.286517759893999013e+01
2.303093582150194862e+01
2.318140751895977658e+01
2.334533270385792036e+01
2.350456598501127914e+01
2.368619932275291262e+01
2.385955876571867762e+01
2.404043534479178490e+01
2.420224160541808445e+01
2.434242138498385799e+01
2.448517414402268244e+01
2.462923861808694426e+01
2.481171279879357527e+01
2.499977017678794766e+01
2.517595485211623796e+01
2.534820438236815221e+01
2.550787490186331752e+01
2.566036462243705429e+01
2.582514746715960285e+01
2.599098977401803623e+01
2.617067235608081788e+01
2.632561733811253646e+01
2.650886509434699434e+01
2.667334523560202797e+01
2.684270226605427823e+01
2.701892057510116274e+01
2.717936467012418333e+01
2.733834569838797890e+01
2.749435014255558940e+01
2.764831974674787674e+01
2.780030496154273933e+01
2.795052440611092948e+01
2.811354148060686597e+01
2.828570692656228758e+01
2.845506395701454139e+01
2.862726303668858208e+01
2.880822370005816069e+01
2.898815853501048068e+01
2.916775703277676612e+01
2.934490026908509464e+01
2.951598943604531300e+01
2.968013324011438669e+01
2.982863736503404439e+01
2.997006159218806687e+01
3.014148709633418122e+01
3.031358527485237175e+01
3.048897955779360203e+01
3.064311733057882492e+01
3.081765395369568594e+01
3.097845120276399555e+01
3.114822865469876234e+01
3.130826914509847825e+01
3.147325379213251750e+01
3.165036339472239746e+01
3.182676668922157504e+01
3.199469428663328685e+01
3.217293061879622940e+01
3.234000055638365723e+01
3.251539483932469921e+01
3.269398432553295208e+01
3.285890170512987396e+01
3.300151992929423272e+01
3.314323004305636999e+01
3.329568612991156584e+01
3.344713320520871491e+01
3.361817192159102063e+01
3.377654754291999950e+01
3.394504691354792669e+01
3.409881471542860965e+01
3.425687081643074805e+01
3.442863265776297510e+01
3.458877404931860156e+01
3.477027285218586172e+01
3.492454515984547925e+01
3.508219765622454389e+01
3.523969880086995232e+01
3.542065946423963396e+01
3.558450056484137036e+01
3.575264678142384867e+01
3.592287828855970844e+01
3.608231337202440159e+01
3.622693280244520508e+01
3.638843635960371614e+01
3.653715910369386677e+01
3.669825905622926854e+01
3.687546955997437692e+01
3.705562301409699444e+01
3.723177405570628196e+01
3.738952745324075977e+01
3.755989349525058429e+01
3.772576943582721754e+01
3.789820395153114418e+01
3.804521137597258473e+01
3.818988125697124048e+01
3.835893558395574132e+01
3.852131361779788676e+01
3.868629826483143574e+01
3.885903548400265350e+01
3.902723215116282773e+01
3.920997540161781814e+01
3.938871623955915169e+01
3.955876276124234181e+01
3.973403932616796652e+01
3.988938791282246399e+01
4.005778638229426747e+01
4.021930675631219998e+01
4.038772204264316201e+01
4.055881120960294339e+01
4.072159284806834023e+01
4.087848858577853406e+01
4.104249785497270153e+01
4.120834016183075477e+01
4.136227613230408195e+01
4.153580374386245921e+01
4.168861298476257815e+01
4.183511590342495623e+01
4.200788675631476110e+01
4.216695186887468338e+01
4.234192573033283225e+01
4.252278549254612017e+01
4.269651490641618352e+01
4.286375301259619164e+01
4.302601332842321824e+01
4.318793730706416767e+01
4.335969914839595418e+01
4.351933603417210605e+01
4.369442761364546612e+01
4.386529816143436022e+01
4.402029359404363618e+01
4.418685902585154679e+01
4.434785807723092432e+01
4.452012442434183015e+01
4.467298411581989370e+01
4.484698259943863263e+01
4.501701230426247236e+01
4.516565096405606283e+01
4.532185721053493666e+01
4.547752531751608274e+01
4.562315375949486196e+01
4.579641230130422969e+01
4.597138616276248513e+01
4.613485729245918776e+01
4.630428159034830315e+01
4.647870049544958704e+01
4.664413919768438888e+01
4.682398994833982897e+01
4.699798843195865317e+01
4.714709796381266216e+01
4.729958768438604721e+01
4.747972432164939249e+01
4.765225973850898100e+01
4.781182935684797997e+01
4.797395513780059417e+01
4.812585626829847030e+01
4.829077364789496585e+01
4.845636370186343811e+01
4.861344442502591079e+01
4.877779003140627623e+01
4.894840832630568173e+01
4.912482843766371587e+01
4.928133738760996607e+01
4.943488657031926437e+01
4.960959136202870212e+01
4.976176156227539593e+01
4.992254199448395013e+01
5.008584495558749694e+01
5.025955755259818858e+01
5.042694701051180317e+01
5.059685899732046011e+01
5.076374394945515434e+01
5.093041028241896839e+01
5.110459375149010697e+01
5.128626072294999005e+01
5.145824118345274201e+01
5.161158856385051763e+01
5.177152815309408851e+01
5.193814403547992953e+01
5.209818452587927595e+01
5.226670071336601353e+01
5.242287332612617234e+01
5.260156371348973892e+01
5.277705889758631486e+01
5.293787296351350591e+01
5.310669185446774065e+01
5.326910352202848031e+01
5.344086536336031656e+01
5.360778394921354817e+01
5.378137882820912097e+01
5.394550581541852097e+01
5.411827666830837558e+01
5.427933749315713641e+01
