9.808195993461965925e-03
4.481575726716983260e-03
2.021675683350105789e-03
9.118947663794757302e-04
5.510467518344714386e-04
4.555928048695218860e-04
4.207567081750107066e-04
4.089076906624536812e-04
4.039682901867268534e-04
4.015737269562276489e-04
4.006595664716809104e-04
4.001378214901713600e-04
3.999915348436212004e-04
3.998753016237867135e-04
3.997349680395511392e-04
3.994887555558341869e-04
3.990688102610999498e-04
3.985759817257602264e-04
3.983616973874940697e-04
3.982127178604892613e-04
3.978904940636085203e-04
3.977668857926678118e-04
3.976095728239495636e-04
3.974374015374165943e-04
3.973258118747113074e-04
3.971641664817217809e-04
3.966113508686418135e-04
3.964083209096804514e-04
3.962731065420039439e-04
3.958929133161806697e-04
3.956246428341903031e-04
3.953332417427589396e-04
3.951077230824074369e-04
3.949571781058910718e-04
3.947983850546517076e-04
3.946301163288354883e-04
3.943083014655523978e-04
3.941156761411160813e-04
3.938115619327787250e-04
3.935337406274967242e-04
3.932817240789800877e-04
3.929763552791670474e-04
3.928567606379153049e-04
3.927225898520531858e-04
3.925106608435664952e-04
3.923305710862020159e-04
3.919787265411544619e-04
3.917790135451628525e-04
3.916880643501351460e-04
3.914979648023220551e-04
3.912126253803287343e-04
3.909099660101640530e-04
3.906364146067897421e-04
3.903717552685737361e-04
3.901321349436788553e-04
3.899254713577388152e-04
3.896601278250208110e-04
3.894540002920045545e-04
3.888484066363903191e-04
3.885224104004767636e-04
3.881924861223009279e-04
3.878876713324306809e-04
3.876166170854562169e-04
3.873773079371660021e-04
3.870142891929459895e-04
3.867085677514274533e-04
3.863620242907907449e-04
3.861189053422413526e-04
3.856275861174389115e-04
3.850513213911302044e-04
3.846462831691564613e-04
3.845486019062030665e-04
3.843995381381214160e-04
3.841709287090276800e-04
3.839000662157991814e-04
3.834058044302869964e-04
3.831525532508801065e-04
3.828710090730124836e-04
3.824731072471736345e-04
3.821583114120642223e-04
3.816769206954443729e-04
3.813497631122501051e-04
3.808866249981662159e-04
3.800933011840024016e-04
3.795734784544233442e-04
3.792878859130382574e-04
3.790790238164295622e-04
3.788805858577236124e-04
3.784524737106470852e-04
3.780386681559092096e-04
3.777989397829574448e-04
3.774940628191099140e-04
3.771167760799815148e-04
3.767863850864763180e-04
3.764433361626606019e-04
3.759209061887722604e-04
3.752770552205578138e-04
3.748641742776882900e-04
3.739441341312119658e-04
3.736355709094795591e-04
3.732161511011089462e-04
3.727269722463338788e-04
3.723655385478287722e-04
3.720993878182958991e-04
3.718521580590708670e-04
3.715254458712008998e-04
3.708729553482701204e-04
3.704785764770746124e-04
3.699171938112441691e-04
3.695218495956665390e-04
3.690295827541735778e-04
3.685122177880107005e-04
3.679126472180293574e-04
3.675473663110363776e-04
3.670262519239166836e-04
3.663070901845543923e-04
3.647439331790899917e-04
3.643845154977288538e-04
3.638383953417291430e-04
3.630806949487231337e-04
3.622335164321101829e-04
3.615603345090237530e-04
3.604418880875090501e-04
3.596975408672830037e-04
3.592443518001565430e-04
3.583118807480854579e-04
3.577128745930295019e-04
3.571348575496111825e-04
3.564769848177528938e-04
3.555362149639466462e-04
3.545431303248176391e-04
3.536189097828475701e-04
3.529363147544332751e-04
3.512389399336430444e-04
3.505248262747295796e-04
3.498034988769107949e-04
3.492476899851233024e-04
3.484978132105654770e-04
3.482014519045909190e-04
3.473050241215948678e-04
3.465567653261638595e-04
3.456331607785742403e-04
3.445589134042896127e-04
3.440875212811885984e-04
3.436333668719563522e-04
3.430762171476230095e-04
3.421140573007695144e-04
3.410164449612049556e-04
3.404188623576402044e-04
3.394067168007968826e-04
3.386990378253553467e-04
3.378931048397656924e-04
3.369319751408443239e-04
3.368229577098959477e-04
3.361975888796232804e-04
3.355073152196767750e-04
3.348335907947219388e-04
3.336654435428476032e-04
3.325694936096219335e-04
3.316978483294766452e-04
3.306558656956547671e-04
3.288084280935049675e-04
3.274419066449108244e-04
3.271591842921643635e-04
3.265517066915046428e-04
3.255944540541364255e-04
3.247347863039584930e-04
3.241014160206742690e-04
3.232242722420637930e-04
3.223978781898775175e-04
3.215635428126080377e-04
3.207935227014227703e-04
3.199103702956346685e-04
3.186171274496245732e-04
3.171897563260243805e-04
3.162178760482606114e-04
3.156115603041528849e-04
3.145913114286779007e-04
3.122153310313705195e-04
3.109232797704267735e-04
3.096707725656112648e-04
3.087014037602123142e-04
3.084601900872827041e-04
3.068974554334911987e-04
3.061170642653109650e-04
3.054970510669262470e-04
3.049609438695622689e-04
3.046791400249930937e-04
3.037879572710533026e-04
3.034591617888272993e-04
3.026629975392560964e-04
3.014504423081493440e-04
3.008579585763042938e-04
2.991917253548408368e-04
2.979148428764127432e-04
2.974307403469866277e-04
2.964963525160543671e-04
2.959862102330727937e-04
2.951514052538274104e-04
2.929412159678862742e-04
2.916366603837754526e-04
2.906163896352788995e-04
2.887737056653139783e-04
2.886164778053858628e-04
2.878492028344695587e-04
2.859309751919196160e-04
2.841746543600753416e-04
2.829675174699633261e-04
2.814736356712681936e-04
2.797084874584753172e-04
2.783684917608111376e-04
2.766033891803511887e-04
2.765118221019024591e-04
2.757451048978282540e-04
2.735476731561241738e-04
2.711818955840877973e-04
2.692516505002598057e-04
2.690818475033350966e-04
2.678541921542382546e-04
2.680505176179424692e-04
2.669888344173552649e-04
2.664326824095203166e-04
2.664502364446864739e-04
2.664603843141071697e-04
2.648395790730536715e-04
2.635096500450366118e-04
2.620130171783579252e-04
2.612330455338319514e-04
2.599702728046225804e-04
2.592667291154640975e-04
2.575839602451925818e-04
2.592451423114081163e-04
2.597628407056350153e-04
2.594222793187140838e-04
2.599764882103358524e-04
2.588768615836704087e-04
2.579446366095953028e-04
2.571051859387088597e-04
2.573472668226155441e-04
2.547112167176620126e-04
2.531338589862157655e-04
2.519784226411453669e-04
2.516993941879571545e-04
2.488070537730553223e-04
2.494404297618569850e-04
2.483751838501176449e-04
2.486110744782317776e-04
2.486652649109767459e-04
2.478613931369779322e-04
2.480815837476166904e-04
2.489122151974886856e-04
2.490976747335458272e-04
2.494768675770621066e-04
2.521322394427711298e-04
2.499826389975325601e-04
2.522947739381281780e-04
2.524584844485588519e-04
2.542619040298522092e-04
2.550959204315948162e-04
2.557262698983310176e-04
2.573350608711665890e-04
2.535403228409372671e-04
2.572209485237906060e-04
2.568273752032716631e-04
2.593513800896852617e-04
2.631873639050236950e-04
2.660195423630711095e-04
2.678844560217053948e-04
2.695539803557553556e-04
2.740464384350485322e-04
2.752315263591616819e-04
2.783601021621322268e-04
2.828440134525371844e-04
2.874030788509226303e-04
2.933419866172078225e-04
3.009891267401026667e-04
3.040757856461866757e-04
3.167774264292804701e-04
3.211530091515997997e-04
3.285189688725188633e-04
3.366108509873927401e-04
3.460375947172241373e-04
3.584817495780581102e-04
3.688254323094940093e-04
3.810652282671475187e-04
3.979665683459970870e-04
4.102973784865856111e-04
4.182047765738057857e-04
4.287038251348895650e-04
4.430241771214236263e-04
4.545543227719205451e-04
4.741230232183202384e-04
4.994902299036188239e-04
5.102902642559475769e-04
5.323361101259636938e-04
5.577520439664187309e-04
5.789557155698080810e-04
5.924935446617852174e-04
6.193141296056121990e-04
6.609157280916721144e-04
6.920091975125840277e-04
7.290635610444334141e-04
7.778249243864170060e-04
8.048324661065830261e-04
8.525043160817641916e-04
9.081760510537871880e-04
9.657936893737504138e-04
1.037097039416712578e-03
1.087183027015048431e-03
1.179637027364218186e-03
1.291437683698138566e-03
1.376858895064750300e-03
1.472888329825556512e-03
1.568890742242701631e-03
1.661990037804033250e-03
1.841455690647422153e-03
1.980635709125745225e-03
2.168619397563421088e-03
2.350903019428390427e-03
2.635749758939217192e-03
2.928530936176948832e-03
3.384114719965396027e-03
