2.038837930835793788e+00
1.680257530491851670e+00
1.341093683860141272e+00
1.028528515557312284e+00
7.614736649524120882e-01
5.572350691643888076e-01
4.249030808220725652e-01
3.653280553482618487e-01
3.392226780927017349e-01
3.251063895281711136e-01
3.156694146339558693e-01
3.087987887610803006e-01
3.025779765870076354e-01
2.979179999341817209e-01
2.929595802571715590e-01
2.893939703695257992e-01
2.865307954599352058e-01
2.844221722468350255e-01
2.830027225144253755e-01
2.822640949613663408e-01
2.818615978516057496e-01
2.818146605913007252e-01
2.817772643464528382e-01
2.816826408097380385e-01
2.817088315586983027e-01
2.817176872528697196e-01
2.817272357759342816e-01
2.817290298269466420e-01
2.817243510175071464e-01
2.817159816292406638e-01
2.817241806398542159e-01
2.817224706982613402e-01
2.817155431526454090e-01
2.817128148173582702e-01
2.817107769867157607e-01
2.817022893271464712e-01
2.816970274044464650e-01
2.816651268721173107e-01
2.816758508276502315e-01
2.816654605484208429e-01
2.816544528965889693e-01
2.816649903953977740e-01
2.816351177384997517e-01
2.817198591549454068e-01
2.815090953460844814e-01
2.814719031123331106e-01
2.814612200841988265e-01
2.814372442948582242e-01
2.814241271709545522e-01
2.814365688895910655e-01
2.814213358044191926e-01
2.814360295414035096e-01
2.814439927555481002e-01
2.813966633661542649e-01
2.813859786264746310e-01
2.814279154115447712e-01
2.813981544866672180e-01
2.813871978387446071e-01
2.813875567898534991e-01
2.813403922923946587e-01
2.813313252052228042e-01
2.813107546055136909e-01
2.813197406736021033e-01
2.813037342194892876e-01
2.813447047567290693e-01
2.813145958221265341e-01
2.813068007923578695e-01
2.813019513936259597e-01
2.812762027037000179e-01
2.812865234530013692e-01
2.813029066511482656e-01
2.812559713457568611e-01
2.812737787888309193e-01
2.812382403563419286e-01
2.811960720499201982e-01
2.812199318709367457e-01
2.812221611721494319e-01
2.812176925257362514e-01
2.812181878144218716e-01
2.811990500580939245e-01
2.812252906821481324e-01
2.812174292244349338e-01
2.812104949689971378e-01
2.812078803637397817e-01
2.811652904538278208e-01
2.811718265266900385e-01
2.811434582841875196e-01
2.811269176693693139e-01
2.811112011243519504e-01
2.811221712564598296e-01
2.811478595809712155e-01
2.811213088577693697e-01
2.811128028922506572e-01
2.810493542908955589e-01
2.810399761878566438e-01
2.810147877908260039e-01
2.809399861974507528e-01
2.809485350967586004e-01
2.809396702342801255e-01
2.809490905772054070e-01
2.809339678065165824e-01
2.808956764161165132e-01
2.808960256684053802e-01
2.809255909838199172e-01
2.808354997640661876e-01
2.808533082356491906e-01
2.808508304573292813e-01
2.808651248889393326e-01
2.808336108592324742e-01
2.807906725699166883e-01
2.807912699611928020e-01
2.808139991336110475e-01
2.807002105618601195e-01
2.806821766641842131e-01
2.806993693739844309e-01
2.807081078832440180e-01
2.806985014064085071e-01
2.806524599946325638e-01
2.806056315695919512e-01
2.806093659259966677e-01
2.805682937844506397e-01
2.805601591030068565e-01
2.805219699908355624e-01
2.805374077563623225e-01
2.805313825207114697e-01
2.804818038990965490e-01
2.805150981225652540e-01
2.804520575775947266e-01
2.804982431301744072e-01
2.804647278491262941e-01
2.804205395907599652e-01
2.803835629954672393e-01
2.803499908372341642e-01
2.803134643125578251e-01
2.802869104659158617e-01
2.802738491511285179e-01
2.802587945818236781e-01
2.802924763846492140e-01
2.802595696061422892e-01
2.802482696999677447e-01
2.801847958178072528e-01
2.801811839523257741e-01
2.801520116063671573e-01
2.801105917061599837e-01
2.800900124915614575e-01
2.799891013584404620e-01
2.800482816956357812e-01
2.800337164835532411e-01
2.799651642398373608e-01
2.799353732724954580e-01
2.799278062543099077e-01
2.798986099486876489e-01
2.798902683423619697e-01
2.798964648467238137e-01
2.798295481649272776e-01
2.798343502579986875e-01
2.797970916588055634e-01
2.798045465053530245e-01
2.798238600242312080e-01
2.797231731983824687e-01
2.797045050407672151e-01
2.795886934579159266e-01
2.796234980496091205e-01
2.795496761714441614e-01
2.795586056328085989e-01
2.795843126101271170e-01
2.795330512323300209e-01
2.794355589266043771e-01
2.794725368968787871e-01
2.794903624171032330e-01
2.794719475618465676e-01
2.793600374570626155e-01
2.793479729525575883e-01
2.793596617054593945e-01
2.792783581199085319e-01
2.792519351153530116e-01
2.792485387745476388e-01
2.791873837202168418e-01
2.791441604029896717e-01
2.791096447114180812e-01
2.790899898931797352e-01
2.790090274893191613e-01
2.790828140868848450e-01
2.790428304987770391e-01
2.788743527330760918e-01
2.788101986967027046e-01
2.787781558464003107e-01
2.786904583408785219e-01
2.786897115972401529e-01
2.786357719159102686e-01
2.785876312777555430e-01
2.785285573967923867e-01
2.785368960302229691e-01
2.785158445022404283e-01
2.784332227935973902e-01
2.783609418596654783e-01
2.783191373967988103e-01
2.782079775878395500e-01
2.782155590915329491e-01
2.782022884307908117e-01
2.781702209412283966e-01
2.781372046739370996e-01
2.781164316554133875e-01
2.780026657780459431e-01
2.779787289107112924e-01
2.779494098612863562e-01
2.778091338229458085e-01
2.778613015508018536e-01
2.778182011442857924e-01
2.777788425078406842e-01
2.776918543405308970e-01
2.776465688873231419e-01
2.775450284043632365e-01
2.773684055686199135e-01
2.773465223433392302e-01
2.773059186881518534e-01
2.771843137430551884e-01
2.771540586591195177e-01
2.770979324727697035e-01
2.770387531075706455e-01
2.769825209690450207e-01
2.769833559076432805e-01
2.769106385335006193e-01
2.769101417463730730e-01
2.767703370192678980e-01
2.766175913437272649e-01
2.765289666397445223e-01
2.764418291702434027e-01
2.763747058420318869e-01
2.764327404325438442e-01
2.762366054723301989e-01
2.760600053752125804e-01
2.758346285542311871e-01
2.758078471620054040e-01
2.757966056069688920e-01
2.757070787520508603e-01
2.756398232599510667e-01
2.757139475861193900e-01
2.756071689579336903e-01
2.755409033193831903e-01
2.753613954637618155e-01
2.751468452440326562e-01
2.751441179145112659e-01
2.750586482774985964e-01
2.749625061344368460e-01
2.749619054068975221e-01
2.748041959357631625e-01
2.746890280864814349e-01
2.746624638419075670e-01
2.745296292765450064e-01
2.744826558117371418e-01
2.743861060875745772e-01
2.742009907521084644e-01
2.742424170478998668e-01
2.739730279436107807e-01
2.737841140944898277e-01
2.736971061842808361e-01
2.736890507345609569e-01
2.735067984005891684e-01
2.735318325286946184e-01
2.735007190909567454e-01
2.732221001403508653e-01
2.732114447326671747e-01
2.729216764419541974e-01
2.728402799263014988e-01
2.728236692697053600e-01
2.727123577045972302e-01
2.725914762067562780e-01
2.725652693173639118e-01
2.724879205530296167e-01
2.723796394096640316e-01
2.722523204138252439e-01
2.722852674364600323e-01
2.721441428705848042e-01
2.720541095478518634e-01
2.718415598055318183e-01
2.716677518507976119e-01
2.715892412312506665e-01
2.716039874557372724e-01
2.713585747408269744e-01
2.712792675939757481e-01
2.710130545375469824e-01
2.709233401383231432e-01
2.707223157493336974e-01
2.705577240359611779e-01
2.703896602037859087e-01
2.702158321682224251e-01
2.700063294639887812e-01
2.699555372094060157e-01
2.696871069633795526e-01
2.695749636685229045e-01
2.697358334944256475e-01
2.695417189012024317e-01
2.695214683405209311e-01
2.693986806306398196e-01
2.693023820612079899e-01
2.691855760667287156e-01
2.690875713985189099e-01
2.689393420736498896e-01
2.689699799255850787e-01
2.686471837668070184e-01
2.683825513591752698e-01
2.681152108951822544e-01
2.679029374602038827e-01
2.675535421870293695e-01
2.674958305703484251e-01
2.674610836386139834e-01
2.673002916334069612e-01
2.670290438006068801e-01
2.667398196214997297e-01
2.666967951925241498e-01
2.665905115304261774e-01
2.665188293193451741e-01
2.661620637838577608e-01
2.659836162911937141e-01
2.658418769950291471e-01
2.657158331711900745e-01
2.655752615128619265e-01
2.652619315311288695e-01
2.649868819090681060e-01
2.650120739583653462e-01
2.648837078265458556e-01
2.650038092081227759e-01
2.646297366293438591e-01
2.647134222986910479e-01
2.644759144141957674e-01
2.642592713996157472e-01
2.639105464543824442e-01
2.638745846707717946e-01
2.637074474616376563e-01
2.637104454289388444e-01
2.633830218348275354e-01
2.631494813600997462e-01
2.631668815159632913e-01
2.627066323137747239e-01
2.626161244594209521e-01
2.625208460297767110e-01
2.620580294727555826e-01
2.617013345657808743e-01
2.617497319668286582e-01
2.615772167092223488e-01
2.612751424458940042e-01
2.609569067679466947e-01
2.605578265520276937e-01
2.604603667499722497e-01
2.603243643012642661e-01
2.601928005189472759e-01
2.598915779929235614e-01
2.593827110524335455e-01
2.590656748784749275e-01
2.589641946660693472e-01
2.585019028734222846e-01
2.586000435162168487e-01
2.581426007177579640e-01
2.576455677678374800e-01
2.574723251830944859e-01
2.571382262801728547e-01
2.575030074185991613e-01
2.573431675311442790e-01
2.566911056166626404e-01
2.563089369894370195e-01
2.559131200797841732e-01
2.558413725645946046e-01
2.555037108858757011e-01
2.552909381594223870e-01
2.546834726411368877e-01
2.547472977752738843e-01
2.539338660873222131e-01
2.536201166848193744e-01
2.532725235288894039e-01
2.529640199852949967e-01
2.527564553040813067e-01
2.524351803810118700e-01
2.526138033221406176e-01
2.516504647015462837e-01
2.516516673525812098e-01
2.513022788119511075e-01
2.515102825957434840e-01
2.513356819085272864e-01
2.508633700897078822e-01
2.505711580083747059e-01
2.500362139599258682e-01
2.495985663900096851e-01
2.491508609233456240e-01
2.491484927200511845e-01
2.487188446001293574e-01
2.479110094540669662e-01
2.474595306803138717e-01
2.474303763125617339e-01
2.468716403097221956e-01
2.467713947157624821e-01
2.457769705523475956e-01
2.454559640598043824e-01
2.454754869320967814e-01
2.450977932126982284e-01
2.445448387442065163e-01
2.444412506527068596e-01
2.445216662212678915e-01
2.437369025592388549e-01
2.431601347681514036e-01
2.424083350814577875e-01
2.427394233091057785e-01
2.423137059160403173e-01
2.423444832405186600e-01
2.413686248630671771e-01
2.410980043866641220e-01
2.405020251420154354e-01
2.404288528108236844e-01
2.398687884024715555e-01
2.397137551917010168e-01
2.391333059353742407e-01
2.387455236590966534e-01
2.383743176285015586e-01
2.374761112792305173e-01
2.373060047064787514e-01
2.364923312981274950e-01
2.370894411840554772e-01
2.366885449978834710e-01
2.361264154187224518e-01
2.354825075795474454e-01
2.347316510825414038e-01
2.351463767271006755e-01
2.341629234961346839e-01
2.341356516620223815e-01
2.336977859919158740e-01
2.329655377237746516e-01
2.331576799500500730e-01
2.327522940568124976e-01
2.323958454598304968e-01
2.321146784418646192e-01
2.315657675051719100e-01
2.312355501297184701e-01
2.310750436375678396e-01
2.298310122181412007e-01
2.297030045343269322e-01
2.290361903686007339e-01
2.277797069023578258e-01
2.275644594659295417e-01
2.270577841893042237e-01
2.261225440737548165e-01
2.256969456131205365e-01
2.248438357081903594e-01
2.247417903265510053e-01
2.239355495394984574e-01
2.243647106263393642e-01
2.251061686731738731e-01
2.255971269974613169e-01
2.247081567559106596e-01
2.241915184445966436e-01
2.255386545323178338e-01
2.247975377765655258e-01
2.257669033251244184e-01
2.244072502116112311e-01
2.239597268746787440e-01
2.248337150492013270e-01
2.242802823093471842e-01
2.252412412769770056e-01
2.268765283818364176e-01
2.264744192897307773e-01
2.257993793428463847e-01
2.246344477897361802e-01
2.241533429232422936e-01
2.242007746483839215e-01
2.251080618863614824e-01
2.255469945234873097e-01
2.268234054905777508e-01
2.271090067604855656e-01
2.282833567260494356e-01
2.287977911720089630e-01
2.287297618003509003e-01
2.281598323499438308e-01
2.293281010381039708e-01
2.302016675276052360e-01
2.310818824640782365e-01
2.323761146511578723e-01
2.339632822465133877e-01
2.353098454710951248e-01
2.358236002711179280e-01
2.376707236155221337e-01
2.374943385153026609e-01
2.381355657330362086e-01
2.402784698653405993e-01
2.436323695036768100e-01
2.455796085968779685e-01
2.475083054944940686e-01
2.503572914878043898e-01
2.529245246477913045e-01
2.541340411805479427e-01
2.573068160363800594e-01
2.597891796785598562e-01
2.623736966272245952e-01
2.633399932989929360e-01
2.665525116139743078e-01
2.684505494695908490e-01
2.739033325579283140e-01
2.769440444061833095e-01
2.844238280396033103e-01
2.891420549749080249e-01
2.938285271884625294e-01
2.974650459574054717e-01
3.022423886517813241e-01
3.097990666672101878e-01
3.156624937391848684e-01
3.217638022854977242e-01
3.282441861411627415e-01
3.377930881238704330e-01
3.451991385775859955e-01
3.526570846717331231e-01
3.619694249314086565e-01
3.710485017005699659e-01
3.797493471930038500e-01
3.891766171484741799e-01
3.978622101586336557e-01
4.094501116977564692e-01
4.175512704661198393e-01
4.324807557454979912e-01
4.463772250890912230e-01
4.617148093966960132e-01
4.758192252842400882e-01
4.953505583475908969e-01
5.130298500826372399e-01
5.345625386873861240e-01
5.563933490570962537e-01
5.880152002901195551e-01
6.164060039073508968e-01
6.477135330190174622e-01
6.884100649819665518e-01
7.307596081048945980e-01
7.999078167605606637e-01
