1.491927471470239682e-03
1.599479374116511143e-01
3.204361073795813919e-01
4.814153826875510744e-01
6.455614407054300896e-01
8.088268960446179934e-01
9.746664207522880430e-01
1.139947101452326361e+00
1.308343760861579552e+00
1.474775998910675012e+00
1.641411452962546980e+00
1.807403389672297411e+00
1.972548593037153353e+00
2.137930881738580258e+00
2.307038797157545673e+00
2.471320332510607454e+00
2.637667897225218550e+00
2.805285561957167495e+00
2.971785538673856752e+00
3.137963756719485353e+00
3.318113074955889807e+00
3.514773693417754696e+00
3.699292155713821639e+00
3.894699608825244574e+00
4.094916507335672584e+00
4.293710893826673036e+00
4.490202165619558983e+00
4.690317456128594742e+00
4.885691039906226329e+00
5.082148442365316043e+00
5.277132528804292733e+00
5.471456163234249992e+00
5.667032963014656310e+00
5.865522525501503104e+00
6.068127212044529983e+00
6.266616774531363454e+00
6.461296036966176715e+00
6.655602736729224311e+00
6.850688431169584369e+00
7.044165332254641143e+00
7.235948766649913821e+00
7.431322350427538304e+00
7.622174378143416362e+00
7.821019568635120045e+00
8.011837727017203648e+00
8.204654176093251650e+00
8.398554443850761331e+00
8.594859434307769774e+00
8.788895179400460833e+00
8.991195041939326060e+00
9.186924253721805655e+00
9.378098040108755029e+00
9.573082126547722837e+00
9.767422695644572883e+00
9.969180648842703718e+00
1.017071845137118302e+01
1.036258655910094539e+01
1.055343858681685099e+01
1.074471398120516952e+01
1.093260244221391631e+01
1.112858567399986853e+01
1.132412860444647684e+01
1.151885867088198978e+01
1.171201381329598412e+01
1.190181589166421006e+01
1.208950113667018122e+01
1.228216517374413463e+01
1.247340669879866759e+01
1.266395390251039821e+01
1.285719371825889290e+01
1.304855378598172067e+01
1.322599355751446204e+01
1.340854759845035815e+01
1.359870530482344364e+01
1.377330005231733701e+01
1.395720886660506821e+01
1.414904310500102902e+01
1.433447603930958536e+01
1.452410877100882836e+01
1.471816145076840954e+01
1.491375518521573262e+01
1.510215168623141579e+01
1.529036190591125077e+01
1.547616740289156390e+01
1.567601173873025289e+01
1.586926848914562527e+01
1.605453207678519689e+01
1.624763641519851021e+01
1.643633774021832750e+01
1.661821439447832205e+01
1.681059054221501015e+01
1.699463483383794582e+01
1.718106691349347770e+01
1.735088608492215201e+01
1.753655610456728908e+01
1.773052411099237347e+01
1.791463614128289095e+01
1.810213510495294287e+01
1.828833009927191355e+01
1.848246745236595245e+01
1.867474199210121100e+01
1.884962462893232882e+01
1.903742841660659835e+01
1.923068516702194586e+01
1.941725272401262004e+01
1.960392188900469534e+01
1.978395266457276946e+01
1.995753133205273500e+01
2.013055115552513996e+01
2.031386725647141489e+01
2.048747979328521751e+01
2.066476715281585186e+01
2.084533983772469767e+01
2.100963830774465180e+01
2.119232782601569554e+01
2.137373030960251086e+01
2.155719882255090525e+01
2.174440989688370607e+01
2.192709941515476046e+01
2.210569074403653289e+01
2.230152156382036210e+01
2.249659032359382493e+01
2.268425863393289532e+01
2.286149518946280423e+01
2.303476903293869071e+01
2.322726372334363631e+01
2.341234102964735797e+01
2.360434461471231415e+01
2.378027720089108499e+01
2.397057038459937317e+01
2.415961040295714213e+01
2.434517881460087807e+01
2.450844426994005687e+01
2.469089670287452520e+01
2.487638044118378389e+01
2.505942558745972804e+01
2.523149706958585270e+01
2.542353452398453939e+01
2.559584309144720748e+01
2.578161471909369951e+01
2.597603996152504280e+01
2.615568123975446468e+01
2.633405241796657847e+01
2.652654710837152763e+01
2.671032044532406857e+01
2.688886097020515109e+01
2.707251576448937413e+01
2.725877849747589110e+01
2.744287359309954155e+01
2.763155798345243497e+01
2.781694011376032449e+01
2.798299978913765429e+01
2.813618911767256137e+01
2.830810818779654880e+01
2.849662323148046639e+01
2.869177666458845621e+01
2.888188356696078429e+01
2.906281187987449854e+01
2.924790612084506947e+01
2.943843638988987266e+01
2.961484314674188312e+01
2.979218131027324290e+01
2.997017992581361767e+01
3.013613799318955699e+01
3.031879364212680272e+01
3.050859572049498070e+01
3.069760186951896586e+01
3.087245063701632475e+01
3.105251528191824661e+01
3.123418872017545311e+01
3.142195863851591042e+01
3.160220956475369292e+01
3.178659254971454118e+01
3.197520920139989542e+01
3.214430018215199425e+01
3.231522010692903280e+01
3.247359144353470128e+01
3.264220825361363154e+01
3.281753119178405598e+01
3.298293041515236013e+01
3.317019229348590414e+01
3.334817397435937636e+01
3.353577454603087205e+01
3.371782054695985664e+01
3.390677589198315189e+01
3.407210737668386713e+01
3.422870057326524318e+01
3.438226246447193546e+01
3.454183616242740840e+01
3.470965704316210321e+01
3.489305781744287316e+01
3.507901572642522581e+01
3.526041821001206245e+01
3.542641014672179267e+01
3.559819373951063426e+01
3.576147612951670851e+01
3.594751871183358816e+01
3.613246054080222791e+01
3.629807991484011609e+01
3.648537566250743680e+01
3.667157065682648920e+01
3.684723228833489372e+01
3.702792351591206454e+01
3.720116349005415657e+01
3.735145699054953639e+01
3.753301188613846762e+01
3.771720858976343038e+01
3.789984730403388369e+01
3.805584778727394024e+01
3.819215325291167318e+01
3.835504614557913072e+01
3.851616089822218214e+01
3.869165318306168899e+01
3.887237827997267203e+01
3.904795523814673430e+01
3.923738475384313773e+01
3.941341894802334878e+01
3.957956329673525886e+01
3.975940779096742972e+01
3.994433268526907455e+01
4.012392315949782784e+01
4.029816227898699310e+01
4.046283331167865782e+01
4.062089982428015844e+01
4.078948276502529069e+01
4.098121539541991609e+01
4.115716491626565698e+01
4.133673845582742956e+01
4.152930088490005289e+01
4.170133849769240442e+01
4.187225842246945717e+01
4.203012171906821948e+01
4.220825581194385023e+01
4.238476417679708419e+01
4.255172138952003991e+01
4.269405559657346316e+01
4.286582225469534535e+01
4.305079795299778311e+01
4.323716229398572608e+01
4.341969940025469299e+01
4.359028063169384382e+01
4.374900759630438785e+01
4.394002897068926217e+01
4.411999200758978645e+01
4.430464594722114668e+01
4.447776737869484975e+01
4.465151539284386217e+01
4.482680446168057387e+01
4.500365151987186607e+01
4.516739114588422410e+01
4.532439077447124731e+01
4.547121266825250530e+01
4.563745862496573125e+01
4.579391634421197210e+01
4.596260089295847706e+01
4.613421513907839966e+01
4.631815782269995196e+01
4.647991609268527213e+01
4.664287672402028306e+01
4.680815740472024800e+01
4.698363275489285940e+01
4.715451881033600756e+01
4.734384671803118039e+01
4.751959302287411191e+01
4.768387455822715282e+01
4.786182236976686255e+01
4.804310631068557313e+01
4.820342513398450990e+01
4.835856194921259998e+01
4.851915172718189950e+01
4.866873397166759929e+01
4.882356596289163519e+01
4.897040479133981705e+01
4.911101166236953475e+01
4.927287154035624894e+01
4.945913427334276236e+01
4.963877555157221622e+01
4.977826473458675594e+01
4.994193662193151795e+01
5.011597252541783831e+01
5.028479255149955662e+01
5.046504347773727517e+01
5.065001917603961346e+01
5.082971125826978209e+01
5.099953042969845285e+01
5.118003537593974528e+01
5.133598505517904442e+01
5.152026643213865498e+01
5.169333705961169301e+01
5.184378297210908926e+01
5.198123999509575555e+01
5.213136414892222348e+01
5.229559488027459935e+01
5.245608305024258300e+01
5.263697749382252056e+01
5.282225801612901961e+01
5.300281376637092734e+01
5.315557972823342681e+01
5.331340915549840531e+01
5.349398184040735060e+01
5.366297121315797369e+01
5.382877686853201737e+01
5.398245730240684992e+01
5.413945693099386602e+01
5.429411957554884793e+01
5.447655507381630002e+01
5.466733936286470197e+01
5.484831847977918784e+01
5.500396333501439017e+01
5.517867662517648597e+01
5.535579463803819067e+01
5.553494481092759116e+01
5.570476398235629745e+01
5.586469330831655355e+01
5.604607885723655869e+01
5.622643139147579916e+01
5.640383729367471233e+01
5.655028662478429879e+01
5.670791283604652477e+01
5.687724090213502848e+01
5.704780519890717727e+01
5.722599009578362939e+01
5.740092353661542290e+01
5.757644969078864250e+01
5.774096831147830500e+01
5.789376814267455984e+01
5.807540771159796122e+01
5.824082386963317504e+01
5.840242972761650719e+01
5.858628773790346855e+01
5.874711460120941808e+01
5.889539287634389808e+01
5.903278216066303941e+01
5.916702159693908669e+01
5.932005851347195602e+01
5.949336622628148064e+01
5.965461645625979514e+01
5.980987181415632392e+01
5.994715949047409964e+01
6.011953579660443836e+01
6.026778020240508482e+01
6.042618540834469343e+01
6.059720694112315442e+01
6.077733932469264744e+01
6.094053704136424443e+01
6.110569917939600515e+01
6.128805000432912209e+01
6.146764047855794644e+01
6.164990663015657901e+01
6.180959887078027748e+01
6.197066281942266386e+01
6.212898335202770994e+01
6.230262975817539939e+01
6.246125511478447123e+01
6.263210730089397771e+01
6.280715928439413887e+01
6.298365071458065501e+01
6.315670440738691838e+01
6.332557523746947226e+01
6.348269340872447941e+01
6.364248725734952927e+01
6.379963929793853339e+01
6.395501319850326638e+01
6.411653438315209996e+01
6.430335596014630539e+01
6.446787458083609579e+01
6.462937883081792734e+01
6.480990071172595890e+01
6.496459722561486672e+01
6.512127509553073423e+01
6.527852874412114659e+01
6.545429198363103751e+01
6.562561834041362374e+01
6.576725822612415584e+01
6.592556182406234200e+01
6.609070702742718595e+01
6.627392152037216988e+01
6.645175078924370382e+01
6.660128222972868173e+01
6.676700321176811315e+01
6.693363866581999844e+01
6.708628608501408053e+01
6.726276058053362306e+01
6.744397678278444630e+01
6.760683580611815557e+01
6.776463136404950660e+01
6.792003913394808023e+01
6.807033263444355953e+01
6.821310714283620769e+01
6.835931938860917967e+01
6.851416831450015366e+01
6.866578271901356345e+01
6.882952234502582201e+01
6.899075564033725527e+01
6.915867812907342227e+01
6.933632111660894282e+01
6.949885838127151771e+01
6.965562092452188381e+01
6.982488125194299755e+01
6.999060223398241476e+01
7.016829602551869982e+01
7.035215403580579618e+01
7.052505531660992233e+01
7.067589072644605608e+01
7.084923230858949239e+01
7.101656208398422621e+01
7.117410362191192519e+01
7.133626832390271488e+01
7.151196382474508084e+01
7.169580490036516096e+01
7.187861296130456878e+01
7.203864389526631840e+01
7.217681217426287787e+01
7.233189818549035977e+01
7.248112480197127638e+01
7.264371287063455895e+01
7.282150827017198935e+01
7.299979477504972181e+01
7.317366133186695265e+01
7.334945844071064869e+01
7.352749092558492805e+01
7.370750476648626659e+01
7.388409780467404175e+01
7.405857400949976466e+01
7.421904524480068233e+01
7.438049869078199094e+01
7.453419605932410263e+01
7.469724136399354109e+01
7.486921123811812606e+01
7.501545735322476105e+01
7.518757963935172484e+01
7.534684851330300148e+01
7.548848839901349095e+01
7.565051762366927335e+01
7.580841478960198287e+01
7.597017305958715383e+01
7.613406509760145013e+01
7.629360492622328138e+01
7.645324636284620112e+01
7.661297247280361944e+01
7.676187733061354379e+01
7.692185746057448625e+01
7.708563095592079151e+01
7.727069132755748626e+01
7.743763160561387338e+01
7.761454640247278292e+01
7.779938662343987232e+01
7.797293142158612511e+01
7.812925366349728051e+01
7.828723550276416177e+01
7.845815542754111505e+01
7.860208149328283866e+01
7.877413604074207854e+01
7.894124566546705069e+01
7.910728840617760227e+01
7.927485526690919926e+01
7.944668966369864904e+01
7.961512019244175065e+01
7.977907996912361455e+01
7.993746824039652665e+01
8.008898103690854953e+01
8.024545569082165741e+01
8.040443667543571848e+01
8.056450147873133005e+01
8.072895236075328285e+01
8.089741675883011851e+01
8.107326467167443695e+01
8.123309238963335588e+01
8.139957543168323184e+01
8.158444952198421163e+01
8.174288859725749035e+01
8.190239455654551648e+01
8.206271337984431113e+01
8.221976381243197807e+01
8.239515448926988483e+01
8.257154431145514195e+01
8.274055061887287366e+01
8.290664416358411870e+01
8.306352524950268901e+01
8.321993216474854194e+01
8.339579701225963504e+01
8.357073045309168435e+01
8.372361495762248751e+01
8.388042830487354706e+01
8.405180546565712518e+01
8.421425805698500255e+01
8.438924230181746111e+01
8.456219438662238019e+01
8.473304657273187956e+01
8.488367876656523947e+01
8.504311698718541379e+01
8.521180153593194007e+01
8.538516005274237841e+01
8.555652027885902555e+01
8.572261382357010007e+01
8.586926637068236801e+01
8.603771383409271323e+01
8.620949742688139850e+01
8.636768248215125254e+01
8.652976251080745840e+01
8.668986118343667613e+01
8.684779221870337551e+01
8.701579938077391319e+01
8.718509357752868993e+01
8.735982380235770961e+01
8.753360568584091084e+01
8.768820059172824699e+01
8.785087333372599971e+01
8.803026059195201469e+01
8.819901287936605172e+01
8.837008521614539802e+01
8.853350308348680642e+01
8.870018934153920043e+01
8.886325158087571197e+01
8.902074231480283117e+01
8.918632781950711319e+01
8.936100724033558151e+01
8.952301953032463189e+01
8.968477780030964652e+01
8.985451229840387555e+01
9.001786242707781582e+01
9.018576798114708026e+01
9.035103172718015685e+01
9.052017351193296690e+01
9.068818067400393090e+01
9.085740713209098374e+01
9.102417806347799001e+01
9.119294728555901486e+01
9.135907302281948716e+01
