2.510930271929240343e-02
1.511039960328313704e-02
9.322758324608796873e-03
5.507561901376680988e-03
3.104066162867400065e-03
1.725152212689309503e-03
1.062257987041017758e-03
8.089345191415721554e-04
7.116019668007150800e-04
6.676464192696171095e-04
6.405109783220113524e-04
6.203428989222116961e-04
6.038729118197527128e-04
5.902406474592123429e-04
5.792038921372920238e-04
5.705082252560449976e-04
5.639803240436143741e-04
5.591550642974947192e-04
5.561246945477064203e-04
5.546238967938892225e-04
5.541191661243312491e-04
5.540535770541136834e-04
5.537298642738123318e-04
5.535704143866357644e-04
5.535553683803137292e-04
5.535531068543141650e-04
5.535377702163165031e-04
5.535355708453564092e-04
5.535287424470429355e-04
5.535229778015628935e-04
5.535174606628212634e-04
5.535132041045617542e-04
5.535037652077427674e-04
5.535029772360853346e-04
5.535007247982731129e-04
5.534950752590845399e-04
5.534932073914196381e-04
5.534826672891532927e-04
5.534725388772009482e-04
5.534571166561242511e-04
5.534446585148130411e-04
5.534393174079776934e-04
5.534042858631592777e-04
5.533195356659333011e-04
5.529538712816580576e-04
5.529269621732057181e-04
5.529052568376965297e-04
5.528905160666222705e-04
5.528800224793169703e-04
5.528766175156952590e-04
5.528662508516012661e-04
5.528520545704186575e-04
5.528491931606983791e-04
5.528427106446540205e-04
5.528397693082946502e-04
5.528356938908370434e-04
5.527944921587977720e-04
5.527778428125151551e-04
5.527648916122581682e-04
5.527501001954647367e-04
5.527411149278889683e-04
5.527265598046003734e-04
5.527205383583900199e-04
5.527147661027012908e-04
5.526961746625593539e-04
5.526781384729557815e-04
5.526694837767127987e-04
5.526495461007684476e-04
5.526318525400391495e-04
5.526215094303991169e-04
5.526052276010422464e-04
5.525700496612002315e-04
5.525584309824966298e-04
5.525413746268904164e-04
5.525278554251632441e-04
5.525097313124350531e-04
5.524881483702497476e-04
5.524640014049127679e-04
5.524457656445473696e-04
5.524317778221083004e-04
5.524235943881467947e-04
5.524145017849178569e-04
5.523688604158678069e-04
5.523538346487563613e-04
5.523451164593934370e-04
5.523311436779853971e-04
5.523121004194928236e-04
5.522909583178225437e-04
5.522726124182793109e-04
5.522476482786158611e-04
5.522272817176036418e-04
5.521999086530896906e-04
5.521431325586547562e-04
5.520703168053782547e-04
5.520496387704447276e-04
5.520208595237239679e-04
5.519734286797852276e-04
5.519511027488937724e-04
5.519211245219411829e-04
5.518997935522138585e-04
5.518689562211904001e-04
5.518286558855738013e-04
5.518127354332722726e-04
5.517865373155972537e-04
5.517553026627825506e-04
5.517102403554064371e-04
5.516795046437343673e-04
5.516626844590987377e-04
5.515942191978169930e-04
5.515687364310274893e-04
5.515413159076606097e-04
5.515275957223769255e-04
5.514399328700167252e-04
5.513896448801991566e-04
5.513640560896627962e-04
5.513332557761747507e-04
5.513095858394779928e-04
5.512712279385965876e-04
5.512375523411825514e-04
5.511992695276351746e-04
5.511711145762621458e-04
5.511477523739026409e-04
5.511077869176965937e-04
5.510633613258929990e-04
5.510328098326338058e-04
5.509980808886584275e-04
5.509578605172262998e-04
5.509258823714175378e-04
5.508815292668162731e-04
5.508570831605120880e-04
5.508034538348054480e-04
5.507796617818295788e-04
5.507460689586065813e-04
5.507106673300760091e-04
5.506788625000042263e-04
5.506292032354222687e-04
5.505555085807114970e-04
5.505224438342533246e-04
5.504637614068970093e-04
5.504217145780940105e-04
5.503802539654548392e-04
5.503295216559764540e-04
5.502620808829671376e-04
5.502182489348152487e-04
5.501694471989648002e-04
5.500835403643584412e-04
5.499623336707507287e-04
5.499177822006712322e-04
5.498297084752239595e-04
5.497607454349895005e-04
5.497149169046384532e-04
5.496655162487881470e-04
5.496394391578462513e-04
5.495895332014063802e-04
5.495144571990614579e-04
5.494568391599611700e-04
5.494085899185901416e-04
5.493319656885326278e-04
5.493033011938686832e-04
5.492540938603792094e-04
5.492173678984702163e-04
5.491340280948667696e-04
5.490755340692519276e-04
5.489991501696425561e-04
5.489270046680761990e-04
5.488693425572284661e-04
5.487857388498233215e-04
5.486931507230190805e-04
5.486321225778033371e-04
5.485680784240159081e-04
5.484880497527658966e-04
5.484438886670580391e-04
5.483680027647027787e-04
5.482879255247282042e-04
5.482175650829430435e-04
5.481081724159781463e-04
5.480107923696022568e-04
5.478941714107625873e-04
5.477528011546731841e-04
5.476643675889481108e-04
5.476190993368651797e-04
5.475180914861360344e-04
5.474314530836819253e-04
5.473608605335777630e-04
5.471884764363471815e-04
5.471090468251851640e-04
5.469744153668538523e-04
5.468248957221901125e-04
5.467530286917454598e-04
5.466106675560940611e-04
5.464860523362155467e-04
5.463939937102083554e-04
5.462865820484032837e-04
5.461847350138897186e-04
5.460952232740489028e-04
5.460009109503425467e-04
5.458349352729568787e-04
5.457286621282947826e-04
5.456386925260586166e-04
5.455585038094893768e-04
5.454471802186707267e-04
5.452514656237962077e-04
5.451973928364175614e-04
5.450854080713769855e-04
5.450100516023621009e-04
5.448915913929521177e-04
5.447508420401102596e-04
5.446474181695349064e-04
5.444932978888573048e-04
5.442122224442372648e-04
5.440954011253422255e-04
5.439575253189061826e-04
5.437840398433603376e-04
5.436015981666011054e-04
5.434990222513938918e-04
5.434069484812490206e-04
5.431967942694396288e-04
5.431021064985142770e-04
5.429512685410503581e-04
5.428279035932516124e-04
5.426689435975690610e-04
5.425567367080893089e-04
5.424466970043421857e-04
5.423339643158233596e-04
5.422178978219855967e-04
5.420336148269838455e-04
5.417007851590434613e-04
5.414892899863752232e-04
5.413565096116988674e-04
5.411309171444613061e-04
5.408388271654315013e-04
5.405299170206799737e-04
5.402932823613184211e-04
5.401574173208063693e-04
5.400808840809645430e-04
5.399305248091154251e-04
5.397819586574954288e-04
5.396232379751610955e-04
5.394174403668888307e-04
5.392669792926234979e-04
5.390953890239199176e-04
5.388150485002677096e-04
5.387046999985811106e-04
5.385388615815699500e-04
5.383408888040157369e-04
5.380525238846337174e-04
5.378508400343943487e-04
5.376519339690838135e-04
5.373490931470555065e-04
5.369375375712644389e-04
5.366732490562342844e-04
5.364488865687082287e-04
5.361877572112755961e-04
5.358704467510749673e-04
5.355448479353914918e-04
5.353290175550988374e-04
5.351546811880906682e-04
5.349719995169341423e-04
5.347096555498201224e-04
5.344799213435323139e-04
5.342693471068281743e-04
5.339449184368239443e-04
5.337556804921402996e-04
5.334899566142802495e-04
5.332566583117647656e-04
5.330179722069296492e-04
5.327632014057948279e-04
5.325396776550991949e-04
5.321869726865929764e-04
5.319290699329514609e-04
5.315025084166514384e-04
5.311012875977849657e-04
5.308170559951821748e-04
5.305104449780078790e-04
5.301402221880667899e-04
5.298371239735237374e-04
5.296013363243680817e-04
5.289355934042517518e-04
5.287206700422738279e-04
5.281961006387448244e-04
5.279871534753136737e-04
5.276790745840986363e-04
5.270935669528949673e-04
5.268396678232506675e-04
5.265271631315728614e-04
5.262696892578160772e-04
5.259007024109104041e-04
5.256700037531882985e-04
5.254220514175340744e-04
5.249466801454635888e-04
5.245483775833669230e-04
5.242253761602299342e-04
5.238795206295805609e-04
5.234911081401414333e-04
5.231196109024997603e-04
5.227976355904178371e-04
5.224569028407515144e-04
5.222612387289844900e-04
5.217877897385061548e-04
5.215652417449625740e-04
5.207930689161408867e-04
5.203156132884240951e-04
5.196944951851224142e-04
5.192546658718198401e-04
5.187687874317380501e-04
5.183683180104285996e-04
5.182499024169682231e-04
5.175477187302196915e-04
5.170317924635708289e-04
5.165578234835112607e-04
5.160683510067934614e-04
5.155010804881821149e-04
5.148346464345235698e-04
5.140538883900773156e-04
5.135449243316460560e-04
5.131411810087293255e-04
5.128822922585892776e-04
5.122844173608203863e-04
5.116571907224087834e-04
5.113240516445761606e-04
5.107070016373301382e-04
5.101661067902406527e-04
5.096257124651077308e-04
5.090448886880495280e-04
5.088146403808476445e-04
5.082206205437207747e-04
5.076417277923610727e-04
5.072108408413302828e-04
5.068086918926883013e-04
5.063210463276234929e-04
5.057258065674050422e-04
5.049145683865684676e-04
5.044464864157580152e-04
5.040042772197820230e-04
5.030483653859220113e-04
5.025105847423662472e-04
5.018440048735741885e-04
5.007514797151613834e-04
4.998662463480442464e-04
4.989570257371204022e-04
4.985505260052155692e-04
4.978900596088821394e-04
4.971257107207425205e-04
4.963764102131512949e-04
4.956129906476195845e-04
4.946561462176882413e-04
4.940883733605820919e-04
4.933699662660527520e-04
4.925900255292397448e-04
4.916621788773686700e-04
4.910544539658484109e-04
4.898035554157943294e-04
4.892653237238785537e-04
4.884394781579980225e-04
4.874101015050293409e-04
4.865963934752053814e-04
4.858147046217187680e-04
4.848668748655091685e-04
4.841514035062873499e-04
4.833408666989162119e-04
4.819096054846933454e-04
4.809224779405065625e-04
4.802516741705500675e-04
4.795520496530817278e-04
4.785573254919499677e-04
4.772354216351140373e-04
4.762870029666148980e-04
4.748951574836946768e-04
4.739551531597922742e-04
4.729495524430057441e-04
4.720261101877413741e-04
4.716654119412590088e-04
4.699593253554451588e-04
4.691920995858889633e-04
4.681852105294288823e-04
4.674363515582099539e-04
4.669948498017373155e-04
4.661954360747264364e-04
4.652981713156024947e-04
4.644394067958955560e-04
4.630558901882571776e-04
4.616422396658528197e-04
4.601541298268582475e-04
4.587553965010141314e-04
4.572398586847954325e-04
4.556497433672155760e-04
4.535527574750973729e-04
4.523864610461387006e-04
4.515931608291086819e-04
4.503657935929964817e-04
4.480453896506563557e-04
4.463176228619517971e-04
4.450426190520539614e-04
4.443621112792304172e-04
4.439262955657321858e-04
4.423996657140131074e-04
4.408386471354542018e-04
4.388938512055488503e-04
4.374698690111977544e-04
4.357560607741143449e-04
4.343546937862415329e-04
4.338366540280197826e-04
4.322955518613158347e-04
4.311256424817540268e-04
4.299667787011154669e-04
4.282463693980209803e-04
4.257822253605685688e-04
4.245584023464991181e-04
4.232383949406895158e-04
4.217606581015351545e-04
4.210079743400521515e-04
4.197162758326479460e-04
4.183076870642455898e-04
4.163036528451788789e-04
4.136571204396888215e-04
4.113408463539578938e-04
4.112399703725865756e-04
4.092205048159872050e-04
4.072434051117638002e-04
4.068271962020721263e-04
4.051797016561298767e-04
4.048549233976140790e-04
4.031080314082089366e-04
4.024975530502562316e-04
4.000903623548389236e-04
3.975447050797240446e-04
3.963450931703720124e-04
3.938672962929879763e-04
3.919389881621230783e-04
3.907702028712923843e-04
3.899666770106107122e-04
3.890951488914581912e-04
3.878760915963630333e-04
3.862047952648421699e-04
3.834025695853638727e-04
3.810941327359234970e-04
3.781532700815222470e-04
3.755889577955605243e-04
3.723248274619204295e-04
3.710323129304220614e-04
3.698823576959301470e-04
3.680467093089757782e-04
3.665979568009846063e-04
3.645125594584901099e-04
3.634430589598623522e-04
3.633241956463636861e-04
3.641659852909288767e-04
3.617881941473182709e-04
3.604592189428978142e-04
3.606018730929949276e-04
3.601860708324258861e-04
3.596963347105370710e-04
3.568271315456372208e-04
3.555687113291279328e-04
3.552693198696113921e-04
3.531493745248596148e-04
3.537088481748288152e-04
3.548012234948507934e-04
3.533402446702897269e-04
3.536219067998965459e-04
3.496372340639133523e-04
3.477439242949707690e-04
3.474534295322779728e-04
3.466798082240005489e-04
3.468063519837933078e-04
3.490021270853152025e-04
3.498231146169973453e-04
3.512076431156022495e-04
3.515728015605934812e-04
3.512636850876030628e-04
3.481245367600928646e-04
3.492913104231753379e-04
3.512933661659992405e-04
3.517814001884776373e-04
3.553430184933290903e-04
3.582265577008825544e-04
3.590802100339159975e-04
3.605454473552207771e-04
3.644527012539772225e-04
3.642989068218759324e-04
3.635816609335410518e-04
3.675114227258712875e-04
3.787984957150551733e-04
3.831086590675240313e-04
3.905752709539018325e-04
3.935534815621598769e-04
4.012592939083976210e-04
4.060926651536351205e-04
4.138553603496128615e-04
4.208712534052565929e-04
4.292186363443630361e-04
4.378031991148513525e-04
4.453718488864009126e-04
4.517566637157167616e-04
4.652897370818249068e-04
4.801878322237224735e-04
4.974898873486402516e-04
5.126057614069312813e-04
5.357658300613693612e-04
5.526303817452261685e-04
5.695446913443653891e-04
5.965742345566978468e-04
6.188381370540049992e-04
6.414091232715712389e-04
6.601852876034645717e-04
6.987641588757574325e-04
7.334791618220613818e-04
7.654482993978735253e-04
7.946095859555761011e-04
8.306172359991763300e-04
8.672871722882125652e-04
9.170634662119845704e-04
9.623919293315356038e-04
1.021871824527469238e-03
1.077606249703471925e-03
1.155479917657287236e-03
1.230960811710763618e-03
1.298987679842328628e-03
1.389455310056697491e-03
1.491354298788160520e-03
1.606689843765019563e-03
1.743275547225175840e-03
1.871926708982512124e-03
2.099316007085067718e-03
2.258496148339456631e-03
2.494578151015074911e-03
2.785028474413927136e-03
3.131405864426147715e-03
3.740589821681686560e-03
