1.447290998583962596e+00
1.067161699907227757e+00
7.537502456487015223e-01
4.936798681585874427e-01
3.440125182362009926e-01
2.902649680265739773e-01
2.721345593485622882e-01
2.620274705057064057e-01
2.581849727083727064e-01
2.568522033722277498e-01
2.564036811674396121e-01
2.555223367151272518e-01
2.553064986556838334e-01
2.551418140420419478e-01
2.548710889173009808e-01
2.548219742636982366e-01
2.547062595491970116e-01
2.547048940686657548e-01
2.545823788017546052e-01
2.544614802512854546e-01
2.541499747679303867e-01
2.540292386211264186e-01
2.539309860747005487e-01
2.536043005069349987e-01
2.535307776444397088e-01
2.534180140994594099e-01
2.533144003098489194e-01
2.532711146655441947e-01
2.532094178027833875e-01
2.530839299237832019e-01
2.530804039808804418e-01
2.528958358050130695e-01
2.528001600455137554e-01
2.527031503209420937e-01
2.526112455739291107e-01
2.525853781818633292e-01
2.526206036763244400e-01
2.524928196217186560e-01
2.524654893770655884e-01
2.522575555591573537e-01
2.522987443201332725e-01
2.520782829348040543e-01
2.518782700226269711e-01
2.518384087420940665e-01
2.518288449323267120e-01
2.516911485460389675e-01
2.515879055927467411e-01
2.516688550391211754e-01
2.514869711649652673e-01
2.514743537910177906e-01
2.513094167041004523e-01
2.511497721216691126e-01
2.511447193492583052e-01
2.512092885853120516e-01
2.509886707876834433e-01
2.508826196371792827e-01
2.507598729193900033e-01
2.506267100232554279e-01
2.505718505544726749e-01
2.503239997313378984e-01
2.504793783565073539e-01
2.503812255427275701e-01
2.502636820717810684e-01
2.502894086088022219e-01
2.500673885392677986e-01
2.498467591498974016e-01
2.495855299193304733e-01
2.493839780537553674e-01
2.492418213614506217e-01
2.491644778190661436e-01
2.491045128030589528e-01
2.489626835856046660e-01
2.487754482571609416e-01
2.484414296838218794e-01
2.483192759199819577e-01
2.480837407711446452e-01
2.478625562516654501e-01
2.478611250298329294e-01
2.476037424707065171e-01
2.474242172373293247e-01
2.471255625790193533e-01
2.470205359077805862e-01
2.469686214606495178e-01
2.467725251693585198e-01
2.466147768935857965e-01
2.465743595956082224e-01
2.464859394211290078e-01
2.462449576651967453e-01
2.459235138020754996e-01
2.459965727410069747e-01
2.459251765887535690e-01
2.456770851679276890e-01
2.453701919872306736e-01
2.451635294809801358e-01
2.449303337517359513e-01
2.446166026932543869e-01
2.445368201643706163e-01
2.444540982782725802e-01
2.440278917461351782e-01
2.439095252465562913e-01
2.436751187201103286e-01
2.436290628090432564e-01
2.434558651024027187e-01
2.435553858057253884e-01
2.433478745983967129e-01
2.432447122956280516e-01
2.431563494151640359e-01
2.429679284007678075e-01
2.428401374541574731e-01
2.425615053147301414e-01
2.424149512515035021e-01
2.421535357094998231e-01
2.419338952223987482e-01
2.418790874589195339e-01
2.414197813406856186e-01
2.411491023193390315e-01
2.406618813933626699e-01
2.405667341246359170e-01
2.403581509832779795e-01
2.399875119962566750e-01
2.398127813976435874e-01
2.396613440431633046e-01
2.394354260123361666e-01
2.394777719695240503e-01
2.394034603846099118e-01
2.387624963125171973e-01
2.385718500584511348e-01
2.382521598568928534e-01
2.379891923644215090e-01
2.381190312167069667e-01
2.377418783858876172e-01
2.373718514723847928e-01
2.372235522801735275e-01
2.370702701613321139e-01
2.365632711819084799e-01
2.364393947001366125e-01
2.363679619395227804e-01
2.361778651546146968e-01
2.358037609406014035e-01
2.357397666972102790e-01
2.356269082111530910e-01
2.354809110820251794e-01
2.352823801279086691e-01
2.351952380670238041e-01
2.347131567285044018e-01
2.340376659718146068e-01
2.339327714846269612e-01
2.338162041674342329e-01
2.331092606253937771e-01
2.331248155041742431e-01
2.328572848441173848e-01
2.329262342741781622e-01
2.324315011292924782e-01
2.320464803003768617e-01
2.317105315154759926e-01
2.311850124984777544e-01
2.310949896098496159e-01
2.306591448900640606e-01
2.295142906390947590e-01
2.294065919015593480e-01
2.291321974778570414e-01
2.289234445195356960e-01
2.282013650751678613e-01
2.276695378300774009e-01
2.275628853122432516e-01
2.271098411723320165e-01
2.261931686367354977e-01
2.256350986205732378e-01
2.253328796695266423e-01
2.254830876017608898e-01
2.246778470836971742e-01
2.241605573471251167e-01
2.238098966619643526e-01
2.232969401457667868e-01
2.227143147442945947e-01
2.226385424548540104e-01
2.224453218811473232e-01
2.219242176532918720e-01
2.210188681828333945e-01
2.206484082954689729e-01
2.199194699024401289e-01
2.196731199302501825e-01
2.199253544883086331e-01
2.194178995387610631e-01
2.185959454700560078e-01
2.183967141823209279e-01
2.179473498368287854e-01
2.172428035920913048e-01
2.167340071451995809e-01
2.167675875835942123e-01
2.164839925788069885e-01
2.161211182515055118e-01
2.160208763060236514e-01
2.159745314785460613e-01
2.156967275489878877e-01
2.145499401258615380e-01
2.141121625308279319e-01
2.139694788206280007e-01
2.129197093650043726e-01
2.128668322094466048e-01
2.130282433307792433e-01
2.128708895628136644e-01
2.131306877439444192e-01
2.126809369201389521e-01
2.125479739129931545e-01
2.118077489098821042e-01
2.107326558848356124e-01
2.109103673766674902e-01
2.106693078167473088e-01
2.096823730396422669e-01
2.084571462070152759e-01
2.081617708794392396e-01
2.071170289699126310e-01
2.064992389938242467e-01
2.072304535182611374e-01
2.065486464421927015e-01
2.071581776171075306e-01
2.080664146499101030e-01
2.074239085631670587e-01
2.074222734549521496e-01
2.066110378267391467e-01
2.061528816351697324e-01
2.052051742268650725e-01
2.049137361032555560e-01
2.044092503923205795e-01
2.044426946689133218e-01
2.036320366748040345e-01
2.038121886671265814e-01
2.032160277619417532e-01
2.033503993693243639e-01
2.030943503378535575e-01
2.025503751270033848e-01
2.017449968975859875e-01
2.016895699053139202e-01
2.006756001517033261e-01
2.004496555369758848e-01
2.006987661861157901e-01
2.002088270911666357e-01
1.989535693465078192e-01
1.987267140376352270e-01
1.990016509597282435e-01
1.990110625009427481e-01
1.989834231614382998e-01
1.979371508476316655e-01
1.984379507439937018e-01
1.988971551161902163e-01
1.984207733393228701e-01
1.988821559203202693e-01
1.992814060035869583e-01
1.991967365352942387e-01
1.994028246622059075e-01
1.998543464502526568e-01
2.000393754934642609e-01
1.986957007787913398e-01
1.982451487669122936e-01
1.989571667553005907e-01
1.988389694058695645e-01
1.998531314400451009e-01
1.981790172711138664e-01
1.993330395786059861e-01
2.020536340400639341e-01
2.011528331854552931e-01
2.008546869611741725e-01
2.019985851275128974e-01
2.035790841363174231e-01
2.043242815784283850e-01
2.061244121580454169e-01
2.075582907208279038e-01
2.085525813039557919e-01
2.115393552745710726e-01
2.114278538690745335e-01
2.134837229671197045e-01
2.141199337626061572e-01
2.156471475575491292e-01
2.169976720924747804e-01
2.205290144772052152e-01
2.243440340527106114e-01
2.276743981184929655e-01
2.306383362135971671e-01
2.354789319704844175e-01
2.381519401634800970e-01
2.423284916208268969e-01
2.467786191740462265e-01
2.506487127954558636e-01
2.545124941569370525e-01
2.600138644289097245e-01
2.628915424836303361e-01
2.654603462045940776e-01
2.703306226760331388e-01
2.735030915387177686e-01
2.772847722115021063e-01
2.853454469744786115e-01
2.910481695068965480e-01
2.997834886136380717e-01
3.034498817830761919e-01
3.105470375363485469e-01
3.175368545388870811e-01
3.223748316385123824e-01
3.274786737244376744e-01
3.345830051306032393e-01
3.403592794899286123e-01
3.471800866646382877e-01
3.570068103627125344e-01
3.676123672614273752e-01
3.804898604604466383e-01
3.898134850755688996e-01
3.993994008115380745e-01
4.144408474326928826e-01
4.250783934347959758e-01
4.413699290686717291e-01
4.566498067941232031e-01
4.723851711021087030e-01
4.894004733492308135e-01
5.088267580040926052e-01
5.271890087845099160e-01
5.517077278177716648e-01
5.728913881902653049e-01
6.015080042361349300e-01
6.195522984353935003e-01
6.569609094861108556e-01
7.042932407389799199e-01
7.554051702317685635e-01
