1.737630475888687171e-03
1.582465804224304218e-01
3.202041927823385814e-01
4.819263691120393434e-01
6.456161179799004834e-01
8.073551111689021287e-01
9.708598745844576605e-01
1.137677559282214368e+00
1.302981726642923999e+00
1.463274469932080324e+00
1.637172052395352573e+00
1.810060623300594473e+00
1.992988859208240982e+00
2.178860045493476338e+00
2.362999095270764016e+00
2.544750151027386664e+00
2.732807529021703985e+00
2.920545386689309186e+00
3.107072430487278325e+00
3.298325011748691526e+00
3.475972753835989248e+00
3.655722603335848753e+00
3.839844836253839766e+00
4.016012694722690846e+00
4.205482688898246835e+00
4.397811549154894806e+00
4.589635903632501623e+00
4.768713078760312918e+00
4.956854541051099794e+00
5.140119114144741097e+00
5.328613730480832089e+00
5.511928754152375376e+00
5.696908646894664585e+00
5.882224876822953696e+00
6.071392167531072026e+00
6.256422510851264995e+00
6.440023421130903536e+00
6.617755247514684136e+00
6.807813831765726853e+00
6.997536078830759898e+00
7.182364619839353814e+00
7.371700079140477868e+00
7.544538199467815787e+00
7.703132439967623313e+00
7.879048045546940493e+00
8.068030350802754214e+00
8.235285273842313458e+00
8.420702404926412754e+00
8.605396411060599604e+00
8.793739675662997968e+00
8.976953798178731958e+00
9.169703079917853827e+00
9.355927420248377757e+00
9.540671876960457709e+00
9.724104618647105625e+00
9.901617825859961641e+00
1.007911421621354542e+01
1.026355596945821880e+01
1.044656828966235196e+01
1.061516856144594634e+01
1.079411120169934257e+01
1.096341778157357183e+01
1.113161444873396100e+01
1.131832647798420588e+01
1.150223009173125099e+01
1.166523034936778735e+01
1.182318554921418219e+01
1.199466150393814878e+01
1.216041972649998115e+01
1.230895748513809451e+01
1.247185684161880914e+01
1.265685355122041500e+01
1.282444481144596438e+01
1.297854895051256108e+01
1.314548435322541131e+01
1.332003779320137937e+01
1.350099845657082653e+01
1.368199275365890699e+01
1.385515039431291484e+01
1.400967495486200498e+01
1.417854429639439573e+01
1.436512179077023887e+01
1.455598758426770623e+01
1.471821426637640862e+01
1.489113647100026050e+01
1.507626771547622901e+01
1.523314663632739752e+01
1.538350061576993433e+01
1.555050328592001563e+01
1.571066149433477044e+01
1.587379628684566946e+01
1.603999174774930481e+01
1.621237581287552842e+01
1.638741694177123165e+01
1.655813613782666849e+01
1.674212383587021691e+01
1.692685147572298021e+01
1.711151184813857640e+01
1.728638480844124459e+01
1.745823073406980441e+01
1.763895596140906719e+01
1.782156467698995783e+01
1.799001359703981962e+01
1.814176337580449427e+01
1.831732582733858195e+01
1.849502402000393175e+01
1.867985256101260561e+01
1.884519036209198362e+01
1.900459181183835966e+01
1.917526055731597623e+01
1.932692625178414403e+01
1.950704607218868247e+01
1.968304576206462997e+01
1.986139981224263096e+01
2.003563373189200547e+01
2.019754089367411254e+01
2.036047388387352086e+01
2.049804705024779494e+01
2.065551456117461626e+01
2.083373407647822262e+01
2.100613495846382150e+01
2.118048659612827933e+01
2.135197936771173843e+01
2.152179045336505325e+01
2.169957273032684952e+01
2.185408047401678644e+01
2.201173297039586174e+01
2.217417827167561484e+01
2.234575512755544224e+01
2.250443345235193249e+01
2.267934004637331213e+01
2.285629829722932627e+01
2.302942230416492819e+01
2.320871809846378753e+01
2.337413998383973279e+01
2.353566035785797084e+01
2.370246122569643887e+01
2.386004645463835416e+01
2.402982390657304634e+01
2.419031845217394405e+01
2.433971387063647285e+01
2.450432854676601124e+01
2.468096727729532347e+01
2.484595192432949062e+01
2.500959122261953382e+01
2.518147078196684774e+01
2.535548608244541668e+01
2.553565635342781448e+01
2.572349511225138130e+01
2.590353084835934183e+01
2.603812743063736690e+01
2.621481661174464861e+01
2.639868659177326293e+01
2.657258417423663133e+01
2.675218267200292743e+01
2.692513851034550854e+01
2.708514536702664444e+01
2.724089755830473436e+01
2.740786659473619125e+01
2.757127045699602874e+01
2.772276798287113309e+01
2.787337421520331304e+01
2.803973784470003849e+01
2.819088221652986803e+01
2.835142721270864641e+01
2.850946649685160139e+01
2.866888476345722125e+01
2.881595945533635472e+01
2.897872427694270669e+01
2.914195997060956245e+01
2.932024675335046027e+01
2.948625722880191091e+01
2.964779441967937146e+01
2.982212924048459968e+01
2.999004002103700373e+01
3.015791716787076027e+01
3.030368014472438176e+01
3.046782394879349098e+01
3.061548723074811562e+01
3.078163224107398577e+01
3.095066975119947372e+01
3.111414088089656360e+01
3.128477599265564990e+01
3.143980505898382205e+01
3.159204252666810930e+01
3.174081572133652784e+01
3.190763340603441378e+01
3.209046074078629118e+01
3.227540699981016559e+01
3.245710760498901948e+01
3.263221600132207101e+01
3.278600062006195515e+01
3.294775643011032429e+01
3.313258497111907985e+01
3.329711556295208652e+01
3.346157888734783370e+01
3.362864882493526153e+01
3.379141364654176272e+01
3.394625772741765246e+01
3.410572644460120273e+01
3.428771293638816786e+01
3.446204775719338187e+01
3.463826606624022020e+01
3.480022367860022570e+01
3.495363832643552371e+01
3.509866136147986282e+01
3.524551743418796690e+01
3.541300779325779757e+01
3.558888976511867241e+01
3.575019151996603739e+01
3.591046744639609045e+01
3.607617521837987340e+01
3.625341935584357600e+01
3.641788268023898922e+01
3.659139347493798766e+01
3.675945560722375660e+01
3.693101564624394229e+01
3.709519308403117321e+01
3.724097287774373655e+01
3.740360316447534217e+01
3.754416973180465789e+01
3.770084685034387206e+01
3.787519848800801014e+01
3.803808102762916121e+01
3.821142365373516725e+01
3.838453084381089297e+01
3.855040678438749779e+01
3.870772294358020105e+01
3.886266792561158212e+01
3.903217630779718661e+01
3.919961621628867476e+01
3.937733122581276746e+01
3.955395313948253744e+01
3.971089932777062614e+01
3.986317042917315945e+01
4.003473046819331671e+01
4.020662684439958667e+01
4.037825415085701763e+01
4.053486400195907891e+01
4.068738735625108660e+01
4.085728252620057788e+01
4.100550076451167314e+01
4.116633164729812933e+01
4.134507248523944867e+01
4.152231662270321522e+01
4.169091689448655558e+01
4.184988110589075205e+01
4.201261229377811901e+01
4.218733390234685743e+01
4.235315939234558158e+01
4.253031944551275956e+01
4.271102785599234863e+01
4.286156682088697778e+01
4.303112565365056241e+01
4.318955172555709510e+01
4.335028170718773310e+01
4.350700927630489900e+01
4.366372002856272871e+01
4.383770169532218119e+01
4.399194036926279949e+01
4.416064154220190829e+01
4.432434810792884861e+01
4.448955137413347671e+01
4.465398106481025309e+01
4.481984018852755725e+01
4.496873110121065054e+01
4.514029114023088596e+01
4.531191844668827429e+01
4.548884306382527853e+01
4.567015688123963457e+01
4.581793788120888422e+01
4.598499100193661349e+01
4.615227955869448806e+01
4.631100833406841843e+01
4.648312332944549752e+01
4.664047312235680920e+01
4.680559230426501927e+01
4.696497693715163280e+01
4.713751235401129946e+01
4.730560812001561999e+01
4.747927026644840254e+01
4.765296604659960877e+01
4.781330924046637421e+01
4.797432510870513056e+01
4.814810497315306037e+01
4.831418271604128734e+01
4.848390971739770805e+01
4.865301449496001140e+01
4.881406399691744014e+01
4.897195192932639429e+01
4.914751438086014446e+01
4.930521732781666344e+01
4.946826803603080691e+01
4.963949173786500069e+01
4.979956586198296264e+01
4.996833430235924567e+01
5.013113275768374422e+01
5.028937384413787015e+01
5.044716087539090665e+01
5.060895031915751474e+01
5.077021844028588760e+01
5.094209799963284269e+01
5.109243516221581416e+01
5.126433153842204149e+01
5.143955765276972869e+01
5.160931828784481468e+01
5.177241944663703777e+01
5.193165272778997377e+01
5.210654250495166906e+01
5.227139261711094065e+01
5.243834483668274515e+01
5.260662558813922374e+01
5.276834776446860076e+01
5.294010960580049385e+01
5.309787982019429364e+01
5.326320080441401217e+01
5.343696385200259158e+01
5.360581637667537791e+01
5.378023528177664758e+01
5.395041633833422878e+01
5.411503101446336217e+01
5.428243179526840123e+01
