1.259535728501687789e-02
6.182784248785195766e-03
3.008813099004778707e-03
1.356569009900605470e-03
7.326357364470341416e-04
5.664433065130959621e-04
5.051609137072247306e-04
4.823377534261762112e-04
4.733465665560700479e-04
4.699879414081321654e-04
4.684800034055346574e-04
4.670055963507490477e-04
4.663408748335800191e-04
4.660653790153799440e-04
4.656405946052662496e-04
4.653049237414509957e-04
4.651729691982081508e-04
4.649441841263810926e-04
4.647785087487663145e-04
4.646228161501692413e-04
4.639757092242577613e-04
4.636462207027502503e-04
4.633665119475096077e-04
4.631082608461094675e-04
4.629742823810939338e-04
4.628472663130969635e-04
4.626760888525484469e-04
4.624164230713236328e-04
4.622411748444943055e-04
4.620558791271414255e-04
4.619081419698621593e-04
4.617354320288801829e-04
4.616109224858857955e-04
4.614058325847169542e-04
4.611419385465106188e-04
4.607980292515759897e-04
4.605878356501573478e-04
4.603658432726982666e-04
4.602235988718309250e-04
4.599975086491363404e-04
4.598113013222575297e-04
4.596614650173268799e-04
4.594127347378844373e-04
4.592139226450508917e-04
4.589814692563582875e-04
4.587735038404957937e-04
4.585377680006854717e-04
4.584215677809889804e-04
4.581961390458393112e-04
4.580079585044737295e-04
4.577687080338955637e-04
4.575746712091763270e-04
4.572651181641424183e-04
4.569880565972040515e-04
4.568249852012409439e-04
4.564321553958943910e-04
4.562824116365918033e-04
4.560082710352600334e-04
4.558946098163948460e-04
4.556911210980552876e-04
4.555292000193846089e-04
4.552171156793424094e-04
4.550038666230815589e-04
4.548442901430163133e-04
4.545686254095097456e-04
4.542033037569811853e-04
4.539070884528962420e-04
4.536170425866145367e-04
4.532885866017453557e-04
4.527185868456458742e-04
4.523504508313439540e-04
4.521130657925310093e-04
4.517056733797205270e-04
4.507193913042454952e-04
4.500977486124503471e-04
4.497518264584661951e-04
4.493795535949143979e-04
4.491612570275518076e-04
4.485094337116564173e-04
4.479717855714974713e-04
4.477895806521349129e-04
4.475013280724032252e-04
4.469510629793761736e-04
4.463612748452764657e-04
4.460231197219316772e-04
4.457391818660349364e-04
4.453416932204560586e-04
4.450153798755336924e-04
4.446096286146771826e-04
4.443062915389091685e-04
4.439168998630518945e-04
4.433819257635646192e-04
4.429360492167207621e-04
4.425162122827518726e-04
4.419905167795718415e-04
4.414649596719164514e-04
4.411163942147858382e-04
4.407992370514411044e-04
4.401255000884995061e-04
4.394538100830227114e-04
4.388581327980767125e-04
4.383761780416199996e-04
4.378212677634805722e-04
4.374410060536261893e-04
4.370925154333343962e-04
4.366991423194720450e-04
4.363841398344483840e-04
4.360137886340949460e-04
4.353464990489754592e-04
4.347637911114546772e-04
4.341013562585549880e-04
4.337018215790731522e-04
4.333745461883220973e-04
4.326239846190006798e-04
4.319297062954676456e-04
4.308678993776015611e-04
4.300674498709781577e-04
4.292855714234771196e-04
4.286065515329281561e-04
4.280736029445909082e-04
4.277258505363570038e-04
4.274608687388471934e-04
4.269989535886105207e-04
4.263336745408237904e-04
4.256345559066908898e-04
4.247472725607641104e-04
4.235975248300801149e-04
4.229569025682553170e-04
4.221459842946944339e-04
4.212563410778893546e-04
4.204244548316759286e-04
4.193091599083264686e-04
4.186657648952640744e-04
4.181825494027630995e-04
4.171904496357019981e-04
4.165696687608604260e-04
4.159993580375092128e-04
4.145973413865301576e-04
4.139724953846111262e-04
4.131360645443814326e-04
4.123374641413472428e-04
4.114173881843461258e-04
4.109897654770486145e-04
4.103146940027737623e-04
4.088261394365437919e-04
4.073750382983916071e-04
4.065405413611538699e-04
4.058502120813326105e-04
4.049898501343170230e-04
4.044192749981959730e-04
4.035058911910604216e-04
4.029517286975655842e-04
4.021058548068782079e-04
4.016900175259107472e-04
4.011657220393152583e-04
4.004169942351643681e-04
3.991768710042059359e-04
3.985643922583123264e-04
3.972970868795612314e-04
3.966234894417610193e-04
3.958128800614565956e-04
3.945439105768404038e-04
3.933397975903572949e-04
3.920617983273970539e-04
3.916476304862703556e-04
3.903800529530385057e-04
3.884517804298434152e-04
3.867805166069606944e-04
3.860846178962666219e-04
3.847833818682900599e-04
3.832904672978379012e-04
3.822984263472653174e-04
3.808999814871603983e-04
3.803445372015305630e-04
3.789312732205006346e-04
3.775831141813072245e-04
3.761011997513389465e-04
3.752378751052136614e-04
3.726400299640351423e-04
3.716909330087677797e-04
3.702074467742022708e-04
3.692404380179555197e-04
3.689118439748848574e-04
3.681397911891582633e-04
3.662487307174067293e-04
3.656517946212525729e-04
3.649314341017622200e-04
3.635186099643684682e-04
3.625091515695983519e-04
3.613312170868262715e-04
3.605750581200420596e-04
3.589807314901982292e-04
3.581381127664471460e-04
3.571736873046670816e-04
3.551305342155189316e-04
3.539423622641064016e-04
3.524745365349271913e-04
3.498042479783704229e-04
3.483248376410019785e-04
3.476017305376678562e-04
3.475215374799276932e-04
3.473881082075122475e-04
3.469327263933418438e-04
3.455909687541840257e-04
3.453513644505745717e-04
3.441402005993324416e-04
3.421772414038413480e-04
3.418352528704236793e-04
3.411611203225724167e-04
3.390171746210068871e-04
3.358288597825600727e-04
3.335377630555695920e-04
3.322340024174025319e-04
3.294881164897353523e-04
3.285734938450217066e-04
3.287334036868443674e-04
3.277789529607005089e-04
3.282502927586472769e-04
3.260963504655894950e-04
3.244472760549947329e-04
3.229251791918100471e-04
3.218735354392558939e-04
3.196775894518869140e-04
3.182701484635265749e-04
3.171394402318514346e-04
3.151146037568728036e-04
3.128887995760147090e-04
3.120794619020057304e-04
3.096360946996350302e-04
3.093806489177995905e-04
3.083879171982511873e-04
3.073022491377592710e-04
3.061497487488999301e-04
3.050620870514472011e-04
3.038492268258573834e-04
3.021829090843733325e-04
3.009894464008711166e-04
2.996950229196153120e-04
2.982691106356267856e-04
2.963109357723945096e-04
2.963150072365321858e-04
2.956868485290083158e-04
2.951742422890399494e-04
2.935018839529344439e-04
2.931476934615302276e-04
2.922834402401684370e-04
2.906174652130614458e-04
2.886404240872198781e-04
2.885239309780801109e-04
2.858538589285646416e-04
2.860009197634750307e-04
2.868780411062403328e-04
2.851192222728025048e-04
2.839415443932884349e-04
2.817885957374527428e-04
2.812066548855339759e-04
2.792397382540977475e-04
2.817068832301809983e-04
2.802748570301923179e-04
2.836114944003809515e-04
2.875099863785814894e-04
2.848923775635749914e-04
2.846447467017547027e-04
2.866177474759319774e-04
2.859469743400163051e-04
2.881455510160167363e-04
2.904994397948693031e-04
2.933529035150802774e-04
2.934354062812670233e-04
2.986396828827231993e-04
2.997943890215755696e-04
3.047170583934478223e-04
3.047305904748422709e-04
3.075630888429858206e-04
3.113157107306664824e-04
3.165443605808234838e-04
3.239096715035128882e-04
3.311530997409411928e-04
3.379610781662324508e-04
3.464923490732442707e-04
3.557222712330427466e-04
3.682090200710103761e-04
3.813223773303282436e-04
3.911614950154978891e-04
3.993006173569523995e-04
4.145557290797986945e-04
4.255289263875542283e-04
4.392560619128219935e-04
4.535165604433560025e-04
4.654363705117837502e-04
4.752154380156407626e-04
5.009041765706618871e-04
5.156300199959130146e-04
5.456302009151725932e-04
5.581337382924152039e-04
5.814007448216442853e-04
6.086068643758694172e-04
6.311150643583860430e-04
6.501990577515310557e-04
6.849524098996960650e-04
7.099135143520009369e-04
7.381689531203580127e-04
7.840191812497083329e-04
8.284516096031223353e-04
8.759269406121190796e-04
9.155162843586102340e-04
9.616785654383129154e-04
1.032104363255760592e-03
1.081909928502049157e-03
1.171848615126831056e-03
1.251610289408474621e-03
1.343003398438882313e-03
1.444117752717963450e-03
1.561876939549373868e-03
1.671277246024440279e-03
1.822234743169911728e-03
1.971307305412897930e-03
2.165545896768678903e-03
2.305504082534844297e-03
2.576702678271326416e-03
2.969833474220589294e-03
3.402604497507863510e-03
