1.617382520450513672e+00
1.225577727188115418e+00
8.928041804769262235e-01
6.113856964179109621e-01
4.193669110452398208e-01
3.231899832578099541e-01
2.935686036010495825e-01
2.824848713287958502e-01
2.782298574230061550e-01
2.765923141391375406e-01
2.757596453051165963e-01
2.754736349119145111e-01
2.753406275201631392e-01
2.752468938061943815e-01
2.751556415143762147e-01
2.750686774717304162e-01
2.749322489915406731e-01
2.748257532840311379e-01
2.747069485708862890e-01
2.746339249044844610e-01
2.745293824007979944e-01
2.744235008204274351e-01
2.743413073929357182e-01
2.742221237552679436e-01
2.741890695270207123e-01
2.738650721127136589e-01
2.737006924874916258e-01
2.735175509706819219e-01
2.732642033951218075e-01
2.732816465251807769e-01
2.728160493808115539e-01
2.727330982830539763e-01
2.728238354774312757e-01
2.727180922173164102e-01
2.726059612308788793e-01
2.726217390636727078e-01
2.726412161863021599e-01
2.725662677659101973e-01
2.723601791220244261e-01
2.724271662283017092e-01
2.723855631060745908e-01
2.723174061155358983e-01
2.721541702430723686e-01
2.721699249428721767e-01
2.720891456712998258e-01
2.717410511209837343e-01
2.715834516487641292e-01
2.716272064927616747e-01
2.714971519517118681e-01
2.713759477545281129e-01
2.712310895881274719e-01
2.711595564372173417e-01
2.709546971137254401e-01
2.709332829834900647e-01
2.708500527691828919e-01
2.707873692779050878e-01
2.705989455406481725e-01
2.703429995085273041e-01
2.702700914073518645e-01
2.701902366474331907e-01
2.701940391477180015e-01
2.700234789556640314e-01
2.700793295365084834e-01
2.699749204610930042e-01
2.697676409865927827e-01
2.696515081082007104e-01
2.695915761299639835e-01
2.694125082107023395e-01
2.693472981963007107e-01
2.690842926921078182e-01
2.689829139342515552e-01
2.688807568624005939e-01
2.687087965206463314e-01
2.685785325278502444e-01
2.684523752830184073e-01
2.683755190258387824e-01
2.681196005217945655e-01
2.681418257201744204e-01
2.679398789023165750e-01
2.678193574788948483e-01
2.676017320035597447e-01
2.672085875847908243e-01
2.668236016098656793e-01
2.668812038143794085e-01
2.667780141574160324e-01
2.667537029774306734e-01
2.664839567908872664e-01
2.663910206480100684e-01
2.659603422846906207e-01
2.656513414494565128e-01
2.655593702157941771e-01
2.653553169406925316e-01
2.649487174811560597e-01
2.650073810924419293e-01
2.648155496959119781e-01
2.645765286796530891e-01
2.643340266004040040e-01
2.640436531980354662e-01
2.636866419580552456e-01
2.633978498213934150e-01
2.632203774456779444e-01
2.631037702013915847e-01
2.629447010916212135e-01
2.627173167717364310e-01
2.625359605856958378e-01
2.622599421342032278e-01
2.621123236867511919e-01
2.621047188136681472e-01
2.617595481375488697e-01
2.617500295312146785e-01
2.614960648718467895e-01
2.613388193457483188e-01
2.610403207454565777e-01
2.608292675019303619e-01
2.606863604946205171e-01
2.604743338204005276e-01
2.600740505031620686e-01
2.598586775167963658e-01
2.597284473061506338e-01
2.595677249723650770e-01
2.593981481452055649e-01
2.590304196420382676e-01
2.585788842983756664e-01
2.583821189778107152e-01
2.581514614501116411e-01
2.582625062444791619e-01
2.583353069973765015e-01
2.578958081360815391e-01
2.576440093697935918e-01
2.573970526553190918e-01
2.573880850026757927e-01
2.573554702041139786e-01
2.571316436999285249e-01
2.569457807351666068e-01
2.565408008078488011e-01
2.562562036101098117e-01
2.561094066872280917e-01
2.560355871484451540e-01
2.556040610358139564e-01
2.550520033739319126e-01
2.544860822573495884e-01
2.542971940547436027e-01
2.539499686894209352e-01
2.533535406593977468e-01
2.531358500630466746e-01
2.530436502464026849e-01
2.526902019704783120e-01
2.524592983287579639e-01
2.520836008679872564e-01
2.517353302982439645e-01
2.517521628547297330e-01
2.512441550318105787e-01
2.507374851218854284e-01
2.506219359636127075e-01
2.502962753149561292e-01
2.499488760826621969e-01
2.497981993393485201e-01
2.496562985110878652e-01
2.496316192563688696e-01
2.490866039164550128e-01
2.488432544418620329e-01
2.483379741118214301e-01
2.478192764828324735e-01
2.472570765663571479e-01
2.468720531364195780e-01
2.468237267499867882e-01
2.463711812776725185e-01
2.460060544887515410e-01
2.452048560255173648e-01
2.451664246514124457e-01
2.446647210182275878e-01
2.442279786000649544e-01
2.437260934252070410e-01
2.430962269510183738e-01
2.431750125090973991e-01
2.424458192572921666e-01
2.418502568495924931e-01
2.414550245069487788e-01
2.413885741306845689e-01
2.410631796946449690e-01
2.405368380128850292e-01
2.396789446950243485e-01
2.388329180773737237e-01
2.382645191852877375e-01
2.378257138669243320e-01
2.373938589350899631e-01
2.369996587212571115e-01
2.367704184319348315e-01
2.366701560523034320e-01
2.358932478913955133e-01
2.356993405093336102e-01
2.349293693516920079e-01
2.348050131213566816e-01
2.345045693610691984e-01
2.338525478563733828e-01
2.329878701030136390e-01
2.327470557566415910e-01
2.323378513808050938e-01
2.318228206573104133e-01
2.310596773335299170e-01
2.303887075973898579e-01
2.297208078858309910e-01
2.301795816671131645e-01
2.290214756955382958e-01
2.283182913904741318e-01
2.276466566790152912e-01
2.274975038802355409e-01
2.272665563226343166e-01
2.270556478585976368e-01
2.258891875620124279e-01
2.255197138730920814e-01
2.248602125774343263e-01
2.245503456216081939e-01
2.239171187403354579e-01
2.230654859173541171e-01
2.228178416622497993e-01
2.221004727102220411e-01
2.212618715514215739e-01
2.215220037504528616e-01
2.213767789048054491e-01
2.213547458930026357e-01
2.210167500554347519e-01
2.207207255369766918e-01
2.214381366516025296e-01
2.204145481927340111e-01
2.206077788406040352e-01
2.202802804111712309e-01
2.196156612007846010e-01
2.188132614805055609e-01
2.186051760620189299e-01
2.181968747984573964e-01
2.174788983188825908e-01
2.173791222528879963e-01
2.163892168350131928e-01
2.167333868524556617e-01
2.161606807162819721e-01
2.154292215625757956e-01
2.146630918639007291e-01
2.155084494302489384e-01
2.167400678454966534e-01
2.159858809783956612e-01
2.161155549177766755e-01
2.163161548438442827e-01
2.164088349741088713e-01
2.169107764421938089e-01
2.161814748926380592e-01
2.162614071249687742e-01
2.156898032765642015e-01
2.161671328356751243e-01
2.164847783941483139e-01
2.159316441671784992e-01
2.168888905161135972e-01
2.172721449030646790e-01
2.184336026570769251e-01
2.180060794536831104e-01
2.186761500026001281e-01
2.180151804275108074e-01
2.183943292668615310e-01
2.191454053585217832e-01
2.186500759448902487e-01
2.202679050769288382e-01
2.207158407338627171e-01
2.223924427260615400e-01
2.205043490693539276e-01
2.222526198214883064e-01
2.222287070711942980e-01
2.209683771261332919e-01
2.222416946667604143e-01
2.241012552823611059e-01
2.252663224894360661e-01
2.260372400309611229e-01
2.278635543834297006e-01
2.303066799526459207e-01
2.298938970229323919e-01
2.310008393836402441e-01
2.309980126228493580e-01
2.330846808199323050e-01
2.360376231960505111e-01
2.385322842497198947e-01
2.421517843801485048e-01
2.430496876907996540e-01
2.446005089405751676e-01
2.483596334720100940e-01
2.502093634356741814e-01
2.552330759542008609e-01
2.590067841545132254e-01
2.617214378044874779e-01
2.662922230633975040e-01
2.697171679745390960e-01
2.728914436184680103e-01
2.810063395242979323e-01
2.876439992703410664e-01
2.947260120030665842e-01
2.948989674159454011e-01
2.991602139823700823e-01
3.051912484278069826e-01
3.118482001688621108e-01
3.165775645883635581e-01
3.237527216676854835e-01
3.298023311892719356e-01
3.356789371524214194e-01
3.428794073705027645e-01
3.548441882812128911e-01
3.606539909009086609e-01
3.735675191618659796e-01
3.892251611443783843e-01
4.003715951822750529e-01
4.164890346531296417e-01
4.299142534921858161e-01
4.405044468480003861e-01
4.540046320285657799e-01
4.715240711341780466e-01
4.881620091879354528e-01
5.064831803295385404e-01
5.272578675571317763e-01
5.509700222407439840e-01
5.716373147052300485e-01
5.963991683495292184e-01
6.224683624537733495e-01
6.606489827509079982e-01
7.120000349194006706e-01
7.694443422159659152e-01
