1.737630475888687171e-03
1.590537896688551112e-01
3.194810678324163655e-01
4.820272702678426446e-01
6.443380366730617759e-01
8.098271894860776809e-01
9.723902087808042882e-01
1.134835510060427488e+00
1.300391930310646149e+00
1.460852842192807755e+00
1.625736588071005739e+00
1.805116466666245589e+00
1.993644716720962773e+00
2.182593388258194267e+00
2.373106027710379262e+00
2.562962809649848239e+00
2.751406975408073219e+00
2.939918408603502176e+00
3.129321135341861293e+00
3.314368295521385122e+00
3.506226283717619019e+00
3.687304665102216106e+00
3.869408874904150863e+00
4.056827212245047498e+00
4.244531436194046492e+00
4.417268655365585772e+00
4.597270757754934323e+00
4.783310112633158084e+00
4.966423333993091660e+00
5.142759361054927147e+00
5.321567466433928750e+00
5.503907112266039015e+00
5.692485812898643971e+00
5.881653103606756972e+00
6.054995729713093411e+00
6.233955186825808958e+00
6.406221533936902190e+00
6.578252445017816363e+00
6.743001656021584189e+00
6.928216984794091537e+00
7.114222705953719306e+00
7.293182163066433965e+00
7.482214918900154998e+00
7.661224826590758319e+00
7.850022146394274536e+00
8.026559975767714405e+00
8.211792121399517086e+00
8.395678918287270420e+00
8.565490003940521291e+00
8.746063879546074560e+00
8.935802943470410042e+00
9.113080714653067460e+00
9.297287031867547569e+00
9.478533581845125511e+00
9.659796948682016549e+00
9.842405664262933840e+00
1.002795733022143132e+01
1.020215761615208372e+01
1.038190746565190459e+01
1.055963929203566032e+01
1.073234287748857518e+01
1.091696961618555761e+01
1.110374891287299803e+01
1.128304470717170993e+01
1.142305631814448219e+01
1.158814186633427212e+01
1.175144482743821683e+01
1.191886791907077914e+01
1.208220451389333938e+01
1.225966727052830585e+01
1.242951198990013140e+01
1.258671043107800713e+01
1.274515331984408917e+01
1.292576082916825442e+01
1.311418817806714721e+01
1.329662872505504012e+01
1.347895155402783729e+01
1.364381848304672040e+01
1.383481881141857173e+01
1.401675485262744125e+01
1.417127941317655093e+01
1.434097278081470073e+01
1.452147938898306379e+01
1.470242323549320673e+01
1.485950395865598672e+01
1.501614744347694241e+01
1.518769066563812409e+01
1.535294438242091353e+01
1.550565272216554114e+01
1.565721751547773977e+01
1.581542496821363031e+01
1.597297656343681282e+01
1.613888613773233871e+01
1.632146121959462803e+01
1.650630657746252439e+01
1.668279395625804540e+01
1.686335101500430156e+01
1.703785400440235520e+01
1.720228369507944421e+01
1.738174765797113608e+01
1.756605487634138285e+01
1.773761491536185275e+01
1.792143444481242298e+01
1.808514101053967238e+01
1.825745780822880349e+01
1.842498180101732075e+01
1.860267999368254976e+01
1.878977881069683065e+01
1.897914790371670790e+01
1.915598843655759254e+01
1.932426918801468574e+01
1.949105323899383535e+01
1.966079705721005411e+01
1.981298407431641451e+01
1.995888158604452656e+01
2.012437073885758920e+01
2.030084130079398008e+01
2.047613468257923586e+01
2.064527309386058107e+01
2.078469611475784262e+01
2.094500567490648280e+01
2.111037710970445147e+01
2.127357916965274853e+01
2.144989837985542636e+01
2.162552809882675930e+01
2.178997460636320582e+01
2.195912983450383749e+01
2.213563403015879061e+01
2.230455382226922723e+01
2.248031807611495481e+01
2.263257236065853562e+01
2.280578045189061598e+01
2.298105701681657820e+01
2.316724772342863403e+01
2.335441380788018506e+01
2.350951014164554209e+01
2.365764429566059590e+01
2.382631183488156879e+01
2.399983944644025868e+01
2.417239168015963102e+01
2.435230969825250824e+01
2.453298447501403245e+01
2.468781173903067128e+01
2.485826186533743609e+01
2.503219308151942712e+01
2.519547922576422749e+01
2.535432571915362132e+01
2.551046469819561580e+01
2.569303978005808275e+01
2.585553553191573073e+01
2.600910153148469917e+01
2.616471918788836959e+01
2.632038729486999529e+01
2.647296109974029932e+01
2.664537879858527347e+01
2.681360909946441140e+01
2.697874509823218148e+01
2.714224986164782649e+01
2.730842850569224822e+01
2.747198371968582364e+01
2.763698518357926304e+01
2.782517709644796611e+01
2.800215216416340169e+01
2.815176620179686751e+01
2.830630757920537732e+01
2.846103394206609849e+01
2.863060959168929642e+01
2.880697925246983715e+01
2.896811283872415999e+01
2.913202120676309548e+01
2.930440527188939726e+01
2.945871121326768360e+01
2.961195769251011356e+01
2.978102883635414244e+01
2.995018406449481674e+01
3.011730445266012524e+01
3.027258577187781086e+01
3.043008691652316244e+01
3.060805417893732638e+01
3.078169950851111025e+01
3.095709379145226237e+01
3.111708383127412247e+01
3.127182701099422246e+01
3.143703027719920584e+01
3.159431280267373054e+01
3.176536833591534048e+01
3.191402381256860110e+01
3.207016279161059913e+01
3.224974447251749154e+01
3.241930330528143855e+01
3.259109878033226693e+01
3.277264803377735802e+01
3.295404593548879291e+01
3.312259575669461498e+01
3.330051256853085562e+01
3.347202215697353722e+01
3.364122783569197850e+01
3.378902565252090540e+01
3.394825893367421799e+01
3.410328800000239369e+01
3.426285761834171240e+01
3.442427709120410384e+01
3.459835965911980082e+01
3.475315328941779569e+01
3.491916376486923923e+01
3.509852682660533674e+01
3.526356192421732061e+01
3.541357956647392058e+01
3.557836241119644427e+01
3.573426595420838225e+01
3.588567939578700816e+01
3.606278899837658969e+01
3.621798623329740252e+01
3.637886756666173227e+01
3.654314590560480269e+01
3.673049697550833059e+01
3.689966902050775843e+01
3.705910410397232368e+01
3.724146056666350546e+01
3.742166447136417418e+01
3.759194642907749540e+01
3.774250221083140389e+01
3.792381602824588072e+01
3.806761143256087365e+01
3.823495043989662889e+01
3.841121919952100683e+01
3.858027352650531583e+01
3.874406417652863155e+01
3.891843263105216977e+01
3.909241429781165067e+01
3.925834068896612905e+01
3.941710309805862522e+01
3.957110633596908400e+01
3.973040688455925107e+01
3.988932064538545319e+01
4.004705722606063034e+01
4.018730427306331876e+01
4.033833092687768129e+01
4.051888798562364968e+01
4.069011168745778662e+01
4.085131254114887867e+01
4.100624070632085250e+01
4.118360256179969525e+01
4.135633978097095564e+01
4.153348301727895375e+01
4.168770487436030692e+01
4.187125533406172195e+01
4.204046101277983638e+01
4.221725109504249218e+01
4.238422013147361866e+01
4.254838075240160578e+01
4.271763688169767192e+01
4.287453261940790128e+01
4.304343559465871749e+01
4.320653675345073452e+01
4.337527156010845175e+01
4.353997032053404581e+01
4.370406367402483028e+01
4.385229872919519067e+01
4.399424427898714640e+01
4.414454780785140997e+01
4.429348917111236972e+01
4.444587799052999344e+01
4.461128305904619396e+01
4.478358303987564426e+01
4.494944216359297684e+01
4.510558114263459828e+01
4.527682166132815667e+01
4.545347720871642849e+01
4.562643304705856195e+01
4.579180448185614694e+01
4.596015250074992764e+01
4.612850051964363018e+01
4.631166419158112291e+01
4.648781523319036779e+01
4.666315906555321646e+01
4.681837311733332996e+01
4.698966408660474769e+01
4.716351121848987304e+01
4.732513249366355268e+01
4.747792491770431411e+01
4.764220325664739875e+01
4.780831463325422703e+01
4.795528842397707336e+01
4.811521119636124411e+01
4.828248293625981802e+01
4.845471564965201594e+01
4.862345045630981843e+01
4.877881585982363788e+01
4.893724193173012793e+01
4.910451367162872316e+01
4.928066471323791120e+01
4.943671960798298670e+01
4.960538714720344444e+01
4.975996215833009728e+01
4.991993538129213448e+01
5.009295848707147769e+01
5.025942301772364829e+01
5.043024311493459066e+01
5.059169622151517842e+01
5.076919261186854726e+01
5.093146974455489584e+01
5.109894328676508479e+01
5.125718437321931020e+01
5.142311076437390227e+01
5.158839811487504079e+01
5.175651069773869040e+01
5.191480223477086042e+01
5.207862651851282720e+01
5.226210971077693301e+01
5.242689255549898064e+01
5.260159734720836866e+01
5.276194054107514120e+01
5.293047354542128602e+01
5.310485881680400411e+01
5.327529212625107391e+01
5.345228401082534475e+01
5.362204464590036679e+01
5.378770196730609854e+01
5.394666617871024528e+01
5.411540098536800514e+01
5.428073329247903445e+01
