1.573136124073038281e-02
8.182523327468830404e-03
4.228036585701313091e-03
2.020440992217809300e-03
1.000726065409344567e-03
6.767417472255868706e-04
5.834936797468903182e-04
5.509706053508687347e-04
5.395908302618002313e-04
5.351880541101733998e-04
5.313986579113744516e-04
5.304109154046258382e-04
5.301838323867820489e-04
5.297689846718483045e-04
5.295035423130818814e-04
5.293101453752781802e-04
5.290881826485257936e-04
5.289671676525196670e-04
5.288286896712749091e-04
5.284721829135790227e-04
5.283293145203448978e-04
5.280286478638077877e-04
5.278157416290595429e-04
5.275621373338507548e-04
5.270749937327701053e-04
5.264451905726185094e-04
5.261981576589242924e-04
5.260034818097358107e-04
5.256542516281923145e-04
5.254833559326770867e-04
5.244508341864330186e-04
5.242346868166904844e-04
5.240223490078653240e-04
5.237130788361768225e-04
5.233676796786346144e-04
5.230748479007149175e-04
5.228468981264208781e-04
5.225182751451737080e-04
5.222763331291649987e-04
5.221402631405712208e-04
5.219457968816028099e-04
5.215608676028962243e-04
5.214214213815264540e-04
5.211844155739148556e-04
5.210216287755909314e-04
5.204669801457592875e-04
5.200476862504841086e-04
5.197206232942337082e-04
5.194287212415765005e-04
5.191256870027824086e-04
5.188897664335887124e-04
5.185684008932047676e-04
5.182918967925332883e-04
5.181093593994250384e-04
5.178765738452046578e-04
5.175915225963398716e-04
5.174084134360911521e-04
5.170332057702850016e-04
5.167405008967628855e-04
5.163807411975285776e-04
5.160069853793699569e-04
5.158467146442675174e-04
5.156874385530555490e-04
5.153588320898390288e-04
5.148930389794750210e-04
5.145294827240411931e-04
5.141902430778967680e-04
5.140243059766993507e-04
5.137592114788397824e-04
5.134028785634710398e-04
5.131324033254337259e-04
5.128458444409411633e-04
5.123348580365529731e-04
5.120609761367169756e-04
5.118411765781429165e-04
5.115241115491229833e-04
5.111862264634122128e-04
5.105649868478915167e-04
5.102720926477640091e-04
5.098060677219285602e-04
5.093913828294793691e-04
5.087830277123242539e-04
5.079438568594543332e-04
5.076201562844834779e-04
5.071767101339399574e-04
5.063675831913697339e-04
5.054125743330114932e-04
5.048813515600457163e-04
5.039595997690374989e-04
5.030209912046494647e-04
5.025901727758613508e-04
5.018886122589283740e-04
5.011821914063140570e-04
5.007456326401234789e-04
5.004344880150516685e-04
4.997395316697768016e-04
4.992833051444384683e-04
4.988461101706077178e-04
4.978484228115770448e-04
4.969873510249338960e-04
4.965098894101261815e-04
4.960933161821133369e-04
4.956355491711383811e-04
4.950516229831543628e-04
4.945086924636332574e-04
4.940315824136536820e-04
4.936856511523683537e-04
4.934506742262246420e-04
4.930320344899545310e-04
4.921731169310396585e-04
4.913370795275488279e-04
4.907951899234911384e-04
4.902047840339354831e-04
4.894353930162586219e-04
4.887560458492249370e-04
4.883119161801677093e-04
4.874861176061505950e-04
4.868337679473585828e-04
4.862164213357468177e-04
4.855888660831109496e-04
4.849246308113472435e-04
4.841783053109698499e-04
4.826976929512628617e-04
4.821662595948838560e-04
4.815157592225689960e-04
4.808897074232293400e-04
4.803247500380496983e-04
4.799192169879471252e-04
4.790478954751832856e-04
4.786437048593721543e-04
4.777696611297349008e-04
4.773491805048869297e-04
4.768004320021444948e-04
4.762918869665617181e-04
4.752582321394605903e-04
4.744332177074188405e-04
4.734048302246367831e-04
4.725265977149942210e-04
4.719583126957271370e-04
4.711562559866435849e-04
4.707589944422942391e-04
4.699205992756513199e-04
4.686087683326869936e-04
4.673049858453325435e-04
4.663659688197913707e-04
4.655430760641721165e-04
4.648185029948974497e-04
4.641721005593289306e-04
4.632200547108478042e-04
4.621069642852208966e-04
4.616005650108194881e-04
4.603757351795652927e-04
4.593396904536999796e-04
4.588195213902438179e-04
4.583086583598253595e-04
4.573317287735532261e-04
4.563931793100247606e-04
4.556155012302846885e-04
4.550922700504599528e-04
4.538362713518335231e-04
4.523002292739264395e-04
4.516937156638634846e-04
4.508450156193612841e-04
4.492877135796443581e-04
4.481507293822365443e-04
4.468692775326867398e-04
4.458815758300234975e-04
4.446350736125630134e-04
4.426706887823936851e-04
4.412623243211141180e-04
4.403246674100156754e-04
4.385047344455409932e-04
4.371617841838164992e-04
4.358247270515257753e-04
4.347310746761790272e-04
4.335930977495516922e-04
4.319065240627488933e-04
4.308189470301187888e-04
4.290596924012979991e-04
4.279513491982214822e-04
4.269710213635829967e-04
4.239926016753410489e-04
4.226558686219038675e-04
4.210565794673408664e-04
4.188327012334936935e-04
4.174129897609564423e-04
4.159789237159825632e-04
4.139140174372794661e-04
4.135213824700346204e-04
4.121624604131277503e-04
4.096890665236118962e-04
4.090407873644186731e-04
4.085807142110359290e-04
4.074669326256708554e-04
4.051918302603963536e-04
4.039665784690386354e-04
4.028901167897296206e-04
4.007840435333424618e-04
3.998382969082364029e-04
3.986131094198196406e-04
3.974957937035905240e-04
3.962971211102004178e-04
3.954277252036162414e-04
3.923884717562061190e-04
3.905479163542981461e-04
3.890588288441812915e-04
3.875573729443157998e-04
3.851804282833478006e-04
3.836341194457613805e-04
3.819229728741645093e-04
3.802976193590627699e-04
3.780199389812085426e-04
3.768267312903791910e-04
3.752567220606020377e-04
3.733784004764923023e-04
3.723738813200485774e-04
3.710708659820266845e-04
3.681354685317028133e-04
3.681122563064173625e-04
3.669162212555778326e-04
3.665456647654535350e-04
3.644662818703515257e-04
3.631882387966167778e-04
3.625447170740908240e-04
3.603680780333187554e-04
3.602877704030827332e-04
3.595208070539062349e-04
3.582648588549139563e-04
3.569601297592249283e-04
3.547744138186654530e-04
3.541086588885279446e-04
3.517738460845133718e-04
3.506326148942562533e-04
3.500371644721291496e-04
3.481984922989868163e-04
3.460217031951484451e-04
3.425685835147176278e-04
3.373731764947950941e-04
3.379529196484951396e-04
3.380168504542025690e-04
3.350021675974350507e-04
3.333948050052902242e-04
3.336831553905616208e-04
3.332618999022715764e-04
3.336149668199764350e-04
3.308828212557907568e-04
3.303225813269623974e-04
3.293149766366841071e-04
3.287366130607323250e-04
3.284858454834263769e-04
3.282309544934595784e-04
3.294754064749630352e-04
3.304917637941669423e-04
3.296337307310808623e-04
3.276392148287363549e-04
3.277915153092014170e-04
3.246540050317576294e-04
3.242751130093591487e-04
3.227287095431957274e-04
3.208836082061894564e-04
3.201304040146554569e-04
3.212313350924108518e-04
3.248440388990586386e-04
3.251393665624744984e-04
3.264264318214127152e-04
3.291981944559169192e-04
3.243696579465079016e-04
3.263938806099169810e-04
3.290101569898154846e-04
3.327969358841675299e-04
3.311473804384556466e-04
3.327599743457523721e-04
3.389003858195321905e-04
3.386405223447817099e-04
3.432710880374819002e-04
3.428120988004087284e-04
3.457629251115698697e-04
3.534034910185804138e-04
3.579354098430530305e-04
3.656075194876151407e-04
3.688879875031906360e-04
3.722181008742440770e-04
3.815204804218759937e-04
3.874354854202322149e-04
3.974545694353705944e-04
4.072917070271516696e-04
4.154145417264372181e-04
4.262934886267627553e-04
4.380617819827299858e-04
4.525363517427477404e-04
4.784994641452432499e-04
4.957598938680849322e-04
5.139492126014340518e-04
5.236143591983294376e-04
5.390105824063250216e-04
5.589175111536950295e-04
5.905723975504203549e-04
6.068213230223491132e-04
6.384468353563414788e-04
6.685742233026022250e-04
6.933815407307940921e-04
7.198320910371941699e-04
7.733979978460433103e-04
7.924590243537278254e-04
8.484211244293629996e-04
9.121473705551977253e-04
9.674410355681169020e-04
1.061096322200157484e-03
1.129069420353610983e-03
1.176944650847616333e-03
1.262080999362021365e-03
1.349533322809071340e-03
1.448259799275781112e-03
1.570447009359086194e-03
1.704802635779093705e-03
1.848891173794073826e-03
1.983058293489237903e-03
2.147417559511484008e-03
2.337708586494059455e-03
2.630298942898449087e-03
3.048476478629536229e-03
3.505564675585666045e-03
