1.757587768437311793e+00
1.405360655914949852e+00
1.073258002324985583e+00
7.872535180306368119e-01
5.605805477072207665e-01
4.097610502008817712e-01
3.327661081600107318e-01
3.046263343668521029e-01
2.934941348424930374e-01
2.853435414100897183e-01
2.796261857032917297e-01
2.739390723271470929e-01
2.699264251239342771e-01
2.668393691660170264e-01
2.645599812004886808e-01
2.629634891994852008e-01
2.621213786823319292e-01
2.616735193416976357e-01
2.615546744438520532e-01
2.615629288455115775e-01
2.615339047586194843e-01
2.615425970331090033e-01
2.615588311191227033e-01
2.615739314675566973e-01
2.615608391880466232e-01
2.615718659435733451e-01
2.615515751354153817e-01
2.615763790978624659e-01
2.615669826766692241e-01
2.615481768137267737e-01
2.615456261945030003e-01
2.615251227746354656e-01
2.615291993717634433e-01
2.615264940851990683e-01
2.615126018177694744e-01
2.615043126106873506e-01
2.615235854907965729e-01
2.615322440899534029e-01
2.615133518295674753e-01
2.614924763397992180e-01
2.614774313947813567e-01
2.614596696246216379e-01
2.614588322045062752e-01
2.614453069146946973e-01
2.614299807272165155e-01
2.613999774674831689e-01
2.614078291010056287e-01
2.613958196932946176e-01
2.613911313332698549e-01
2.613851671228394347e-01
2.613874766626312351e-01
2.613736602452843005e-01
2.613685249141119993e-01
2.613437316197086413e-01
2.613523106539578644e-01
2.613296562479586194e-01
2.612852319199123197e-01
2.612687562045922784e-01
2.612647185066425681e-01
2.612488604734042874e-01
2.612945681252726304e-01
2.612721865676772004e-01
2.612189903813813552e-01
2.612198024508066707e-01
2.612308866384721595e-01
2.611695617535765845e-01
2.611710749692672251e-01
2.611659467263817147e-01
2.611330183238475544e-01
2.611360908587661012e-01
2.611220706463948105e-01
2.611381103291322558e-01
2.611523226254619523e-01
2.611343564949302198e-01
2.610642487507326415e-01
2.610678223085439176e-01
2.610795784224505534e-01
2.610478593106833056e-01
2.610167889625084614e-01
2.610137809562499966e-01
2.609844866746880432e-01
2.610065188453669083e-01
2.610040686366447704e-01
2.609760159778441446e-01
2.609673167842219144e-01
2.609513722291551541e-01
2.609394373033122605e-01
2.609485850946716146e-01
2.609117115401499154e-01
2.609151290126872080e-01
2.608594432751077385e-01
2.608408596493425047e-01
2.608491195056846790e-01
2.608176909311786251e-01
2.608360660519811192e-01
2.608116712577638330e-01
2.607860086419956369e-01
2.607677255371295688e-01
2.607251523796820236e-01
2.607468265509201300e-01
2.606837338302298579e-01
2.606827334925367334e-01
2.606699126889532314e-01
2.606805501371258216e-01
2.606312751032666686e-01
2.606020224919746719e-01
2.606211352133864234e-01
2.606178854642308695e-01
2.605940386183221991e-01
2.606100918475496853e-01
2.605790112736453001e-01
2.605424431584916212e-01
2.605397126591272872e-01
2.605362975787485214e-01
2.605347522157076545e-01
2.605327134983900228e-01
2.604955135260990651e-01
2.604548880642335029e-01
2.604786622558141751e-01
2.604450450959879815e-01
2.604247945072830639e-01
2.604499691047449939e-01
2.604578052461857252e-01
2.604395250622458247e-01
2.604215695893372096e-01
2.603714234327345611e-01
2.603389746215177269e-01
2.603525305424950198e-01
2.603182816873028105e-01
2.602714101682865877e-01
2.602876555123906366e-01
2.603042328596665289e-01
2.602675959985326082e-01
2.602086821829979191e-01
2.602242445276606864e-01
2.602298739624149815e-01
2.600942906133071331e-01
2.600855299353694305e-01
2.600079253557199266e-01
2.599885476231967307e-01
2.599382745216304857e-01
2.599567438792442786e-01
2.599183220334678190e-01
2.598872071748668522e-01
2.598496395518345436e-01
2.598337024268233542e-01
2.597639652881507111e-01
2.597992620992035095e-01
2.598324220511928351e-01
2.598056413698652256e-01
2.597378478445300232e-01
2.596673064855128943e-01
2.596490501974810794e-01
2.595962424394215873e-01
2.595388324051295936e-01
2.595379210936699654e-01
2.595196138132720431e-01
2.595211032506621329e-01
2.593640149670925488e-01
2.593392803901117816e-01
2.593076232859627406e-01
2.593469200030390498e-01
2.592999671488745994e-01
2.592031506697631271e-01
2.591252493519876077e-01
2.590560210330896118e-01
2.590856243225880262e-01
2.590849086431643578e-01
2.590989781825975280e-01
2.590376886658847244e-01
2.589560608823751608e-01
2.589573193633665227e-01
2.588761735533564590e-01
2.589575413366416168e-01
2.589298735052952827e-01
2.589180539129531389e-01
2.589177533196161396e-01
2.588229100275488692e-01
2.588521699879846594e-01
2.587455433978801955e-01
2.586918315104377863e-01
2.586627133003626677e-01
2.584752077464746445e-01
2.585079727894054602e-01
2.583722285975588728e-01
2.584121831974812156e-01
2.584159537538411322e-01
2.583391700390554879e-01
2.583308686428005263e-01
2.581810812539325761e-01
2.581754233312469893e-01
2.581793871442238375e-01
2.581718668842049591e-01
2.581330970564021388e-01
2.580114880540352318e-01
2.580004237313578974e-01
2.579854163219956753e-01
2.578375011516831350e-01
2.577159256749317895e-01
2.576232708861673215e-01
2.576042126757514539e-01
2.575449552817609122e-01
2.575406172497716750e-01
2.575051629544453657e-01
2.573853854942753094e-01
2.573542687595639644e-01
2.573106823720456848e-01
2.572869962318971027e-01
2.573073350768325662e-01
2.572989783578588652e-01
2.572558709974277491e-01
2.571503314365639614e-01
2.570702612684432342e-01
2.570732454373053644e-01
2.569896821078305194e-01
2.569841759524884583e-01
2.568299242378090930e-01
2.567616253405656801e-01
2.567746154112116042e-01
2.566915711090853591e-01
2.566293927830761157e-01
2.564812492772778341e-01
2.564468103964616108e-01
2.563775615849192002e-01
2.563944099998516912e-01
2.563381404482061865e-01
2.562131143229338659e-01
2.559357829030454168e-01
2.559236684550724172e-01
2.559203369919658688e-01
2.557918402015079695e-01
2.557303185242717491e-01
2.557533930078223494e-01
2.556133720166012258e-01
2.554750756628574315e-01
2.554550552186937162e-01
2.554336541894212109e-01
2.553576974382681941e-01
2.552459841994465517e-01
2.550643739508808294e-01
2.550937055095635619e-01
2.548925108515564530e-01
2.548164377591354279e-01
2.546209965347952520e-01
2.545469175588299104e-01
2.544476420252014814e-01
2.543841621364550942e-01
2.541981097038463755e-01
2.540806665762330163e-01
2.540831619678871611e-01
2.535482163728838834e-01
2.535081560421634794e-01
2.534891983680996330e-01
2.534126952998257409e-01
2.533173577158557288e-01
2.531262534090656380e-01
2.529942755356943129e-01
2.530683142375191319e-01
2.529537917891938048e-01
2.529422132974185056e-01
2.528669421024670738e-01
2.527125187993259359e-01
2.525975935784535720e-01
2.526681069798325519e-01
2.524249047250137212e-01
2.522281887191493710e-01
2.521122514426952232e-01
2.520068566802138865e-01
2.518223928668096301e-01
2.517210551991975742e-01
2.515747751816849731e-01
2.514207540829072052e-01
2.513358035358828069e-01
2.513874173598168449e-01
2.511660464169661600e-01
2.511361830381172999e-01
2.509930066688744743e-01
2.508348491903720778e-01
2.505620907957116783e-01
2.505499679851637129e-01
2.504864595694679674e-01
2.505293865331526537e-01
2.502880827103965422e-01
2.502566864327814278e-01
2.501579565947392725e-01
2.499735376947809229e-01
2.500001284742836005e-01
2.497208759008121559e-01
2.497035147902705865e-01
2.494916143281545318e-01
2.493840141567086055e-01
2.491069934266693375e-01
2.489355475313417276e-01
2.486591091781812923e-01
2.487126139428428861e-01
2.485566523051710996e-01
2.482981395287247872e-01
2.481448892766840442e-01
2.481876892745356333e-01
2.481425041894808892e-01
2.479194373652966743e-01
2.477564048042779909e-01
2.476475687282780613e-01
2.476294783304266722e-01
2.473260353453962945e-01
2.474031936826701361e-01
2.472658489788457092e-01
2.469748458530375557e-01
2.466023322866168765e-01
2.463796924670624833e-01
2.464781963705285073e-01
2.463390502298637985e-01
2.460919073318708072e-01
2.459850249621724216e-01
2.456908400353636224e-01
2.456940273991321255e-01
2.457007857522693905e-01
2.454738011108638096e-01
2.451910747296369986e-01
2.449182878700818522e-01
2.446195812592274477e-01
2.442448541379760585e-01
2.443772984464568088e-01
2.443673563217676759e-01
2.440562746368086511e-01
2.434910502152259626e-01
2.437067585353424048e-01
2.436104054275975705e-01
2.432825713578185001e-01
2.430737800031484985e-01
2.428585946477356816e-01
2.423946487098150304e-01
2.420780824528776798e-01
2.418731172560367737e-01
2.417034209657641097e-01
2.416420014078957956e-01
2.414478587960173228e-01
2.409829147748125400e-01
2.408366694641057293e-01
2.406165625218733561e-01
2.406467437217867655e-01
2.403423032042035778e-01
2.402060035984853459e-01
2.397084499522859902e-01
2.395261890069792510e-01
2.392401180031181185e-01
2.389125157540161193e-01
2.388644787182603035e-01
2.385743461475560989e-01
2.383708138593775006e-01
2.378697444355188373e-01
2.379983973876690917e-01
2.375665713420050951e-01
2.375345283846779232e-01
2.371900097629629778e-01
2.371190628451825544e-01
2.366451973391223429e-01
2.365874639622875530e-01
2.361524985170548874e-01
2.360858320504104491e-01
2.354778334457298394e-01
2.352541907639764118e-01
2.351553187545979140e-01
2.344802948060440984e-01
2.341664985489360917e-01
2.336941096168116128e-01
2.334105955423358136e-01
2.333622145483824628e-01
2.329746068050793650e-01
2.325177424216364475e-01
2.323600237262223867e-01
2.318970505245560865e-01
2.315474349994538217e-01
2.312499287105567181e-01
2.307037733107074051e-01
2.301783702234588003e-01
2.302099897172787957e-01
2.300112020793958212e-01
2.295356944979431157e-01
2.293230726623724514e-01
2.296742232641172388e-01
2.289839077661626754e-01
2.287182357281173084e-01
2.280128131587194906e-01
2.280418030849972466e-01
2.274687984815968178e-01
2.273722752959678461e-01
2.268909171894649690e-01
2.268753654302523293e-01
2.266775478121133003e-01
2.267110139075051989e-01
2.261363350332336875e-01
2.253751306843964353e-01
2.250291120790438859e-01
2.241698865562619658e-01
2.240672310475199103e-01
2.238799133050424495e-01
2.237322812914014636e-01
2.235462604630646666e-01
2.226915298419744338e-01
2.219359397912794296e-01
2.215989311234945192e-01
2.211716977100018633e-01
2.205066179942253846e-01
2.197815004037715347e-01
2.201000323119653157e-01
2.193447905762502537e-01
2.189921151695833068e-01
2.178106445640888844e-01
2.168661880068039893e-01
2.167703894114561547e-01
2.161928998924328438e-01
2.163286917979751200e-01
2.154461357569306401e-01
2.154612833964492380e-01
2.150260711618528775e-01
2.147544023550093939e-01
2.136083313125727856e-01
2.130151692636618743e-01
2.124471463668732019e-01
2.118849111211479619e-01
2.118709348175335239e-01
2.116956654871447463e-01
2.115379806549538277e-01
2.117654103379818242e-01
2.116601298655334251e-01
2.106153790329396980e-01
2.099624152126579046e-01
2.089301298705773524e-01
2.089030644986540619e-01
2.086443395300479342e-01
2.078968746060610995e-01
2.087509633277806198e-01
2.085182897726035323e-01
2.077062382837173427e-01
2.076160013464141141e-01
2.075486068018454477e-01
2.074614209992020342e-01
2.069321987976500687e-01
2.066199174289467810e-01
2.050428009743981705e-01
2.053133531532161660e-01
2.059394133610114586e-01
2.057839491696284440e-01
2.059882462740537101e-01
2.053667282190931864e-01
2.047804010963624743e-01
2.046939695862035336e-01
2.046377245409472245e-01
2.045265740187907633e-01
2.037511796921805673e-01
2.042370046720904386e-01
2.052840572084000392e-01
2.064536783681483467e-01
2.055349211131602682e-01
2.048265672888737732e-01
2.045508365605928358e-01
2.045123826947423673e-01
2.052683390370808325e-01
2.047369717730077865e-01
2.057253216344601399e-01
2.057862361085821268e-01
2.058284098674474649e-01
2.072887427653217207e-01
2.074668179363003406e-01
2.069369249780712294e-01
2.070179263181242124e-01
2.073715734444038783e-01
2.084192099757499472e-01
2.095378382305214948e-01
2.111647099601724475e-01
2.130670894368787982e-01
2.137558226248937043e-01
2.159239085833598859e-01
2.166597656277672035e-01
2.174819522267665561e-01
2.211657654521036465e-01
2.226289837383269299e-01
2.225041117309967398e-01
2.270191373404595869e-01
2.289717050798789622e-01
2.327559554051300272e-01
2.343409742388953554e-01
2.357352690712043730e-01
2.379564677049267607e-01
2.409537960577873006e-01
2.428564536163643761e-01
2.432518426428137981e-01
2.453146764007530789e-01
2.494146685971569410e-01
2.528953078658096043e-01
2.554337829901683898e-01
2.583345963231032938e-01
2.596837986334225024e-01
2.637996947575984574e-01
2.683482737728598022e-01
2.709175613066874821e-01
2.767133127717712471e-01
2.842286039073399495e-01
2.915036197391800976e-01
2.948463909518553305e-01
2.993174304366713057e-01
3.056070791696859357e-01
3.134392972694843849e-01
3.255047649658836528e-01
3.365355613992101480e-01
3.379891383672516403e-01
3.479329746172746818e-01
3.614528015634812519e-01
3.689137342067811409e-01
3.730825554373455311e-01
3.821751355057434463e-01
3.970049128931507632e-01
4.120886326073728845e-01
4.238371113166667370e-01
4.373221843628720129e-01
4.495630824989149676e-01
4.646607612022347067e-01
4.822204178535375307e-01
5.043461743138215603e-01
5.176080418433504082e-01
5.363124291557224144e-01
5.538726618950166047e-01
5.755403170812423141e-01
6.085670342379508879e-01
6.351607190519695800e-01
6.771531109428663431e-01
7.216077030815444271e-01
7.854214333844400375e-01
