1.491927471470239682e-03
1.602527614158135438e-01
3.208086700513353429e-01
4.821605080310590874e-01
6.472549073952214016e-01
8.114687040806918272e-01
9.771727514531788339e-01
1.142639713489094655e+00
1.309139690205781470e+00
1.475300973584509512e+00
1.639616378271367303e+00
1.806946153666051380e+00
1.971938945028826051e+00
2.138726811082778845e+00
2.306107390478161268e+00
2.472336412524482441e+00
2.639073474577740441e+00
2.809231339344379741e+00
3.000320452396832760e+00
3.196219010848293962e+00
3.390457971943759752e+00
3.588049997085015708e+00
3.784033228870963494e+00
3.981032540670788489e+00
4.178776977814117721e+00
4.372948200241988381e+00
4.571082134723974733e+00
4.770045867883959012e+00
4.966486335676155939e+00
5.166466148850014761e+00
5.364871038002370085e+00
5.561734872467019031e+00
5.755008557549301074e+00
5.951127266670434679e+00
6.143926781079576571e+00
6.338978606186137732e+00
6.535452943312129115e+00
6.735483560486680510e+00
6.934870660319105262e+00
7.132801378798315994e+00
7.330884509279596450e+00
7.521397843657520177e+00
7.715924694090255720e+00
7.908317776493845486e+00
8.095410308158388801e+00
8.291122585273978274e+00
8.484650290359727620e+00
8.680328698141520860e+00
8.873822533893475750e+00
9.066012400294281903e+00
9.260725532062904719e+00
9.455235447828735929e+00
9.648780087581386056e+00
9.843154526012042993e+00
1.003431137773209691e+01
1.022860114282826238e+01
1.041765809585298364e+01
1.060022907145578586e+01
1.079243587252350167e+01
1.099436317239064209e+01
1.119554534691425474e+01
1.138907305200000586e+01
1.158519176112116078e+01
1.177875333554070458e+01
1.196589667120595735e+01
1.215366658954642176e+01
1.234253726123524686e+01
1.251897788742100737e+01
1.270872916178851142e+01
1.288994536403949098e+01
1.308591166115855664e+01
1.327241147948168276e+01
1.345689607244396413e+01
1.365382764557620554e+01
1.384772791333370279e+01
1.403837672504682743e+01
1.423098995812008027e+01
1.442348464852504897e+01
1.460988285884677929e+01
1.480241141858556908e+01
1.498941927691561737e+01
1.517908587794865660e+01
1.537371433638278084e+01
1.556339787208271019e+01
1.573555402754330146e+01
1.593067359131745775e+01
1.612677536577168524e+01
1.630916006003861440e+01
1.648795460492318199e+01
1.666466618577929637e+01
1.684867660806843404e+01
1.703556592373020351e+01
1.722670584078335310e+01
1.741146138841597590e+01
1.760031512543789489e+01
1.778603594908370411e+01
1.796124034458593144e+01
1.814084775348156242e+01
1.832807576248132619e+01
1.852595567695981416e+01
1.871343770596297063e+01
1.887936190400512260e+01
1.906899463570431763e+01
1.925171802330914872e+01
1.943222296955040562e+01
1.961464153315109016e+01
1.979941401545058355e+01
1.998515177376328111e+01
2.017192254675675755e+01
2.036047145977445183e+01
2.055814815825023345e+01
2.074097315385643370e+01
2.091394217332812744e+01
2.110711425040896572e+01
2.128040502855174410e+01
2.146509283751671759e+01
2.165204989184611861e+01
2.184429056224757559e+01
2.203671751398495005e+01
2.220819628276958113e+01
2.237412048081174021e+01
2.255230537768797561e+01
2.272993143055659360e+01
2.290945416611772956e+01
2.310096664584263948e+01
2.329175093489091353e+01
2.347674356786012950e+01
2.367074544361895860e+01
2.386718591141112711e+01
2.404286447758649459e+01
2.421859384776253066e+01
2.439637231263319705e+01
2.457095012546019319e+01
2.476066753049392943e+01
2.494889468484056394e+01
2.513840887387152989e+01
2.532147095481435528e+01
2.551091740517768969e+01
2.568571536867437288e+01
2.587560212037700325e+01
2.604721636649684768e+01
2.623546045551047357e+01
2.641562670841375393e+01
2.660300712941555190e+01
2.678093800628832000e+01
2.697236581267872424e+01
2.714955156420796456e+01
2.733657635720486923e+01
2.750394000193333710e+01
2.768173540147094158e+01
2.785116507556097432e+01
2.804540403665639658e+01
2.822560415889350338e+01
2.840343342776486324e+01
2.859706274085195687e+01
2.877900713377958652e+01
2.895753072399379846e+01
2.912895868877775030e+01
2.929107258676787495e+01
2.946835994629853772e+01
2.964811976719628817e+01
2.980911597717114958e+01
2.997944318860676560e+01
3.016733164961554792e+01
3.034218041711288905e+01
3.053098335013411102e+01
3.070852472966820912e+01
3.087803907709272977e+01
3.105668120997517434e+01
3.122624636140040266e+01
3.139579457815865737e+01
3.158232826581558683e+01
3.177758330692492095e+01
3.195632704780877020e+01
3.213227656865446846e+01
3.231870864831000745e+01
3.248873103574145915e+01
3.264859262303414766e+01
3.280559225162110693e+01
3.298548754985403519e+01
3.317093741882953140e+01
3.335294955042463272e+01
3.353216746198165055e+01
3.372200340968369403e+01
3.391505694409624283e+01
3.409723842236038394e+01
3.428612602871609738e+01
3.446764705497117376e+01
3.465197923593137830e+01
3.482300076870979666e+01
3.500958526036740892e+01
3.518001407980440121e+01
3.534637857918591664e+01
3.549724785835579866e+01
3.566276562439239228e+01
3.582179741300711129e+01
3.597557945488345155e+01
3.613327340481329486e+01
3.630612388161665649e+01
3.649284385060943947e+01
3.667944527693406087e+01
3.686264283521208540e+01
3.703271602664427320e+01
3.719872489802099125e+01
3.737409864019218020e+01
3.756466277857084890e+01
3.774867320085999722e+01
3.790645182412420411e+01
3.804599181113936623e+01
3.819657320097208242e+01
3.837545241919121963e+01
3.856044505216034679e+01
3.875200833588596083e+01
3.892958358475395642e+01
3.911494878039485457e+01
3.930171955338838075e+01
3.946996380079563238e+01
3.963632830017710518e+01
3.979663018880916781e+01
3.997173297630995847e+01
4.014846149183308199e+01
4.032678186604447745e+01
4.049162224540523880e+01
4.066001890481450687e+01
4.083034611625009802e+01
4.101454281987501815e+01
4.118365073529400888e+01
4.136623864556379004e+01
4.153595620899100282e+01
4.170147397502763198e+01
4.187488329583865010e+01
4.204866517932145342e+01
4.222241319347046584e+01
4.239754985030500478e+01
4.255646309625146984e+01
4.271898342624716349e+01
4.287782893352597569e+01
4.305200031434749519e+01
4.323191254724731181e+01
4.340191800001184674e+01
4.355979823127751871e+01
4.374496021091572118e+01
4.393171404924235901e+01
4.409574156459189709e+01
4.426669535870272654e+01
4.443803865015219401e+01
4.459918727212924239e+01
4.474250368986272264e+01
4.490978266125663509e+01
4.509753564493019695e+01
4.527319727643869385e+01
4.545163619331848537e+01
4.561789908469852151e+01
4.579279865619658096e+01
4.595613185020342684e+01
4.611921102420671303e+01
4.626908115802966392e+01
4.641343059044387331e+01
4.657224222838894434e+01
4.675266250129562451e+01
4.692536056609697681e+01
4.711180958041941835e+01
4.729656512805211577e+01
4.747263319156613193e+01
4.763003925215863177e+01
4.779198380347988717e+01
4.793924599860050506e+01
4.812389993823185108e+01
4.831178839924056945e+01
4.849122646146723525e+01
4.867283216105683863e+01
4.886158429007738135e+01
4.904186908564901159e+01
4.919328027415969018e+01
4.937297235638981618e+01
4.951789756747850646e+01
4.965872458917802135e+01
4.982048285916329178e+01
4.999463730531785899e+01
5.015451582727740742e+01
5.030861962782496732e+01
5.045960744966305356e+01
5.062754687306603074e+01
5.080593498594517854e+01
5.098581334951115451e+01
5.115651312361859482e+01
5.134318228861059907e+01
5.152265422017109131e+01
5.168280369680108066e+01
5.182307187449292485e+01
5.199700616997777303e+01
5.217385322816919313e+01
5.233169959010105998e+01
5.250106152552349670e+01
5.264857774064754636e+01
5.279963330115338493e+01
5.297399096331061230e+01
5.315236214152282201e+01
5.332158859961006669e+01
5.348983284701737517e+01
5.365016860498316476e+01
5.382791320052000827e+01
5.401315985349265958e+01
5.419200520237803431e+01
5.434844598695730156e+01
5.448769808463522679e+01
5.464159866917986363e+01
5.480716723921716493e+01
5.498323530273118820e+01
5.516060733559633178e+01
5.534094293516869101e+01
5.551746823468896253e+01
5.568721966745011542e+01
5.584565874272336572e+01
5.600579128468626777e+01
5.619137663099692048e+01
5.634747872223830001e+01
5.651020226823681725e+01
5.667758284763225873e+01
5.683099232683682800e+01
5.697581592992425215e+01
5.714900510006560097e+01
5.731196573140066874e+01
5.748310580684733395e+01
5.764792925154115721e+01
5.781978058299757350e+01
5.800650055199040622e+01
5.815852138850934239e+01
5.833023724263058085e+01
5.847958240177963773e+01
5.864902901053653750e+01
5.882413179803752001e+01
5.900817608966032424e+01
5.919215264261569587e+01
5.936183633670907511e+01
5.951514420791237825e+01
5.967503966453885766e+01
5.984269119860469743e+01
6.001454253006104977e+01
6.017049220930036313e+01
6.033404555397685698e+01
6.048620186783102781e+01
6.066049179132075153e+01
6.081722046523736225e+01
6.096483828836281305e+01
6.113795971983660849e+01
6.129001442568934266e+01
6.142608280599041848e+01
6.158565650394580615e+01
6.173952321915671604e+01
6.191433811732034087e+01
6.207892447667757096e+01
6.224247782135398666e+01
6.241797010619345087e+01
6.257910179350351143e+01
6.273796423544924750e+01
6.291313476161761997e+01
6.309121805049263543e+01
6.326926747003378892e+01
6.343978096280532242e+01
6.362358816909163295e+01
6.380475356734176273e+01
6.398217640420766372e+01
6.414376532752405069e+01
6.429658209338727204e+01
6.445600337934058643e+01
6.461317235459661390e+01
6.475022294557786040e+01
6.490495332880048807e+01
6.505675401464974072e+01
6.521351655790007840e+01
6.538394537733714174e+01
6.556384067557002027e+01
6.573200024964268096e+01
6.589104897292425278e+01
6.606694768976936416e+01
6.624213515060473867e+01
6.638436774965671816e+01
6.656085917984323430e+01
6.671670725108108968e+01
6.689487521329063213e+01
6.707304317549994721e+01
6.723671506284472343e+01
6.739371469143169691e+01
6.757703079237798249e+01
6.774632498913280187e+01
6.789946351366702970e+01
6.806909640375984338e+01
6.824098160455010031e+01
6.838446736895261324e+01
6.855205116435081436e+01
6.872486777182049877e+01
6.888950493517836549e+01
6.904520059441421154e+01
6.920660323639461353e+01
6.937003803840276817e+01
6.953987414449839832e+01
6.969861804377588044e+01
6.986970731522185929e+01
7.004355693737230126e+01
7.020816023139653339e+01
7.038092603486529697e+01
7.056116002643626928e+01
7.073970055131739798e+01
7.090987535075090875e+01
7.108357256089928455e+01
7.124804037758812569e+01
7.139377845268802503e+01
7.155392792931783674e+01
7.170693097651685832e+01
7.185930744104055634e+01
7.203830520192796882e+01
7.218705764773577016e+01
7.233923089625683644e+01
7.249992228222751578e+01
7.264347578529752525e+01
7.279974722320773139e+01
7.295134469305446601e+01
7.311257798836598454e+01
7.328822268520760019e+01
7.346202150335739134e+01
7.361365284253773211e+01
7.378704522868193294e+01
7.396396002554068616e+01
7.414045145572725914e+01
7.430474992574721682e+01
7.446837100909124274e+01
7.462858822438910522e+01
7.480328457988454716e+01
7.495649084308618626e+01
7.512509071849838449e+01
7.529020205252940912e+01
7.547385684681360374e+01
7.564247365689270453e+01
7.581171704964684466e+01
7.596876748223458264e+01
7.612988223487759853e+01
7.627826211801371414e+01
7.644085018667716724e+01
7.660521639536450778e+01
7.677305421076628988e+01
7.694629418490838191e+01
7.712358154443903402e+01
7.728638976377172298e+01
7.746962119138386527e+01
7.764916086161196063e+01
7.782621113580597694e+01
7.799240628851872259e+01
7.815272511181757409e+01
7.832376357926305843e+01
7.847603843578541216e+01
7.864358836184973711e+01
7.880802230920484419e+01
7.898314203137280742e+01
7.915150482144834143e+01
7.932279730889719360e+01
7.948599502556874086e+01
7.964047138878780174e+01
7.978180645049410202e+01
7.992952588162125949e+01
8.008948907691542729e+01
8.025736076165115662e+01
8.042455505971049945e+01
8.058760036438006580e+01
8.077294862535401876e+01
8.094996503021440049e+01
8.112345902435994560e+01
8.127724106623654166e+01
8.142191225732169357e+01
8.159366198077675847e+01
8.175807899346507668e+01
8.191766962608755875e+01
8.208359382412967875e+01
8.225422585956923172e+01
8.240463790273294364e+01
8.255335647920698250e+01
8.271110123313759743e+01
8.288232598191869727e+01
8.305209434934694457e+01
8.322064342075842092e+01
8.336196154779771916e+01
8.353140815655461893e+01
8.370715446139760729e+01
8.387472132212883480e+01
8.403974798282550296e+01
8.420611248220693312e+01
8.436289196012434388e+01
8.453308369422474300e+01
8.469619673756187694e+01
8.485231576347013061e+01
8.502941684166475511e+01
8.518480767689648303e+01
8.534355157617409304e+01
8.551818019300188212e+01
8.570024312859776217e+01
8.587580315210499293e+01
8.604885684491128472e+01
8.621039496422675086e+01
8.636983318484703886e+01
8.653255673084547084e+01
8.669456902083437910e+01
8.685300809610781414e+01
8.701305596473643789e+01
8.717703267608541751e+01
8.734798647019614748e+01
8.751341956289849122e+01
8.768418707567350623e+01
8.785375222709876653e+01
8.802844858259409477e+01
8.819621865932813876e+01
8.837238833084363421e+01
8.853678840886507828e+01
8.869844507084907548e+01
8.886313303820745091e+01
8.903027653226642713e+01
8.919167917424690017e+01
8.935784045762575545e+01
8.952811686506082367e+01
8.969270322441781218e+01
8.986160792383414275e+01
9.003613493266054491e+01
9.019740209730584013e+01
9.036457946069835145e+01
9.052992788006626768e+01
9.069783343413566001e+01
9.086006587479393204e+01
9.103149383957799046e+01
9.118762980015297615e+01
9.135722714412762002e+01
