1.865094092700056438e-02
1.052389548963154030e-02
6.030165725574580977e-03
3.291585351751190325e-03
1.719741231534319603e-03
9.602654876524353280e-04
6.812278966555444792e-04
5.886769710718190926e-04
5.548887987955413402e-04
5.337592332200741902e-04
5.173231391985960975e-04
5.037959612797991661e-04
4.937071818276750085e-04
4.859921660636020292e-04
4.803957850848678815e-04
4.764989198912269975e-04
4.744131880671917834e-04
4.734629883293072438e-04
4.732569203522026219e-04
4.732159051203678446e-04
4.731854827055348217e-04
4.731810980579704705e-04
4.731593983996750267e-04
4.731551109943220833e-04
4.731520950146277430e-04
4.731427317034039935e-04
4.731308903765014148e-04
4.731213484109694670e-04
4.731165294650971874e-04
4.731125940052124555e-04
4.731093992480208061e-04
4.731053185483459901e-04
4.730981715359048679e-04
4.730917694464579115e-04
4.730775228966105296e-04
4.730734433257566002e-04
4.730687887264241700e-04
4.730643285313830700e-04
4.730576202572441468e-04
4.730472357991797011e-04
4.730403478504997990e-04
4.730239272254805737e-04
4.730148105937252343e-04
4.729920589465938497e-04
4.729598206311446990e-04
4.729430322869573162e-04
4.729328394547265609e-04
4.729224294167285987e-04
4.729078132411586636e-04
4.728899543813722627e-04
4.728822298539086286e-04
4.728708409377920755e-04
4.728662533669361102e-04
4.728522283084817717e-04
4.728435525445413433e-04
4.728281049641343422e-04
4.728028219557564734e-04
4.727855934658018182e-04
4.727776662084505108e-04
4.727732417216962699e-04
4.727678367042903473e-04
4.727490919186459902e-04
4.727287301214271346e-04
4.727057466332047200e-04
4.726925969704203422e-04
4.726513286275196585e-04
4.726294296009564974e-04
4.726042379569134005e-04
4.725869138544255008e-04
4.725721596049281114e-04
4.725611655319722211e-04
4.725207374136595226e-04
4.725006140859878360e-04
4.724893132593212968e-04
4.724684710255926384e-04
4.724479993880579035e-04
4.724105173833419917e-04
4.723902167270891783e-04
4.723386790241610529e-04
4.723248043032123424e-04
4.723023999284076840e-04
4.722885582408046178e-04
4.722747714950555151e-04
4.722530577847218925e-04
4.722294877344253381e-04
4.722118982758210723e-04
4.721923401389772272e-04
4.721695413695702515e-04
4.721456065231673972e-04
4.721263039248493301e-04
4.720943916104161295e-04
4.720772825775194892e-04
4.720457438986353838e-04
4.720055281083234615e-04
4.719859609429092446e-04
4.719659114050375661e-04
4.719415411323827454e-04
4.719273515129655144e-04
4.719068229605194106e-04
4.718933461816539571e-04
4.718485755910848583e-04
4.718150072878683288e-04
4.717961623619210750e-04
4.717704947263637078e-04
4.717355484572126247e-04
4.717120167094070236e-04
4.716839444466647312e-04
4.716570769450598079e-04
4.716154428376907693e-04
4.715795053433510060e-04
4.715664998138166682e-04
4.715115757715425643e-04
4.714868022330196708e-04
4.714534252435896773e-04
4.714088868642483097e-04
4.713611241285162244e-04
4.713248692453088319e-04
4.713008153750068967e-04
4.712781785251934853e-04
4.712539259688120256e-04
4.712369155198461177e-04
4.712101806079510764e-04
4.711935845582151602e-04
4.711492791687579601e-04
4.711208506957968484e-04
4.710684036731680228e-04
4.710254959198477464e-04
4.709881114653807462e-04
4.709636081725748248e-04
4.709077235612756833e-04
4.708632917698957004e-04
4.708340541372002010e-04
4.707988196970755435e-04
4.707712713033433802e-04
4.707012547883669099e-04
4.706587211544642621e-04
4.705787063214211439e-04
4.705308763994764647e-04
4.704803530606240392e-04
4.704356199128938089e-04
4.703435171076041522e-04
4.702842887123720016e-04
4.702410190030938434e-04
4.701883159506624072e-04
4.701163400878861530e-04
4.700393875870248158e-04
4.700026802223920483e-04
4.699396099683712780e-04
4.697770409755833306e-04
4.697135365052859646e-04
4.696778075769768041e-04
4.695992537611106635e-04
4.695294677773365023e-04
4.694627229611519079e-04
4.694040507078585194e-04
4.693428862677777877e-04
4.692709826646221296e-04
4.692360890370379876e-04
4.690305396936773354e-04
4.689702058540973629e-04
4.689068633596029929e-04
4.688449010085222936e-04
4.687640402898509231e-04
4.687102667313636163e-04
4.685618891509592829e-04
4.684886107644816648e-04
4.683937808494126353e-04
4.683222893966974896e-04
4.682184033594943059e-04
4.681194446630679447e-04
4.680696659872709674e-04
4.679862288238098231e-04
4.678996573124993797e-04
4.678483064650094405e-04
4.677853479834803230e-04
4.676820397983214028e-04
4.676138942956749181e-04
4.675770047839916698e-04
4.674958566301302835e-04
4.673652537994817243e-04
4.672711133914031522e-04
4.671841959012931170e-04
4.670296548491459821e-04
4.669496071503311820e-04
4.668934762472317724e-04
4.668068332782342308e-04
4.667090929892920952e-04
4.665961989454915941e-04
4.664920654843396765e-04
4.663555269754304723e-04
4.662932912388956870e-04
4.662010187683381926e-04
4.659882023263993661e-04
4.657896796446493520e-04
4.657014457081703552e-04
4.655778432867865965e-04
4.653361770467131240e-04
4.652162559297520132e-04
4.650811302188628208e-04
4.649550734233679405e-04
4.648703855611872925e-04
4.647642503778005754e-04
4.646650492204613221e-04
4.645240535582789731e-04
4.643048328635298433e-04
4.641982133575770246e-04
4.640889237007105169e-04
4.639458313075608248e-04
4.637938840747781160e-04
4.636340271002372965e-04
4.635238827391781140e-04
4.634258420014802059e-04
4.632515448602089530e-04
4.631250328584206235e-04
4.630451559473020917e-04
4.628964758752701462e-04
4.626980586007663774e-04
4.625859499876970181e-04
4.623609076371415364e-04
4.621829310987145690e-04
4.619792066429866876e-04
4.618249128272674977e-04
4.616267783308904897e-04
4.614672746121141001e-04
4.613096534312574777e-04
4.611280394843843972e-04
4.609233445240451619e-04
4.607452259762932138e-04
4.606307444827756792e-04
4.603609858156894872e-04
4.601996580861744787e-04
4.600351233139867574e-04
4.599213762387327855e-04
4.597579540504082647e-04
4.595383197381360907e-04
4.592429422344616831e-04
4.590584397308809209e-04
4.589243333500238396e-04
4.587278879563366340e-04
4.585534407599884559e-04
4.584328168969491646e-04
4.581814619816962212e-04
4.579641833903906503e-04
4.577212317941586461e-04
4.574495046693128134e-04
4.570649961320003723e-04
4.566204129043759216e-04
4.563537143771050509e-04
4.562169256942599175e-04
4.560868775072030468e-04
4.557667169501102553e-04
4.555328398145287662e-04
4.552425518413104029e-04
4.550599646352334075e-04
4.547863637763009583e-04
4.545488959561823860e-04
4.542770385452122163e-04
4.539782254343901861e-04
4.537143897474543350e-04
4.533074556026930120e-04
4.528813566482182583e-04
4.526551357807597864e-04
4.524163389838807602e-04
4.521154476522795066e-04
4.518227182951796276e-04
4.515479981654221754e-04
4.510910496611744052e-04
4.508635812598016531e-04
4.506693354194281852e-04
4.504599449145175669e-04
4.501893659600841586e-04
4.498290905992788987e-04
4.495206786987801929e-04
4.492408788958190263e-04
4.490305945287907836e-04
4.488656920228204558e-04
4.485370738787230636e-04
4.480883806901265272e-04
4.477572889163251792e-04
4.473968888023152992e-04
4.470804776530907815e-04
4.467252485709155628e-04
4.463565672244923315e-04
4.460561216214392784e-04
4.458254352978349494e-04
4.455196527199236983e-04
4.451925037356651215e-04
4.449244250813383177e-04
4.444965390608249028e-04
4.441059243848784069e-04
4.436804471917393756e-04
4.434381448787459278e-04
4.431726375436697445e-04
4.427236785016386181e-04
4.424176349247065229e-04
4.419621164069244723e-04
4.415356811218773309e-04
4.412187900419301543e-04
4.408475033279534968e-04
4.405266587047346411e-04
4.400483387301375930e-04
4.397300830030217663e-04
4.392453050750773423e-04
4.389479012859411945e-04
4.383536981041968959e-04
4.380880116545013631e-04
4.373563750275117766e-04
4.365839021691978448e-04
4.361780148271027723e-04
4.357805111986125528e-04
4.351944475528674006e-04
4.346947020794356673e-04
4.341799571739692943e-04
4.339191952593494375e-04
4.331402537126112398e-04
4.328094898563848757e-04
4.323149950520357174e-04
4.317122981523912337e-04
4.311307230121364355e-04
4.305314122872829288e-04
4.298268077052228692e-04
4.293361305260832658e-04
4.288699272658047382e-04
4.283773271870877208e-04
4.277996606553246379e-04
4.272927044161396368e-04
4.269973476526912805e-04
4.267548639380446939e-04
4.261190747385392276e-04
4.255382887607543933e-04
4.249071403261459696e-04
4.243850108701924923e-04
4.239795055082972775e-04
4.234014920854160422e-04
4.228611009440411193e-04
4.225263456611254818e-04
4.220721728619328912e-04
4.214156997047882125e-04
4.205236147323813847e-04
4.197018388037340709e-04
4.189676518458862031e-04
4.179223161644335426e-04
4.175882371545774842e-04
4.169485820683115117e-04
4.162857420571095153e-04
4.158619253425143727e-04
4.150897694999250388e-04
4.146174200127690761e-04
4.136664484122850390e-04
4.127140019262701847e-04
4.118487010143698484e-04
4.110631679812072636e-04
4.095679320042586039e-04
4.090674278072549451e-04
4.082669947883632946e-04
4.076485058958516155e-04
4.070535936281321045e-04
4.063370402206510244e-04
4.054037925794132138e-04
4.045158537799596393e-04
4.035122929397762454e-04
4.026978173998369275e-04
4.020501945038550671e-04
4.004381927174129681e-04
3.994007284567723925e-04
3.984436270036583643e-04
3.973281834189366837e-04
3.969486542517940662e-04
3.960021807180101714e-04
3.952335471269179785e-04
3.940901300716419232e-04
3.922913507044383245e-04
3.910083533918697844e-04
3.905199513749040745e-04
3.884714212287436051e-04
3.878374549368571547e-04
3.871876195550276608e-04
3.863571626096392285e-04
3.856870969522689760e-04
3.846205883775858704e-04
3.840650242271927920e-04
3.828802295433019484e-04
3.816682295040971424e-04
3.803809776068451266e-04
3.798368100144363171e-04
3.786302768916768218e-04
3.781630462356215506e-04
3.771245339801927482e-04
3.768500031722159878e-04
3.756311832498471768e-04
3.748197160325134232e-04
3.731991775757134136e-04
3.726749608961887656e-04
3.710318036022037342e-04
3.696481188534708295e-04
3.683160238523513976e-04
3.668204970812513925e-04
3.657901724288423694e-04
3.647253151264933020e-04
3.627274362207928574e-04
3.612274669237132787e-04
3.585557987648613676e-04
3.573589006923383695e-04
3.562263378691762818e-04
3.547796430739299351e-04
3.540888532424373318e-04
3.529135272740562858e-04
3.515767789709599842e-04
3.489555955149700414e-04
3.474568616767428181e-04
3.468842953808446154e-04
3.456144227398280080e-04
3.442305329299185138e-04
3.426069411011023946e-04
3.418789758724748379e-04
3.413041566984624845e-04
3.395574029330706320e-04
3.355236876275097886e-04
3.343577448377272189e-04
3.325452077652993311e-04
3.312095785762831897e-04
3.293805962912909149e-04
3.288737594929798261e-04
3.281116849836763507e-04
3.269363480837933445e-04
3.255819040688804396e-04
3.241437836840748723e-04
3.225748878852551242e-04
3.207535226067002214e-04
3.190104359218046181e-04
3.177469323796719403e-04
3.158642051995056181e-04
3.153925993909769071e-04
3.144471060019359411e-04
3.133946261095740056e-04
3.122757394741232525e-04
3.114845280448060158e-04
3.115392258111397521e-04
3.107772774107596023e-04
3.083223400806793632e-04
3.066252650600953858e-04
3.055910664334366279e-04
3.059102504261062877e-04
3.058767889183266727e-04
3.053913349710815975e-04
3.033896510831585701e-04
3.027306476757108300e-04
3.018431776329266411e-04
3.002859147451765942e-04
2.994964955696585046e-04
2.983351581827801296e-04
2.966042307511768008e-04
2.976539570709443513e-04
2.978201486001281519e-04
2.958741695555860496e-04
2.947541481541634070e-04
2.918274620110595467e-04
2.881853536634744755e-04
2.898079718375002841e-04
2.894355475900640007e-04
2.898402005045346095e-04
2.893196182963808497e-04
2.892817828282785567e-04
2.917276856835861166e-04
2.906724202505498659e-04
2.911360652483094670e-04
2.940043093289975828e-04
2.942456593357856208e-04
2.966509513113177259e-04
2.985188231085400979e-04
3.009134604305607947e-04
3.030768686583975419e-04
3.059742281802075659e-04
3.086269471561590549e-04
3.062541641006536917e-04
3.086929338116858055e-04
3.145985940220819292e-04
3.178613823500483354e-04
3.193571785527554653e-04
3.294350242266923679e-04
3.335543295245300705e-04
3.420655742060558710e-04
3.443927468479834734e-04
3.480664003630864448e-04
3.521460133113426551e-04
3.587396228432943100e-04
3.656140279366393840e-04
3.689753789250790417e-04
3.751796961438066155e-04
3.852144195855995430e-04
3.934288433656586963e-04
3.990963792848696134e-04
4.066711528225975094e-04
4.118927358464948680e-04
4.220006170630754530e-04
4.373197558958434551e-04
4.482739056466685619e-04
4.716928716760005955e-04
4.927127293109811491e-04
5.206107207030507503e-04
5.355048008520496214e-04
5.511242952839122888e-04
5.821999541883531547e-04
6.080841219929744796e-04
6.498954788151067559e-04
6.945080488162898085e-04
7.063248252225180681e-04
7.410958920276941066e-04
7.897257950829918681e-04
8.204959250748685654e-04
8.413992722642567659e-04
8.853399370435736633e-04
9.577454561976564461e-04
1.027898237300771444e-03
1.100854643994342730e-03
1.181295393834877862e-03
1.239042508582622725e-03
1.327532462329221756e-03
1.414333355397141227e-03
1.550928791171712375e-03
1.637614403991760094e-03
1.740440383653907687e-03
1.839664942925810318e-03
1.991596838130726705e-03
2.207302211736054433e-03
2.408070004838763940e-03
2.763048082970915881e-03
3.167248105230972052e-03
3.713320762909295622e-03
