9.105243185163571784e-01
5.962616939827106721e-01
3.617528402924948816e-01
2.268826622544204419e-01
1.843223471713913431e-01
1.725839789416483139e-01
1.706599680145772513e-01
1.705797946169869128e-01
1.705484019423575137e-01
1.705501018304077521e-01
1.705492669395718419e-01
1.705268063744498630e-01
1.704854238492154173e-01
1.704911048857728761e-01
1.704887436735851580e-01
1.703727574372176090e-01
1.703657173127743341e-01
1.703263107047507385e-01
1.703558424388494641e-01
1.703547611155685204e-01
1.703288569305774769e-01
1.703332935422188776e-01
1.703120759258121286e-01
1.702926645393139371e-01
1.702774504585943538e-01
1.702714172215739064e-01
1.702181021732037947e-01
1.701600821389625817e-01
1.701385114812742350e-01
1.701249812569912145e-01
1.701321420041307653e-01
1.701245952329135669e-01
1.701067389354145865e-01
1.701000631736352964e-01
1.700757610054385860e-01
1.700880162760334546e-01
1.700890713967034840e-01
1.700992657760844740e-01
1.700638850588437057e-01
1.700557837170618980e-01
1.700450631550305125e-01
1.699887685227800815e-01
1.699903739073701792e-01
1.699691771995678891e-01
1.699888358799230281e-01
1.699597656020077063e-01
1.699519601401787983e-01
1.699304895937915061e-01
1.698970740255963396e-01
1.698604558345220561e-01
1.698523286809703881e-01
1.698353520298641339e-01
1.698719227543782628e-01
1.698102294145155677e-01
1.697814449893038091e-01
1.697631122728857356e-01
1.697312303954753299e-01
1.696362441961044298e-01
1.696242077328356523e-01
1.696122285742665270e-01
1.696098783065497495e-01
1.696015172449625019e-01
1.695923763012010532e-01
1.695996312159348540e-01
1.695664896107276498e-01
1.694940810348014582e-01
1.694488013315693098e-01
1.694278967469359243e-01
1.693547120713429499e-01
1.692688256638522071e-01
1.692389177633390196e-01
1.692260305513204888e-01
1.691805476369250549e-01
1.691478311876997986e-01
1.691600600094333162e-01
1.691416003088963005e-01
1.691389688538940395e-01
1.690484315718467634e-01
1.690243018385046703e-01
1.690386767542423063e-01
1.689785979862783172e-01
1.689679733196293721e-01
1.689165396817004505e-01
1.689085273512135610e-01
1.688161964815668437e-01
1.688156130004770106e-01
1.687872677449860637e-01
1.687908408586370756e-01
1.687279045410831346e-01
1.687692509698273391e-01
1.687116048454862793e-01
1.686457776194840719e-01
1.686503091702376833e-01
1.686313439656131896e-01
1.685718621749444091e-01
1.685205240545430971e-01
1.684597932773874152e-01
1.684562907982578017e-01
1.683889748883752591e-01
1.683311887067403811e-01
1.683116243361986730e-01
1.682384065999681377e-01
1.682286480442332921e-01
1.682353262564991736e-01
1.682367427421079809e-01
1.681919956169728447e-01
1.681904241518554777e-01
1.681293868730087959e-01
1.680602464122962769e-01
1.676783817633582807e-01
1.676325623659026820e-01
1.675265778878247402e-01
1.674879473457502876e-01
1.674882185440208782e-01
1.674686074005981573e-01
1.673560556498407403e-01
1.673353882588372588e-01
1.672700510535247986e-01
1.672428955310928111e-01
1.672497669684854804e-01
1.672187799994683810e-01
1.672600129921844592e-01
1.672193199892098026e-01
1.671649703387506902e-01
1.671506995831922582e-01
1.671199172954582479e-01
1.670556752663889810e-01
1.669732212168799912e-01
1.668959221852908403e-01
1.668262662044629197e-01
1.667417492004251711e-01
1.665947896172124409e-01
1.664302594718411188e-01
1.663760011666249594e-01
1.663705415205468663e-01
1.662394759818292822e-01
1.662061602203343535e-01
1.661375544172958296e-01
1.660316355534409705e-01
1.659177888968058068e-01
1.659349173702448221e-01
1.658405226083587425e-01
1.657755472340317338e-01
1.657838295986331090e-01
1.657432854483540663e-01
1.656133446865810099e-01
1.654801623579436609e-01
1.654338475326489477e-01
1.653607361772103934e-01
1.652514390919692655e-01
1.651907406391674993e-01
1.650567453174052457e-01
1.650242788353516454e-01
1.649312249254661911e-01
1.649777565355362852e-01
1.648975034070878365e-01
1.648483777887079504e-01
1.648464528775398230e-01
1.648238552057970929e-01
1.646667697400732433e-01
1.645600038247011510e-01
1.644397953670246881e-01
1.643805939175629338e-01
1.642714753548059625e-01
1.643388948380747616e-01
1.641088973752276581e-01
1.640402685768305724e-01
1.638698587365433335e-01
1.638478993446197685e-01
1.636849642351644318e-01
1.636148733765637742e-01
1.635752677613135087e-01
1.635298061775935785e-01
1.633431103099075021e-01
1.633120594021429117e-01
1.633221113187773299e-01
1.633087169322777199e-01
1.632520626409039166e-01
1.631690610998076940e-01
1.631134181762299296e-01
1.630480518052396799e-01
1.629949445486186255e-01
1.629429860960880105e-01
1.629526940408342339e-01
1.627609618443414674e-01
1.625173348740532320e-01
1.624969396603215821e-01
1.623623653438013847e-01
1.623507927496206094e-01
1.623375468778749386e-01
1.622000063709250206e-01
1.622225193250450281e-01
1.619151182833752922e-01
1.619581193183054768e-01
1.616839641093563984e-01
1.613767027124414777e-01
1.612266555894471542e-01
1.610924772899496593e-01
1.610342208369050510e-01
1.608514653582950593e-01
1.607272692221614341e-01
1.605656022301725772e-01
1.605387834726930696e-01
1.604842198898441818e-01
1.604781802592516182e-01
1.604065786988790321e-01
1.601868759675128262e-01
1.601594189826139047e-01
1.600190245077510454e-01
1.598660280705474224e-01
1.597733255328103730e-01
1.595970812726696664e-01
1.595011586164439277e-01
1.594162812283690389e-01
1.594528321636171919e-01
1.593818229094906835e-01
1.592464534541585541e-01
1.590904752672228362e-01
1.588249276577881619e-01
1.587097546957122740e-01
1.586550061645020659e-01
1.585870825122712435e-01
1.585130474961216895e-01
1.583893813348052348e-01
1.582118792204863511e-01
1.579869321589151832e-01
1.579347744657796926e-01
1.580837829277876860e-01
1.579620741126480377e-01
1.578132916229454397e-01
1.574990912219599581e-01
1.573717760571439750e-01
1.572353857761096818e-01
1.570012811290045496e-01
1.568246576825766403e-01
1.566697179728789580e-01
1.565523855399730269e-01
1.565199638058242249e-01
1.563671036961171712e-01
1.562895902758018873e-01
1.561148382241210608e-01
1.561209932382795762e-01
1.559503087587152670e-01
1.557770217414054803e-01
1.556322949283526214e-01
1.554079557734070194e-01
1.552689706432858752e-01
1.552370983552220085e-01
1.548986118239888132e-01
1.549263536253903673e-01
1.546393271442536854e-01
1.543711303036769955e-01
1.541168059939513613e-01
1.541534372963120625e-01
1.539321691796021740e-01
1.539305538555881814e-01
1.538911368351444653e-01
1.536905983899355677e-01
1.536421767700799079e-01
1.533014821671370431e-01
1.533131448325943669e-01
1.530953636428144526e-01
1.528933826989576361e-01
1.528710440420504302e-01
1.527605550699536185e-01
1.523758833340752294e-01
1.524302716387766210e-01
1.521752888848354190e-01
1.520639574573456332e-01
1.518276923445017190e-01
1.515981056038009367e-01
1.513492298899745125e-01
1.512030611942180303e-01
1.509702075256959541e-01
1.508102204811193059e-01
1.506798092247862431e-01
1.504862069301010352e-01
1.504710501608474138e-01
1.498308632435108034e-01
1.495179085525328022e-01
1.494672043920803606e-01
1.494897809070899752e-01
1.491055429513652164e-01
1.487182992397792503e-01
1.487711371934341831e-01
1.483691528429033901e-01
1.481099201430945977e-01
1.480875632082810367e-01
1.478459890891296036e-01
1.477537106238247522e-01
1.476647905328762334e-01
1.471824738767380514e-01
1.471892005915505786e-01
1.469689440165746486e-01
1.470301978718903113e-01
1.471053432321360877e-01
1.469929067518512822e-01
1.467947176815833921e-01
1.465918068211250480e-01
1.465100216874145600e-01
1.462716452837835301e-01
1.461371535262000199e-01
1.459125486682031625e-01
1.458141945463098388e-01
1.454158324896767385e-01
1.450183767546977254e-01
1.448953205538896227e-01
1.447384024322367901e-01
1.441999262635013657e-01
1.440668173361529525e-01
1.435962999534823037e-01
1.438018192706511933e-01
1.436064047891087159e-01
1.435493075021803677e-01
1.433646498172706230e-01
1.433292595196202779e-01
1.430563897384146133e-01
1.426865586624277427e-01
1.426041506592093944e-01
1.424601824805999950e-01
1.422576893370461892e-01
1.417785384964782014e-01
1.414482167977504090e-01
1.409186429869000168e-01
1.407572287193561422e-01
1.403053273977185600e-01
1.401924408321026660e-01
1.401363594084434616e-01
1.395945614728614781e-01
1.391514483918139811e-01
1.391043600955253479e-01
1.386415039420293704e-01
1.381476298477062881e-01
1.378763997163968968e-01
1.377902520748126025e-01
1.376760243439839049e-01
1.368768908389086103e-01
1.366983532102780952e-01
1.366143618289598349e-01
1.367525507737976653e-01
1.364497353940471724e-01
1.361251304305667598e-01
1.357674052776343121e-01
1.355323169519465909e-01
1.354050066219982251e-01
1.352848108583854236e-01
1.352641968066512768e-01
1.344014645766455074e-01
1.346439176178217956e-01
1.348141423054385613e-01
1.345416859067308513e-01
1.340669248154164883e-01
1.340835391418133959e-01
1.341242038443102857e-01
1.337129580744919055e-01
1.337205979922442001e-01
1.327183618274571653e-01
1.318243285275693677e-01
1.315996572953415933e-01
1.320427512716770002e-01
1.315025669989603185e-01
1.315094266021659131e-01
1.309962345850460563e-01
1.311465243734978303e-01
1.309986166247345263e-01
1.306226256927268958e-01
1.302368706713033231e-01
1.298667276420676087e-01
1.303653409710593680e-01
1.305516725461793037e-01
1.301572040546565279e-01
1.301492710549541354e-01
1.300541205724882465e-01
1.298497130222654172e-01
1.298679398817619568e-01
1.298868546872827823e-01
1.299455482907624360e-01
1.293361360132348481e-01
1.295275751399008746e-01
1.285004633926693229e-01
1.279258658672078330e-01
1.275563514292524514e-01
1.275190501987691905e-01
1.284448181115800114e-01
1.274239231788590054e-01
1.276505127101548176e-01
1.280249413576813045e-01
1.272822230108152375e-01
1.270792420459947725e-01
1.268397131264688005e-01
1.273015658783319959e-01
1.273567599191363642e-01
1.270843062762288533e-01
1.265049782095146180e-01
1.255154363568124487e-01
1.253145101759249036e-01
1.262121749460162756e-01
1.267940067004610649e-01
1.267476821506550999e-01
1.264717489060445677e-01
1.268527081692650826e-01
1.269659760755522671e-01
1.273678295097868951e-01
1.274118784197327270e-01
1.272963528618511475e-01
1.286278347108434361e-01
1.295038693519582895e-01
1.294066922023366928e-01
1.295718397242974773e-01
1.297350506427142058e-01
1.286625277435532733e-01
1.286024634942559974e-01
1.294542629786694932e-01
1.308114590642946162e-01
1.311211420073881695e-01
1.317093156344711080e-01
1.320785089127467504e-01
1.337396423185055749e-01
1.338718649729774557e-01
1.332813034983703626e-01
1.348651315736556777e-01
1.348950066375884660e-01
1.358839390440942096e-01
1.377109870691726190e-01
1.375555271254146616e-01
1.391914130551909767e-01
1.409959110090869827e-01
1.418437659129639650e-01
1.421138450039578782e-01
1.443568613737399586e-01
1.472978596783136029e-01
1.491912241618395807e-01
1.493746810588962304e-01
1.519897189751595878e-01
1.528989379711348795e-01
1.514513980940438431e-01
1.534949136857843011e-01
1.550363830723246183e-01
1.569494531758900968e-01
1.600231997947650087e-01
1.610733970409719551e-01
1.632042152191329754e-01
1.648277094389843100e-01
1.685077924278730044e-01
1.702534378066956067e-01
1.736357171477382888e-01
1.771427694537888453e-01
1.798660101142064427e-01
1.822497102160448579e-01
1.832606220643722694e-01
1.864673171973584842e-01
1.894819416051150840e-01
1.933669298709888018e-01
1.984757831591490440e-01
2.017290658436059758e-01
2.052035718178725210e-01
2.096231474564969333e-01
2.124238663047667564e-01
2.180905437843200789e-01
2.219701636366784858e-01
2.290802231731252636e-01
2.331571421121794718e-01
2.396850803529843588e-01
2.491878359604718651e-01
2.549546027708178841e-01
2.604319057359608669e-01
2.687228184648502438e-01
2.752161997380718761e-01
2.780271273414350319e-01
2.879934046318947671e-01
2.942032746364128815e-01
3.036554880988248106e-01
3.106600509708224989e-01
3.207360845783595593e-01
3.296811530787768230e-01
3.386150622771674779e-01
3.456447211950708365e-01
3.555633462199496719e-01
3.658074686602218462e-01
3.744364235565481036e-01
3.833955011260098966e-01
3.907147394475146696e-01
4.005242654278476921e-01
4.089058929240359519e-01
4.283924743909265920e-01
4.453450789442109370e-01
4.602645368738121356e-01
4.736857649098557554e-01
4.907006312580803886e-01
5.076621547834935244e-01
5.321865301712930263e-01
5.492092992794298523e-01
5.700011309320890396e-01
6.003010729784845623e-01
6.415439092351752359e-01
6.842598021295220878e-01
7.401321507917273390e-01
8.180980771271818552e-01
