1.492912436209222491e-03
1.611831479659700250e-01
3.241936450938524006e-01
4.878445987736569900e-01
6.512427406566498878e-01
8.146071743000683485e-01
9.770109231156033358e-01
1.166701491866973583e+00
1.365274181746313653e+00
1.563543497469478849e+00
1.762655519182017239e+00
1.961598999696684498e+00
2.162143621591154918e+00
2.365469173250552615e+00
2.569654285019113082e+00
2.761957242337539586e+00
2.959720934467084508e+00
3.145079994433092274e+00
3.345776303405650687e+00
3.546489466497996901e+00
3.747286900189283454e+00
3.950443910650803137e+00
4.146404211963094610e+00
4.341134162530901897e+00
4.540246184243432737e+00
4.738818874122768143e+00
4.942768028214278964e+00
5.143278941869145804e+00
5.341784215269334446e+00
5.541806359450376362e+00
5.744188080401661622e+00
5.943131560916318001e+00
6.140928961285428755e+00
6.335490370655359804e+00
6.529428177593160854e+00
6.725674998941824079e+00
6.924146564102427348e+00
7.126410306215206880e+00
7.323887478308353849e+00
7.520623069130853544e+00
7.718150803583367470e+00
7.920667357492958693e+00
8.122408621892327929e+00
8.321318394167413146e+00
8.519031523937577788e+00
8.715244637046666298e+00
8.909974587614465591e+00
9.106558491358880403e+00
9.300732255973684914e+00
9.491771154308024094e+00
9.687630330901580322e+00
9.878804062194209479e+00
1.007503402942307780e+01
1.027010106238662424e+01
1.046211749966863636e+01
1.065531372533577859e+01
1.084953805230996871e+01
1.104517812534627552e+01
1.123940245232044077e+01
1.143084584952970673e+01
1.162545782125898164e+01
1.182554738191917387e+01
1.201958631357568130e+01
1.221499042893495890e+01
1.240783271808654575e+01
1.260291660516986667e+01
1.280186008568451506e+01
1.299471922895589415e+01
1.318594352260790181e+01
1.337585319491648406e+01
1.356648759437593910e+01
1.376158833557905581e+01
1.395618345318855802e+01
1.414766055863738359e+01
1.433881743581024715e+01
1.453518223599741965e+01
1.472288401861384166e+01
1.491587799484354271e+01
1.511185515027561088e+01
1.530626487256744817e+01
1.548682050839400759e+01
1.567411779213554901e+01
1.586389263148584305e+01
1.605258880716974090e+01
1.624143666993172985e+01
1.643555987218718073e+01
1.663187411001499427e+01
1.682247480123485772e+01
1.700989006381493240e+01
1.719966490316519980e+01
1.738495654665203460e+01
1.757884379123046159e+01
1.777615242212575097e+01
1.797029247850097988e+01
1.815506164427447189e+01
1.833913979113668802e+01
1.852068982003077124e+01
1.870926801687623353e+01
1.889911027270570898e+01
1.908167154878705318e+01
1.927114301398124496e+01
1.946794602128295537e+01
1.965981077148693856e+01
1.984975415203516036e+01
2.003595591799059150e+01
2.022817460471014073e+01
2.041210106449424089e+01
2.059596010779922892e+01
2.077857194623991433e+01
2.094593080627303294e+01
2.112336842993899566e+01
2.130463193879671735e+01
2.149376632159514955e+01
2.167536691284861661e+01
2.185912483143483698e+01
2.204042204853214670e+01
2.222606762853461504e+01
2.241874137648838072e+01
2.260829711228151950e+01
2.279205503086775053e+01
2.296832972026838249e+01
2.314809321246503515e+01
2.333650286811262831e+01
2.352294059174505847e+01
2.370919292005982726e+01
2.390506895077325211e+01
2.407519188645146713e+01
2.426186556776092829e+01
2.444666844177399057e+01
2.463460618206751107e+01
2.482647093227151558e+01
2.500834118944156614e+01
2.518763276628414616e+01
2.538178967677924547e+01
2.557439600825388482e+01
2.575493478996072128e+01
2.594133880535355274e+01
2.610694483692879331e+01
2.627231491082695669e+01
2.641759487393848715e+01
2.659956625582728051e+01
2.678396463096545332e+01
2.694860997771274214e+01
2.714081181031251688e+01
2.733409230657864697e+01
2.751741201805042536e+01
2.769857440218940781e+01
2.787946712041181385e+01
2.806482618037786381e+01
2.823004456719793964e+01
2.839485845514312246e+01
2.856653196984178322e+01
2.873982348004001963e+01
2.891589592000322995e+01
2.910558648875463916e+01
2.928555223038869926e+01
2.946164152447167339e+01
2.964597248313071631e+01
2.983659002847042174e+01
2.999508362149527940e+01
3.014152651887215839e+01
3.031660456576788931e+01
3.049904786301076243e+01
3.065499648394779442e+01
3.082554077262068049e+01
3.098730406488434141e+01
3.114768531932540796e+01
3.133742645043619746e+01
3.151951581116350809e+01
3.168549263337402877e+01
3.186562691620598997e+01
3.205745795817041710e+01
3.224404736888093481e+01
3.242883338877422972e+01
3.258592808985677181e+01
3.276732643167282077e+01
3.292956163929051172e+01
3.310045986447897803e+01
3.327813344582196464e+01
3.343192473942617227e+01
3.361426691195029548e+01
3.380260915111870901e+01
3.398881091707413304e+01
3.414253479419916459e+01
3.428855633858136542e+01
3.443713970917127654e+01
3.459221191587934641e+01
3.475670557554855833e+01
3.494678378905509675e+01
3.512568772114256177e+01
3.531298500488416181e+01
3.550087218281833401e+01
3.566737148274225433e+01
3.582279762596584050e+01
3.598021255532434282e+01
3.613607690566230701e+01
3.631799772519168812e+01
3.649902527637232907e+01
3.667174374649769675e+01
3.683215870917832291e+01
3.701583235716558562e+01
3.719660709654937136e+01
3.737598294399086285e+01
3.753385293458361360e+01
3.770569499048004758e+01
3.788271126115126464e+01
3.805136788840792406e+01
3.821289522299448294e+01
3.837278770796169880e+01
3.854082073278623000e+01
3.870758969862665566e+01
3.889281392563425754e+01
3.907068975641463737e+01
3.922304844983687389e+01
3.936637333505296965e+01
3.951059148861796899e+01
3.965839956969755065e+01
3.980533123654824834e+01
3.994740891690015161e+01
4.010534632397206423e+01
4.025340721684841583e+01
4.043849661089780056e+01
4.062616468527467362e+01
4.078784370693926320e+01
4.095307894787914194e+01
4.109222401138802638e+01
4.127707744776039789e+01
4.143651487149332269e+01
4.158762636005139512e+01
4.174254687968116428e+01
4.191663053350938384e+01
4.209199510044145143e+01
4.226508436120221290e+01
4.240987555483996374e+01
4.256852083494299421e+01
4.273082345903971202e+01
4.288739568240875855e+01
4.306613107329829404e+01
4.325240025573280178e+01
4.343260195504387156e+01
4.358674718516359547e+01
4.373457212036293384e+01
4.389073984485718682e+01
4.405208178412598841e+01
4.420241798317371007e+01
4.437156337990423083e+01
4.455281003464214251e+01
4.472615210719975209e+01
4.489617391815917813e+01
4.506771259989947254e+01
4.524107152657681752e+01
4.539580665088917044e+01
4.556673858431707913e+01
4.575034481582514445e+01
4.593347913197920462e+01
4.612079326984054006e+01
4.629905674537609883e+01
4.648751696338292305e+01
4.665715112958720567e+01
4.683126849165500261e+01
4.697368325440271519e+01
4.714412641835679807e+01
4.730885603570303743e+01
4.747995651032889697e+01
4.766204587105613655e+01
4.781887090622217329e+01
4.796971272886345616e+01
4.811357694591275447e+01
4.828147513777901167e+01
4.841477182172169336e+01
4.857919806491180736e+01
4.875152889028209557e+01
4.892079226585112650e+01
4.908162858152641661e+01
4.924244804308196422e+01
4.941440807781695099e+01
4.956875555737412498e+01
4.974224931700980790e+01
4.991581049312456031e+01
5.006633208748999664e+01
5.024183148738043059e+01
5.040369590436272063e+01
5.057472896250931882e+01
5.074668899724430560e+01
5.092117714994741107e+01
5.108814836522522995e+01
5.127050739186910278e+01
5.142271439821332280e+01
5.157527534107294542e+01
5.174211172339253295e+01
5.190363905797907762e+01
5.207873395899454039e+01
5.225600304146258424e+01
5.243018782000953593e+01
5.260312539369208196e+01
5.277773152523375444e+01
5.295823659870090694e+01
5.311962910032918472e+01
5.329994877847874335e+01
5.345139734943254695e+01
5.358905925040014040e+01
5.374684497039392284e+01
5.390493406454386616e+01
5.406437148827679096e+01
5.422824154551384623e+01
5.439740379636408107e+01
5.456199858075194697e+01
5.473075633272734564e+01
5.491316592173041755e+01
5.507887307802428722e+01
5.523172054092034244e+01
5.538487137797263671e+01
5.556131460857094595e+01
5.574249384682961761e+01
5.591598760646527921e+01
5.610045339808259968e+01
5.626878979706322070e+01
5.643139579531622729e+01
5.659762542932345752e+01
5.675372573733847048e+01
5.691692162978403502e+01
5.709231990495563736e+01
5.725148766277197865e+01
5.742626233551134618e+01
5.757993565027698679e+01
5.774560909833127198e+01
5.790265323705445155e+01
5.807397281523753918e+01
5.823844962078686649e+01
5.840380284056514171e+01
5.856868414498943309e+01
5.871320567271053648e+01
5.886204185509718911e+01
5.900868700191135474e+01
5.917009635765942477e+01
5.933673049054166171e+01
5.949318473507215543e+01
5.963575118489787030e+01
5.980644716064880129e+01
5.996837899411031714e+01
6.013663112249209064e+01
6.029247861871029102e+01
6.045105648233404594e+01
6.060547137837023968e+01
6.078257191964033979e+01
6.096927930918943161e+01
6.114708772349056431e+01
6.131599716254403631e+01
6.148841225851327863e+01
6.165583853502548806e+01
6.182066927709034587e+01
6.199171918935674341e+01
6.215338135690171839e+01
6.232384137497562193e+01
6.247252587028407333e+01
6.261593502609918005e+01
6.277550728279048542e+01
6.293349525222163265e+01
6.308996635087195415e+01
6.325304426447885220e+01
6.342599869228136100e+01
6.359463846541815002e+01
6.375962089456122328e+01
6.393260903060319578e+01
6.411196802392490213e+01
6.428957418878864871e+01
6.446379267557509252e+01
6.463165715920172261e+01
6.480941501114357095e+01
6.498518407695050314e+01
6.513430677937353153e+01
6.531299160790385372e+01
6.547323802938659298e+01
6.563931597631567172e+01
6.581098949101433959e+01
6.596808419209673957e+01
6.613972399855573769e+01
6.631717847634141094e+01
6.649670601086096156e+01
6.665375014958408428e+01
6.681205834729125570e+01
6.697139464630542705e+01
6.715850653472936926e+01
6.731555067345243515e+01
6.748063422731424055e+01
6.763838623906838166e+01
6.780861029946535723e+01
6.796944661514066865e+01
6.813483354315856388e+01
6.828847314968459159e+01
6.844865215468823294e+01
6.861422447802375757e+01
6.877098209671041218e+01
6.894853769921488151e+01
6.911353698247778254e+01
6.925989560925566479e+01
6.943268149586027960e+01
6.959188296191604195e+01
6.976212387643273871e+01
6.993364570405329061e+01
7.011292042677601444e+01
7.028177930347004576e+01
7.042070526342166659e+01
7.057525499241627642e+01
7.072564175382332508e+01
7.089974226177135108e+01
7.106544941806512838e+01
7.122485313355848291e+01
7.140404358568230236e+01
7.155891354295285112e+01
7.171880602791999593e+01
7.189641219278379936e+01
7.205593388711584169e+01
7.223697829241616830e+01
7.241379231364992108e+01
7.257292636322662815e+01
7.271481864826090202e+01
7.289043602698977509e+01
7.305963198607950915e+01
7.323216506088706979e+01
7.338334396592432540e+01
7.354947247521270981e+01
7.371347736540812434e+01
7.387338670449517508e+01
7.402891397243716654e+01
7.420003130118283252e+01
7.436120469925390353e+01
7.452023762411189978e+01
7.468240541525040044e+01
7.485209014381415216e+01
7.502297151488269833e+01
7.520222938348564412e+01
7.536771743622200859e+01
7.553922240972312352e+01
7.570498012837609281e+01
7.586504115454133057e+01
7.602918087769492672e+01
7.619653973772786060e+01
7.636108395975628582e+01
7.652916754694011559e+01
7.669344210305212073e+01
7.685400875281082733e+01
7.700651913331114429e+01
7.717116448005845086e+01
7.733265810640529025e+01
7.749758997318905074e+01
7.767115114930373920e+01
7.783839203049822686e+01
7.800826215437955113e+01
7.817172771274189813e+01
7.834287874972693544e+01
7.851057469215564311e+01
7.868359653643733509e+01
7.884638793000799240e+01
7.899746571032609666e+01
7.916238072299002226e+01
7.931157084189204909e+01
7.948376683430419121e+01
7.964940657411905534e+01
7.981599014464164554e+01
7.998776478405891055e+01
8.016939908355195143e+01
8.032952752619615922e+01
8.049250431508434644e+01
8.066001486219556682e+01
8.081990734716279690e+01
8.098521000458153196e+01
8.115145649270867523e+01
8.131052312580618491e+01
8.146566274899348059e+01
8.161323487239600638e+01
8.178470613765719577e+01
8.196184038716695852e+01
8.212904756012183327e+01
8.228489505634009049e+01
8.245892814780890490e+01
8.261506216406348813e+01
8.277180292863067734e+01
8.294484162703193419e+01
8.311304319305421018e+01
8.328033463660801772e+01
8.343973835210142909e+01
8.359568697303836871e+01
8.376972006450726838e+01
8.393392720414007613e+01
8.410330855854746801e+01
8.427783041949015796e+01
8.444781852221024110e+01
8.460949754387486621e+01
8.477581144848093686e+01
8.493567022520853982e+01
8.510968646255757619e+01
8.527569699300758543e+01
8.544423564142593364e+01
8.561471251361963652e+01
8.578060506523094375e+01
8.594813246646189953e+01
8.611280177155390447e+01
