4.850160740179410013e-03
1.861397519793861911e-03
7.222406672088136671e-04
3.343825961381001856e-04
2.405954496925384112e-04
2.169347970495744062e-04
2.136808696798731476e-04
2.133167776055019775e-04
2.132559880861859274e-04
2.132126220765784589e-04
2.132057105501319460e-04
2.131985218256438400e-04
2.131739814192492135e-04
2.131680591795014036e-04
2.131625116306901829e-04
2.130968617544505073e-04
2.130839436715940252e-04
2.129368654800859232e-04
2.129164291076841517e-04
2.129034080319214197e-04
2.128832729837995476e-04
2.128752946349826822e-04
2.128623745517833291e-04
2.128539984083685835e-04
2.128444583203031339e-04
2.128367946374506417e-04
2.128196516096153828e-04
2.127750811703884258e-04
2.127546913491361997e-04
2.127334179384101959e-04
2.127263498364327134e-04
2.127165702171374248e-04
2.126304490907170901e-04
2.126183765914067163e-04
2.125958913637164191e-04
2.125867040387189667e-04
2.125608520709735226e-04
2.125490438497065271e-04
2.125380996237999766e-04
2.125226558000274104e-04
2.125086099470258354e-04
2.124962666468131430e-04
2.124833332255711513e-04
2.124681087553699434e-04
2.124550387403156002e-04
2.124367267717673982e-04
2.124267497070658935e-04
2.124023810525676364e-04
2.123825063490383282e-04
2.123406722733513707e-04
2.123190765145030511e-04
2.122965291942065507e-04
2.122745833735780493e-04
2.122457399048808928e-04
2.122026933503199330e-04
2.121746845029831899e-04
2.121520303753397872e-04
2.121257320652739260e-04
2.120991829905513040e-04
2.120674739977238031e-04
2.120331207414064370e-04
2.120160987374465340e-04
2.119899378889417954e-04
2.119636221065089295e-04
2.119294333115310212e-04
2.118856040472089346e-04
2.118719563062664664e-04
2.118471589374529946e-04
2.117288295980790109e-04
2.116763997216222000e-04
2.116404129090344107e-04
2.116019425709950055e-04
2.115770176449074643e-04
2.115109310774603154e-04
2.114701714828164786e-04
2.114437457507462731e-04
2.114241170183269543e-04
2.113609012295713672e-04
2.113388288685232573e-04
2.113047869493721439e-04
2.111258982185940081e-04
2.110520533645564376e-04
2.109908434808838639e-04
2.109511747419937360e-04
2.109214073763078263e-04
2.108964270177870917e-04
2.108848069385801331e-04
2.108245656417808366e-04
2.107895099619171402e-04
2.107583512577670308e-04
2.107056213652815709e-04
2.106763039906843775e-04
2.106631320844880263e-04
2.106365552989020152e-04
2.105809983503620765e-04
2.105359696995723242e-04
2.104604150102530656e-04
2.104083024106422994e-04
2.103561161715853485e-04
2.103032679144505078e-04
2.102741339064735150e-04
2.102440845870688776e-04
2.102100187821718711e-04
2.101835790519165404e-04
2.100977250595260004e-04
2.100461653082405403e-04
2.100113819764813617e-04
2.099501169143080221e-04
2.098460646217932915e-04
2.094845064306528003e-04
2.093606209128030674e-04
2.093018898077587053e-04
2.092475971509897865e-04
2.091860009195108995e-04
2.091110372242377413e-04
2.090406021498491249e-04
2.089937856450274785e-04
2.089596426750117220e-04
2.089259424870297955e-04
2.088665981816497643e-04
2.087826252237506960e-04
2.087354345024401443e-04
2.087086382043147755e-04
2.086628183749311650e-04
2.086012553259778259e-04
2.085560086359887749e-04
2.084574733177945176e-04
2.082693621327745808e-04
2.081896223631439123e-04
2.081139010907417410e-04
2.079962935569192571e-04
2.079021797277241475e-04
2.076059566459619390e-04
2.075781290240478582e-04
2.075218344504759286e-04
2.074335738145887580e-04
2.073035224312936642e-04
2.069726504965750994e-04
2.068140054540236418e-04
2.066692281800734242e-04
2.066049186720049394e-04
2.064988847994162163e-04
2.063804934850692276e-04
2.062863406873540839e-04
2.062232443073947158e-04
2.061342267785462611e-04
2.059292169577942727e-04
2.058411208066799366e-04
2.057654387075499760e-04
2.055865826548041310e-04
2.051151373785199813e-04
2.049450481673754400e-04
2.048525844183199677e-04
2.047540361128780671e-04
2.047119449607553955e-04
2.046088870278645207e-04
2.045345911918625039e-04
2.044485308475898762e-04
2.044184341929065028e-04
2.043058068521385446e-04
2.040606176104576164e-04
2.039713483643042300e-04
2.038750298081801844e-04
2.037130910182857421e-04
2.036186646844266948e-04
2.034367581268371142e-04
2.033260188649445028e-04
2.031959614794513216e-04
2.031096708446778864e-04
2.029505250964740875e-04
2.028077176958123105e-04
2.027054232432114655e-04
2.026020409550343087e-04
2.025211007437477569e-04
2.023533010170821969e-04
2.022579849034435899e-04
2.021402151864173631e-04
2.019986793907915898e-04
2.018742803481830079e-04
2.017690976592367890e-04
2.016906103084117744e-04
2.015512805731550501e-04
2.014387719077624726e-04
2.013180135663286154e-04
2.010950080990884690e-04
2.009266212601220757e-04
2.006939547342284679e-04
2.005779663786810309e-04
2.005163388922476004e-04
2.004301962705243864e-04
2.003167161232698396e-04
2.002271369724521310e-04
1.999812785436877981e-04
1.998340645407002832e-04
1.995733368505978522e-04
1.991228090723375641e-04
1.989518353947326921e-04
1.987156457093986264e-04
1.986382987956755979e-04
1.983116214859583241e-04
1.981742932247735809e-04
1.980415202137209875e-04
1.978844262746673162e-04
1.977161017953739852e-04
1.975632959659806651e-04
1.974069782718226125e-04
1.971131210227963391e-04
1.968135560718598106e-04
1.966438839828935656e-04
1.964098746984347321e-04
1.962078234787816922e-04
1.960564699751778420e-04
1.959412436161462310e-04
1.955913234738140100e-04
1.953418661137422754e-04
1.951318595402094878e-04
1.948386007937137902e-04
1.946031805489402259e-04
1.943654423548684469e-04
1.940851519709454673e-04
1.937937552928625611e-04
1.935999811282200641e-04
1.934243879506201795e-04
1.932056221231745951e-04
1.929481725677289019e-04
1.926414472636997239e-04
1.925222106500575211e-04
1.922689578558972156e-04
1.920824410033676079e-04
1.918922516601257204e-04
1.915859911040399867e-04
1.914575001216791436e-04
1.912734018275944695e-04
1.909348885712369335e-04
1.906952191384139066e-04
1.904304808440415362e-04
1.901692629629500413e-04
1.899884916934971540e-04
1.898399965831332875e-04
1.896586208875378817e-04
1.894481051750885475e-04
1.891380854333863759e-04
1.888706289549105591e-04
1.886497034264313500e-04
1.884121231137362716e-04
1.881999664903125373e-04
1.880422140767698199e-04
1.877452232937907781e-04
1.875099348849255064e-04
1.871165408689004776e-04
1.868606141180982627e-04
1.866770826614803913e-04
1.863048917912613989e-04
1.860518798129775022e-04
1.858380146533948900e-04
1.856740921449927652e-04
1.855066158229384831e-04
1.851430896665451028e-04
1.849687036126001040e-04
1.844887676361087712e-04
1.841432028104839850e-04
1.838553170321192466e-04
1.836579763022998214e-04
1.832976672072801649e-04
1.830449060957723513e-04
1.824886599437955934e-04
1.820673868752234296e-04
1.816938231621887181e-04
1.814538921011540559e-04
1.811939820310250594e-04
1.809441891437248465e-04
1.806462744528884398e-04
1.801774866030183837e-04
1.796529304684121246e-04
1.793497385876339850e-04
1.791689586557667789e-04
1.789956908821435037e-04
1.787334646978082668e-04
1.783570428752093238e-04
1.779862262616961328e-04
1.777044345701119833e-04
1.770521696807653676e-04
1.766700570026023462e-04
1.761861512568085885e-04
1.759193972516838803e-04
1.755951593913097095e-04
1.752079313655913986e-04
1.748768378723961634e-04
1.746025302081254441e-04
1.743935045921026752e-04
1.741254932589305715e-04
1.736964765015480835e-04
1.734062587306333530e-04
1.730596633436242088e-04
1.726744459625169088e-04
1.723252752540433547e-04
1.721530670898925098e-04
1.720060401104608709e-04
1.715791610904809797e-04
1.710362869685017842e-04
1.707152505451996530e-04
1.702099874338226110e-04
1.698617346090598810e-04
1.694915064018389945e-04
1.691279224667423513e-04
1.686549848779377372e-04
1.682987154231200991e-04
1.678911889809376788e-04
1.674101958601136074e-04
1.667880932666176172e-04
1.661066327112652012e-04
1.656230912466288472e-04
1.651817337366202659e-04
1.651000648509948828e-04
1.644966259632650325e-04
1.642146599549012848e-04
1.637580618668985533e-04
1.632890028581542258e-04
1.628701976473171775e-04
1.624092454349604104e-04
1.622489608885836895e-04
1.617705918239098299e-04
1.613966966620287221e-04
1.607292212304809549e-04
1.602888246779308643e-04
1.598726859488921190e-04
1.592190845270888006e-04
1.588587065882937101e-04
1.583696098356415674e-04
1.576858739965253452e-04
1.570018793394152307e-04
1.565639718231799518e-04
1.556291734542544693e-04
1.550439658000879342e-04
1.545769955885736510e-04
1.541110148531058487e-04
1.535235723184903158e-04
1.530379593927328114e-04
1.526388626602755410e-04
1.521052781086014503e-04
1.516896285020570025e-04
1.503787204008899319e-04
1.494973093859195616e-04
1.487410978043828154e-04
1.486247090390670211e-04
1.481484067467358395e-04
1.478859072584900124e-04
1.470555787527741333e-04
1.467587827450514534e-04
1.465031864455001553e-04
1.460384936149956934e-04
1.453917783555633021e-04
1.448219000779879734e-04
1.446680430352349940e-04
1.442034652301348269e-04
1.425569547873697539e-04
1.416745472391310980e-04
1.408746930588303844e-04
1.404544570077320394e-04
1.402173402308421867e-04
1.396743767816204754e-04
1.394914971803015908e-04
1.388412655945899757e-04
1.386084197022502201e-04
1.381534789734967326e-04
1.377185183748274634e-04
1.373866623719097375e-04
1.370051160810782827e-04
1.370078971815729828e-04
1.368253591605294477e-04
1.361202900386730013e-04
1.355119909606745726e-04
1.351361459377075312e-04
1.345070832701035588e-04
1.338890717241566076e-04
1.336782079809055858e-04
1.332548545037091057e-04
1.320095496364965973e-04
1.318639044399862507e-04
1.299294754140245360e-04
1.294972717186435810e-04
1.289201920582539363e-04
1.288406880375550100e-04
1.290341331084790847e-04
1.278586367609461710e-04
1.274932888587073602e-04
1.271954563541783821e-04
1.267986188269174040e-04
1.259456104438979869e-04
1.256079916925701497e-04
1.252974191767103676e-04
1.249868660693756385e-04
1.243398535639092539e-04
1.235001823023783459e-04
1.223385458411389100e-04
1.209458239161288734e-04
1.213478620277119773e-04
1.222254119408099982e-04
1.223411933818526181e-04
1.222436010145758233e-04
1.221783481561276473e-04
1.211594224019990222e-04
1.210404019929474541e-04
1.205492879679809503e-04
1.200961061502633129e-04
1.210254847155828442e-04
1.215027207330056288e-04
1.213203184532988843e-04
1.214554815031071021e-04
1.213615523496961926e-04
1.199144886242258017e-04
1.198555949937160636e-04
1.204562391102068948e-04
1.217911301282929203e-04
1.219660841207583234e-04
1.224260857884286577e-04
1.228432652048717108e-04
1.243802505200577405e-04
1.245942384333268002e-04
1.238984051977959691e-04
1.256082478982949982e-04
1.255126070089479214e-04
1.274955206366714820e-04
1.306581649962477792e-04
1.314870145764994414e-04
1.342475281381931356e-04
1.368593706587800619e-04
1.377811064410084199e-04
1.373604948339056213e-04
1.397736134871740304e-04
1.425033162757416948e-04
1.459099787801484581e-04
1.470699650008642080e-04
1.507300602665443746e-04
1.517591693184692201e-04
1.506547239037217816e-04
1.525510432818267550e-04
1.542954261489559253e-04
1.579457124447946671e-04
1.632404637927974773e-04
1.669591874241017904e-04
1.725110810007828249e-04
1.759124324601534818e-04
1.834362405289303880e-04
1.856380002065026620e-04
1.920568355645715724e-04
1.972848788385230499e-04
2.018823122091241841e-04
2.073029807064169288e-04
2.101807538843570374e-04
2.148726217766482472e-04
2.232379361534563402e-04
2.321916985910310247e-04
2.403530711246465988e-04
2.494094126940878575e-04
2.563976193143234624e-04
2.679634435455733395e-04
2.787542409375907688e-04
2.911898176383525519e-04
3.033624198960237130e-04
3.194606146320602344e-04
3.292357953440823567e-04
3.485680300133052099e-04
3.748443183430441908e-04
3.933367245749491833e-04
4.094918710751566126e-04
4.352460824800311870e-04
4.593787690430994170e-04
4.697786604866622845e-04
5.016095233921719163e-04
5.260015670328524288e-04
5.603669043565233376e-04
5.797318212325399756e-04
6.125762704144190312e-04
6.483526138703156255e-04
6.827534420673145310e-04
7.126545620301478557e-04
7.595126768560495631e-04
7.981844791686312736e-04
8.366340205763965433e-04
8.863979521469148373e-04
9.381366258998664453e-04
9.904828916472055000e-04
1.037904900870233963e-03
1.130310712022699520e-03
1.227312650222265721e-03
1.305938039046573894e-03
1.375520793812273594e-03
1.475150365701549497e-03
1.572891866920810185e-03
1.732992242130609222e-03
1.839197817132349512e-03
1.978818834189528461e-03
2.183686590926950388e-03
2.487040311328332729e-03
2.824706067022954206e-03
3.269892855224727779e-03
4.007138518946173726e-03
