7.681766592847620867e-01
4.679361881207115825e-01
2.649674215626970364e-01
1.856362285348159280e-01
1.669141500168624392e-01
1.611471599866115822e-01
1.593503322141997525e-01
1.585398988531492026e-01
1.581579504693255978e-01
1.580621618380904925e-01
1.579801908246336595e-01
1.577048170650980630e-01
1.574087905114030517e-01
1.571954580877740482e-01
1.569535109435278020e-01
1.565937058303979446e-01
1.565501914321733856e-01
1.563593579474144846e-01
1.562505717101815017e-01
1.562119905863143809e-01
1.561001364674357572e-01
1.557522949605929241e-01
1.556653996781174609e-01
1.555114205047980203e-01
1.553525251524114914e-01
1.553334771120700453e-01
1.551714573414588183e-01
1.550228942038057722e-01
1.548307153643294354e-01
1.547579831475395795e-01
1.545945166161973583e-01
1.545126172920630037e-01
1.544178247807248550e-01
1.542472883489166002e-01
1.540540157369964802e-01
1.539066300470426640e-01
1.537992043772475892e-01
1.537599407748321267e-01
1.532981198937096445e-01
1.529531939684413422e-01
1.529223406737112434e-01
1.527129391763560329e-01
1.526340481107391622e-01
1.523078010550757699e-01
1.519343145742440282e-01
1.514455291582957885e-01
1.513631139634236400e-01
1.511264883035360052e-01
1.509486583991662689e-01
1.509147244611637739e-01
1.508815620236668709e-01
1.508003614078568255e-01
1.506159652871318089e-01
1.505405725149065732e-01
1.503164704404518770e-01
1.500314200530472597e-01
1.500321026382932799e-01
1.497528593160527000e-01
1.495497201282478539e-01
1.492974668478780631e-01
1.492785993236213637e-01
1.493412778358264026e-01
1.490607163204298036e-01
1.489487955455942036e-01
1.488847410614634048e-01
1.487845108347796153e-01
1.486161817195501000e-01
1.480660134450194898e-01
1.478764388766667659e-01
1.474059546745813687e-01
1.471506287647761646e-01
1.470197122265002598e-01
1.468516541144542220e-01
1.467160833507234197e-01
1.465413512401586293e-01
1.463302192300885429e-01
1.459989920982450728e-01
1.458233982086909464e-01
1.454959111140853856e-01
1.454080601668556183e-01
1.451971825516145120e-01
1.451654496550695006e-01
1.447686216199188247e-01
1.443498887885555360e-01
1.440207401016370958e-01
1.440210841307282275e-01
1.438650935175537493e-01
1.436789765722862044e-01
1.435884255858530245e-01
1.434226351135578781e-01
1.433060604496937673e-01
1.428827453898679489e-01
1.428224876925960063e-01
1.425887134209543605e-01
1.421870840624254173e-01
1.421305490150841788e-01
1.419848116648849690e-01
1.419123802239142806e-01
1.414968453063217835e-01
1.415075111138180963e-01
1.408423972209937591e-01
1.404177006089332436e-01
1.399339087655062652e-01
1.396436158374564640e-01
1.395981793389358683e-01
1.394587732768414190e-01
1.391628667250917051e-01
1.389464381102809287e-01
1.385360607564476432e-01
1.384299247269116240e-01
1.381069458427551799e-01
1.378358323177243938e-01
1.376743954539927373e-01
1.373708493984400203e-01
1.370169044749273146e-01
1.365159524789419931e-01
1.366080989652634359e-01
1.363269159730474134e-01
1.360984155767944181e-01
1.358363027114347366e-01
1.351876911343609378e-01
1.351164042451212521e-01
1.349702551012382790e-01
1.348539454898839973e-01
1.344025840903197988e-01
1.343135542691719642e-01
1.334626386834817380e-01
1.329564790113346717e-01
1.327411500283224299e-01
1.325790062188891560e-01
1.325109643792450886e-01
1.322641221621539687e-01
1.321510534879610510e-01
1.318104659977819282e-01
1.316246840303831600e-01
1.313609360666259662e-01
1.312014298522046207e-01
1.308344792405397861e-01
1.305475163474900391e-01
1.301514967510064846e-01
1.301812323299060548e-01
1.298721729350970633e-01
1.295844508244533566e-01
1.292948505159908779e-01
1.290186321245963275e-01
1.285332389752593674e-01
1.286001489023758937e-01
1.285957840976763300e-01
1.283294640388768226e-01
1.280919522809983446e-01
1.278323547753475176e-01
1.275281932479493674e-01
1.273169492628757338e-01
1.271016316009366542e-01
1.264283767519345791e-01
1.258757220119857967e-01
1.260096505805548828e-01
1.254636944075707972e-01
1.248384957965144731e-01
1.247129332336778251e-01
1.247762447017862347e-01
1.241107721581390655e-01
1.241560797251717863e-01
1.242739562802257225e-01
1.239202769785235914e-01
1.236119145001763203e-01
1.237224346657841423e-01
1.229737141409522339e-01
1.226784848426866609e-01
1.221018691829745817e-01
1.212501330138556349e-01
1.210350261281559897e-01
1.208888290494722351e-01
1.205423400975467879e-01
1.206625033701983069e-01
1.205835442211832115e-01
1.206851749455345596e-01
1.200988141803815551e-01
1.197592215284720707e-01
1.196236522460846219e-01
1.195682268601146458e-01
1.188254117477581251e-01
1.184693666384917382e-01
1.182319165024916380e-01
1.184239692043239367e-01
1.180040011979030801e-01
1.181405907260118515e-01
1.177629635566495442e-01
1.179589007916960058e-01
1.182907590642082035e-01
1.182875396398132134e-01
1.174004690333793066e-01
1.176234188868843233e-01
1.168043159064678649e-01
1.158649779287977688e-01
1.156354605945946190e-01
1.150276876656260855e-01
1.147612854018928430e-01
1.148468921905245327e-01
1.145783145859727570e-01
1.140136877368889134e-01
1.142011778855325649e-01
1.144261359044428245e-01
1.137326123339496287e-01
1.132621574014581467e-01
1.133627916306560318e-01
1.138049817437223471e-01
1.135920746789149116e-01
1.124126502529510935e-01
1.122653967906090400e-01
1.130699856260146546e-01
1.136760994362114585e-01
1.138003305727409431e-01
1.137462850653526009e-01
1.138159827321844897e-01
1.135355353802737222e-01
1.141700225985140399e-01
1.139769832300353142e-01
1.143967887521807891e-01
1.144962650010319521e-01
1.150239663137455626e-01
1.148357693427344839e-01
1.149019557972451866e-01
1.157294679555772726e-01
1.150264557127628068e-01
1.154742083666851771e-01
1.155924265627109593e-01
1.158448478819821270e-01
1.168427254872583670e-01
1.178600885243146074e-01
1.186111460411335555e-01
1.192343395499858849e-01
1.197154352459224580e-01
1.193888487467376081e-01
1.204917956256097988e-01
1.205597082963306005e-01
1.216361753606832879e-01
1.223673351537920145e-01
1.232197727449696467e-01
1.231142348566466593e-01
1.248430679666113485e-01
1.245607033098428407e-01
1.258004444097432506e-01
1.265076782234751396e-01
1.272662088438843986e-01
1.272574961505852920e-01
1.284046808012059837e-01
1.289962397343229483e-01
1.297182557182611218e-01
1.301742771364886309e-01
1.318666046621239096e-01
1.339949889973827135e-01
1.363189177074820846e-01
1.360990362894248518e-01
1.380048980140780590e-01
1.391489102990280946e-01
1.404922447407962460e-01
1.412294475218600909e-01
1.435259745444533996e-01
1.457534446455922006e-01
1.456623620146403619e-01
1.491113331240718209e-01
1.501914599888947988e-01
1.521032528064143463e-01
1.549272259377736383e-01
1.585793813538708963e-01
1.607724761672445768e-01
1.641856995707865752e-01
1.663263050034413937e-01
1.694808702137376721e-01
1.716195780232839529e-01
1.742523163685143484e-01
1.759571030465051922e-01
1.803922590812461202e-01
1.831476357745760453e-01
1.860092052038276600e-01
1.897639831645120678e-01
1.905136278706544561e-01
1.961640537930910977e-01
1.991379252128468724e-01
2.004896468373255358e-01
2.065723065878279918e-01
2.129781124089547839e-01
2.188385669785768428e-01
2.262744140546371907e-01
2.323926840541996053e-01
2.357736665379957242e-01
2.414548886206748513e-01
2.489031224909116768e-01
2.553671679938879224e-01
2.604513704789946371e-01
2.668005771007188054e-01
2.751411747667470986e-01
2.804569950236195930e-01
2.859299855476388208e-01
2.942476424991579131e-01
3.042175592194140687e-01
3.137820876159659322e-01
3.212659379356587186e-01
3.282868779087436684e-01
3.379223767011603763e-01
3.462301773702143315e-01
3.570178378272453878e-01
3.641852294569599136e-01
3.769758828334520140e-01
3.880841155728310121e-01
4.019913732595938871e-01
4.203161130138153845e-01
4.396698455244676951e-01
4.523985664740072243e-01
4.673854001449661011e-01
4.832389231799714135e-01
4.958124293653806136e-01
5.079204348163388616e-01
5.227408767565316916e-01
5.451290741120313754e-01
5.652158398151674312e-01
5.943451503813266257e-01
6.285080215247694779e-01
6.713583794175812525e-01
7.107632967547373726e-01
7.661321612808824622e-01
