1.434927008479442529e-03
1.593396762769638264e-01
3.223063001949028061e-01
4.860801333592663642e-01
6.509470623781632437e-01
8.156458228040550651e-01
9.871385943873538515e-01
1.163054199966688573e+00
1.344704354567497706e+00
1.535132909723171180e+00
1.725056959099829923e+00
1.907749758977268950e+00
2.089668983326885776e+00
2.278584021145521277e+00
2.466725483436338795e+00
2.651402672711253850e+00
2.838434222288236608e+00
3.026542050860454580e+00
3.215406638101197867e+00
3.402875426019998262e+00
3.589486554114470263e+00
3.770346316328168079e+00
3.954687168417073906e+00
4.144476682919338018e+00
4.337394133251496697e+00
4.524560217702866538e+00
4.709876447631161867e+00
4.891190265045930907e+00
5.070469242485343919e+00
5.256474963644964582e+00
5.441421222668648028e+00
5.631698426090600229e+00
5.821437490014919725e+00
6.004180740470246747e+00
6.186638104317448317e+00
6.368305075777537461e+00
6.553453137112827953e+00
6.735994585256539047e+00
6.906747415030610959e+00
7.080359110885764196e+00
7.256207449027872514e+00
7.428120642093685611e+00
7.614748587047430739e+00
7.791589119888287840e+00
7.958003199962829122e+00
8.114226263301263842e+00
8.294077013956906441e+00
8.481579435594287730e+00
8.666323892306376564e+00
8.855844337059808780e+00
9.032096279825163165e+00
9.192742177159599848e+00
9.366168887562444922e+00
9.535828621481966749e+00
9.706295564647906104e+00
9.898388988874318173e+00
1.007522952171516373e+01
1.024773130485646533e+01
1.043740310134359639e+01
1.062199620632197394e+01
1.080477309049589252e+01
1.096318234554338389e+01
1.113803848898676563e+01
1.132382559097544750e+01
1.150983131213508592e+01
1.169502982404825708e+01
1.185237961695983344e+01
1.202104715618061981e+01
1.217483177492046309e+01
1.232938996918814567e+01
1.250481788584775167e+01
1.267832868054711781e+01
1.284491092921466304e+01
1.300518685564451005e+01
1.318806464097423081e+01
1.337630700442079501e+01
1.355553553128230249e+01
1.373720250274234367e+01
1.391532111689002882e+01
1.409919109691847794e+01
1.428581904187220708e+01
1.445662232222418098e+01
1.460936429568743655e+01
1.477672011988278555e+01
1.496279310847961597e+01
1.513169608373060093e+01
1.530971379672249100e+01
1.549368467790672632e+01
1.565071495049158123e+01
1.581117586237373018e+01
1.597696771865415499e+01
1.612722079694092159e+01
1.628522644736523262e+01
1.646262193656296091e+01
1.664489431495780636e+01
1.682074265309996974e+01
1.699981982822776061e+01
1.718094866019019662e+01
1.736283425082115883e+01
1.753999430398872406e+01
1.772406608632875447e+01
1.788163449841126607e+01
1.801644969986019262e+01
1.817699469603905271e+01
1.832374986759139190e+01
1.849295554630997884e+01
1.867393302653879772e+01
1.884539216440361287e+01
1.900867830864837060e+01
1.918844497500760582e+01
1.936732034782398060e+01
1.951570675472840932e+01
1.969417852292157534e+01
1.985058657171238750e+01
2.002889017131246518e+01
2.020875773882758963e+01
2.039165234101671942e+01
2.054686639279726279e+01
2.069701856992826805e+01
2.084606083434552914e+01
2.100650492936847158e+01
2.116074360330953397e+01
2.130931499566633391e+01
2.148368345019015280e+01
2.162993411596344728e+01
2.177747967990285716e+01
2.193627572271446269e+01
2.209793063160704207e+01
2.226651408653146547e+01
2.244005851494952708e+01
2.261673087919746905e+01
2.279167110693751397e+01
2.294384130718455950e+01
2.312705542970046224e+01
2.331366655779492092e+01
2.348907765759545896e+01
2.367264493415657256e+01
2.384464221151902663e+01
2.401115719274946514e+01
2.417937067676921359e+01
2.434995533795041567e+01
2.449950210814662199e+01
2.465044467766479741e+01
2.480084910768527351e+01
2.498024580313994747e+01
2.514758481047620364e+01
2.530755803343867782e+01
2.547018832017077372e+01
2.564102523424139690e+01
2.583089883304033663e+01
2.601471836249097080e+01
2.618441173012924139e+01
2.636549011151400634e+01
2.653891682191691714e+01
2.669034708035475845e+01
2.687357801972996896e+01
2.704656749179113717e+01
2.720921459538250886e+01
2.735839139467406511e+01
2.750457479301016761e+01
2.765978884479073585e+01
2.781224493164596012e+01
2.796638270443123275e+01
2.813094692998280166e+01
2.829833638789688521e+01
2.848321537948354987e+01
2.864969672699539771e+01
2.881757387382917912e+01
2.899175734290072626e+01
2.916629396601744517e+01
2.933395249368035351e+01
2.949083141453158419e+01
2.964550732681456324e+01
2.981481390668895770e+01
2.996272944153299278e+01
3.011673267944378551e+01
3.028630832906693371e+01
3.046099630391746516e+01
3.061964099499515513e+01
3.076681658802999308e+01
3.092192973865473249e+01
3.109145493770008528e+01
3.125243717222060624e+01
3.141742181925480537e+01
3.157394758606081453e+01
3.172440246665919261e+01
3.189364177909633469e+01
3.206252793748816998e+01
3.222285431449599713e+01
3.239957712932187661e+01
3.258208494374709119e+01
3.272875603100289510e+01
3.290433529939634383e+01
3.308396743088125191e+01
3.325441755718796344e+01
3.343618542980403419e+01
3.360174185005438829e+01
3.377126704909964872e+01
3.394822529995575167e+01
3.412176972837375644e+01
3.427483122216390399e+01
3.444709756927517219e+01
3.462762099430300111e+01
3.480022367860002674e+01
3.497188461877655641e+01
3.513744103902690341e+01
3.531944434767323315e+01
3.548151967804833617e+01
3.564494035716742815e+01
3.579919584796784449e+01
3.594112458090093298e+01
3.608539085727651496e+01
3.624090761252404747e+01
3.638374445585895955e+01
3.654101016447368977e+01
3.670725607595496598e+01
3.687210618811426599e+01
3.704099234650562522e+01
3.720854997301233169e+01
3.738799711904450618e+01
3.754479195559892446e+01
3.772037122399189712e+01
3.788759251331252642e+01
3.807092435384304707e+01
3.821794859514378118e+01
3.837763593149784214e+01
3.856021101335983303e+01
3.873064432280683178e+01
3.887726495948440686e+01
3.903150363342511753e+01
3.920217237890240369e+01
3.935553657615939471e+01
3.952997229811990110e+01
3.970543384849778334e+01
3.988375426495678511e+01
4.006093113498333480e+01
4.023538367380331948e+01
4.039528962932836720e+01
4.055679318648682141e+01
4.072904271673832710e+01
4.089253066329431618e+01
4.106039099326847719e+01
4.120872694959462734e+01
4.136589175705355359e+01
4.152949742162462599e+01
4.169359077511538914e+01
4.185601925953539393e+01
4.201044291892834082e+01
4.217218191211704692e+01
4.234520501789643276e+01
4.250763350231645887e+01
4.268085841040727502e+01
4.285674038226765958e+01
4.301755444819497853e+01
4.318390126083205161e+01
4.335904329088328524e+01
4.350339365155524263e+01
4.366826058057392146e+01
4.383813893366408365e+01
4.400485571720576417e+01
4.415790039413604973e+01
4.432525621833110563e+01
4.447143961666681378e+01
4.463010112460349177e+01
4.480327558211647698e+01
4.496609085430048225e+01
4.513815539909965224e+01
4.531085898455231131e+01
4.548162863118542276e+01
4.565165833600934064e+01
4.582515231384907395e+01
4.600024389332217822e+01
4.617291384505626439e+01
4.635041023540958349e+01
4.652420691671679265e+01
4.668571047387528239e+01
4.685799363784548177e+01
4.701858908460179265e+01
4.718276652238906621e+01
4.733138836532327787e+01
4.748897359426469933e+01
4.764371677398442273e+01
4.782620777154992453e+01
4.798848490423620916e+01
4.814196681950834034e+01
4.830565656837588762e+01
4.846483939895093584e+01
4.863606310078516515e+01
4.878431497281486884e+01
4.895646360191061319e+01
4.912639240557867026e+01
4.928855182024989290e+01
4.945277970861506844e+01
4.962285986401678883e+01
4.980010400148051275e+01
4.997512831351651386e+01
5.013785950140393766e+01
5.031056308685654699e+01
5.048666367788794673e+01
5.063567230858613044e+01
5.079036503772795896e+01
5.096227823079350827e+01
5.112479079951010164e+01
5.128518444395474063e+01
5.146207542737325014e+01
5.163303005945864044e+01
5.179559307875308605e+01
5.195633987724313130e+01
5.212847168947951104e+01
5.230036806568566021e+01
5.245561575118428266e+01
5.261468086374414099e+01
5.278065770547659952e+01
5.295653967733707645e+01
5.311553752245984583e+01
5.327234917587347951e+01
5.344508639504471859e+01
5.361673051836140758e+01
5.378348093562164678e+01
5.394865056810768777e+01
5.411587185742836681e+01
5.428251587956492585e+01
