3.537031780835084033e-03
1.173313586182269004e-03
4.119144818361726188e-04
2.317919362292014142e-04
1.978691114219081437e-04
1.882283001313835870e-04
1.854290849811563379e-04
1.840210817152634676e-04
1.835720775079901894e-04
1.834579117827682534e-04
1.833619417000057568e-04
1.828298879309373751e-04
1.824722463968140955e-04
1.823404886570800700e-04
1.821892312469038414e-04
1.819265949381567696e-04
1.816917370495112595e-04
1.815024399985776910e-04
1.813703687644032162e-04
1.812934332768069976e-04
1.810594454762403033e-04
1.806913038763579096e-04
1.803891795844517307e-04
1.802395161124845980e-04
1.801770628388444588e-04
1.800332720347860708e-04
1.798213832337205401e-04
1.796589716595291427e-04
1.794212594852435429e-04
1.793141920776098104e-04
1.791342308796275735e-04
1.789690791454308643e-04
1.788250436595065348e-04
1.786376015591515493e-04
1.785086067039358621e-04
1.783445558967014315e-04
1.780873961667260564e-04
1.779654674999381835e-04
1.776515506711449379e-04
1.770200697612478945e-04
1.768261239729692507e-04
1.766418728177368731e-04
1.764795866438753527e-04
1.761380290648011300e-04
1.752927585437011196e-04
1.748514497406288091e-04
1.745316076356328769e-04
1.744058520792798905e-04
1.743024575431934768e-04
1.742037211343539177e-04
1.740960292504081341e-04
1.738715777649158824e-04
1.736198622784408891e-04
1.733766332571595075e-04
1.731427891131291055e-04
1.729806450682921178e-04
1.728464551874836443e-04
1.724082021740824409e-04
1.721780409060014768e-04
1.720719025666786895e-04
1.718386985582573585e-04
1.716252448149235799e-04
1.709991356075516572e-04
1.708102778010677663e-04
1.705989240321119165e-04
1.704524770419698645e-04
1.702554921635752365e-04
1.698504192068892081e-04
1.694958150322640393e-04
1.682975401792460922e-04
1.678919440774799380e-04
1.676403167329385295e-04
1.673160468236711699e-04
1.669284930199410328e-04
1.667707140779347533e-04
1.666221168763138891e-04
1.662800320851926439e-04
1.659668973976141486e-04
1.656930910719755774e-04
1.654888340965694402e-04
1.651664781270516876e-04
1.646789318191049746e-04
1.643207005914512522e-04
1.637211149304064191e-04
1.634431450988571512e-04
1.631757195411465773e-04
1.628735831376185530e-04
1.626611461995766488e-04
1.622563952034705346e-04
1.619310503199361843e-04
1.616149369206767582e-04
1.611309637549662103e-04
1.608051686483435842e-04
1.605327123891216656e-04
1.604120203959004311e-04
1.600909832964812058e-04
1.598514407547562311e-04
1.596277808612479442e-04
1.594335389996789042e-04
1.590295470048535610e-04
1.584681707608442275e-04
1.580383328230014657e-04
1.576451948284870151e-04
1.573236231914898519e-04
1.570018131789444114e-04
1.565973649444297837e-04
1.562577588398709636e-04
1.559721732790861923e-04
1.556104740014780784e-04
1.550738816699813373e-04
1.546311884793584131e-04
1.543822904607849273e-04
1.540005317003890692e-04
1.531473318650888925e-04
1.528279743940843996e-04
1.523075843024901442e-04
1.519008365221311658e-04
1.515514538097416700e-04
1.510908519921921476e-04
1.505948502293446537e-04
1.497647315536278537e-04
1.494508236718443807e-04
1.491617653975258807e-04
1.489224155915812309e-04
1.484228881137225067e-04
1.476868325458373192e-04
1.470470835876656283e-04
1.462928948686609309e-04
1.453651195669014389e-04
1.449087559515138050e-04
1.446202368952382428e-04
1.443220093075658450e-04
1.438365991415864378e-04
1.434392591088873477e-04
1.430795910160854675e-04
1.424373969292398886e-04
1.418289567342609998e-04
1.410824983412198818e-04
1.407227180464445948e-04
1.402639410467536600e-04
1.399596730882989297e-04
1.394248866589633715e-04
1.393199783451799876e-04
1.389349616346540763e-04
1.384503807112648995e-04
1.379354640530569402e-04
1.371949293136469654e-04
1.366309905540672896e-04
1.361985864884038484e-04
1.358391473227119571e-04
1.353657789768393342e-04
1.350358583888143038e-04
1.344724660052640632e-04
1.341572334061888905e-04
1.334906841950345559e-04
1.327155729411208626e-04
1.325450834187713199e-04
1.314859260335448277e-04
1.308456008613575615e-04
1.304551837095954117e-04
1.299232522014937073e-04
1.287476131772335086e-04
1.277198644352681460e-04
1.275165521163769671e-04
1.269172217255202595e-04
1.266545929158483874e-04
1.263095620349603061e-04
1.253125681331273037e-04
1.248896431235293830e-04
1.242184453080353147e-04
1.229688458537712948e-04
1.222875618272664081e-04
1.218900278106467572e-04
1.214752803312542476e-04
1.205892390201086984e-04
1.201340333077261370e-04
1.199066909800909349e-04
1.196120918854991748e-04
1.181586563827293000e-04
1.180073680490747751e-04
1.168814569613213701e-04
1.160464468329954157e-04
1.155160890595875414e-04
1.146962867047088437e-04
1.142006666403684611e-04
1.133774226239445842e-04
1.132555642004906608e-04
1.132820539743881004e-04
1.131872269863337264e-04
1.129896834663878403e-04
1.124600422513295415e-04
1.109538461733469060e-04
1.111436491988735764e-04
1.104328435713198149e-04
1.091751037897274745e-04
1.086807189130451254e-04
1.083217849561860917e-04
1.080185751731251736e-04
1.076956138854384053e-04
1.073479421551711547e-04
1.058709619540917148e-04
1.054993386674211883e-04
1.054060698451721807e-04
1.040415945618048483e-04
1.031561359582452856e-04
1.032081714159966367e-04
1.033991561606195821e-04
1.030722820541327676e-04
1.025190317987329300e-04
1.013833938905400999e-04
1.014491585585932407e-04
1.013932409643308283e-04
1.009626601546964787e-04
1.007031708804435990e-04
9.980216275581264276e-05
9.931503854741316624e-05
9.915565884817226260e-05
9.899258384552654829e-05
9.911854685356954347e-05
9.937585869614771930e-05
9.889655729430194323e-05
9.922384025447862101e-05
9.929380586795555038e-05
9.992447800775256222e-05
9.907839308872479450e-05
9.961336540892616338e-05
9.919110912543193650e-05
1.000110961062309803e-04
1.014632408832293254e-04
1.012621460107362916e-04
1.017091021149761816e-04
1.029168341966915705e-04
1.033379573957308669e-04
1.029080750030651715e-04
1.038013755872430738e-04
1.040404281669957685e-04
1.050410220645379538e-04
1.053447555341065640e-04
1.064614839831636006e-04
1.065706290176581553e-04
1.086981079249659833e-04
1.083136001824315091e-04
1.092213581207591251e-04
1.094323792423433449e-04
1.102808727328370291e-04
1.096109940088810811e-04
1.109932532208252618e-04
1.119007803482696543e-04
1.126758117926101585e-04
1.135589869156332680e-04
1.158514296691662938e-04
1.176775363681277064e-04
1.200323746983933442e-04
1.200369543766598683e-04
1.215156636900164015e-04
1.233552538537534889e-04
1.259061577213869325e-04
1.282859221930778243e-04
1.308231280279939317e-04
1.344338318823695678e-04
1.345409213054118123e-04
1.402366882625161160e-04
1.428037187244234497e-04
1.450520203562615505e-04
1.489854494704316828e-04
1.539084802441573121e-04
1.571089224184046395e-04
1.623451021382005309e-04
1.675515074462363121e-04
1.736838229927600385e-04
1.770886300333265580e-04
1.828867624005980810e-04
1.883312115497113388e-04
1.968479562013602461e-04
2.016241194080272412e-04
2.087611309295076488e-04
2.163448271940906641e-04
2.197684343805092781e-04
2.331682040965043330e-04
2.424947236858684193e-04
2.454523756669136541e-04
2.596089698238197613e-04
2.745443822747997524e-04
2.893428441242472220e-04
3.090944733817737678e-04
3.259387211680713956e-04
3.345579307620946512e-04
3.557124993622955990e-04
3.793006893622676858e-04
3.954866036460210959e-04
4.142825726369375717e-04
4.320781942023234584e-04
4.540156469501772365e-04
4.722318850520488870e-04
4.964447045306284636e-04
5.264170186534050449e-04
5.561822591903350021e-04
5.957550303756261722e-04
6.294634317957454542e-04
6.570711289371503018e-04
6.989401929540737255e-04
7.373605170832918214e-04
7.855084125209495574e-04
8.139354085503428676e-04
8.729343126187253006e-04
9.306736318986407516e-04
9.920187509972842183e-04
1.085000285973842724e-03
1.174985031718005094e-03
1.252491024966737553e-03
1.325141366284553202e-03
1.418957630239419451e-03
1.498469050877167816e-03
1.575433828163931961e-03
1.672075691987760576e-03
1.829671825730787077e-03
1.970911482225516567e-03
2.173338971756387517e-03
2.413894998270090485e-03
2.732270525444530085e-03
3.038560018313914667e-03
3.483372024564671682e-03
