1.326401679316373539e+00
9.744142794085552950e-01
6.691258140024985979e-01
4.446299095932149670e-01
3.085948499059655292e-01
2.597498080982575397e-01
2.449024595742138044e-01
2.410132931003943491e-01
2.399235249691037963e-01
2.398946508000533440e-01
2.399209907074976722e-01
2.399385016645348701e-01
2.399225363376389641e-01
2.398222163691743625e-01
2.398349396116578880e-01
2.398308586610579385e-01
2.398189893378652737e-01
2.398274495431022835e-01
2.398203529464014994e-01
2.398120205577489172e-01
2.398105350636685618e-01
2.398220583847236742e-01
2.398115216584160159e-01
2.398296776353104065e-01
2.398335995074245275e-01
2.398394335438089608e-01
2.398283679088689391e-01
2.398207428285339393e-01
2.398145243688868389e-01
2.398123726770028663e-01
2.397666194408830664e-01
2.397829922373038714e-01
2.397820105357386378e-01
2.397441548882885964e-01
2.397425231286670344e-01
2.397526726837892752e-01
2.397423552216824683e-01
2.397576204007565437e-01
2.397216792377311889e-01
2.397167604191100532e-01
2.397406190140210780e-01
2.396936810222238812e-01
2.396948290921989688e-01
2.397095466617655268e-01
2.396747394315936752e-01
2.396449493474960002e-01
2.396546011375176588e-01
2.396319046394418673e-01
2.396173851018272571e-01
2.396073776185741466e-01
2.395418632866236630e-01
2.395657268127948658e-01
2.395550135843858841e-01
2.395339288250634413e-01
2.395237784942044479e-01
2.395192639275458557e-01
2.395238130746585314e-01
2.395582884208175278e-01
2.394916486004989020e-01
2.394421163665385044e-01
2.393865891829035364e-01
2.393845632061131767e-01
2.394057757283210575e-01
2.393503107383697925e-01
2.393347740462304363e-01
2.393281120317789779e-01
2.393375930359742942e-01
2.393530081634063778e-01
2.393480423431379733e-01
2.393279079647246677e-01
2.392878998691680692e-01
2.392877469974281357e-01
2.392328681783262578e-01
2.392261576622956853e-01
2.392142851403788462e-01
2.391766049425174678e-01
2.391574518637764324e-01
2.391187998795043512e-01
2.391089458147256652e-01
2.390912604778552275e-01
2.390386995593392072e-01
2.390182645194789679e-01
2.390087680904758316e-01
2.390265919187820609e-01
2.390011093404897369e-01
2.389856218301023016e-01
2.389880207931718292e-01
2.389696560917997092e-01
2.389613355267120320e-01
2.389055344341657339e-01
2.388656653711581368e-01
2.388233867474641725e-01
2.387881625119116225e-01
2.387519360856722173e-01
2.387667414731460547e-01
2.386105201887980809e-01
2.385812826990031110e-01
2.385368436330496111e-01
2.384805514711292318e-01
2.384134631899514634e-01
2.383578232183792833e-01
2.383275495684292200e-01
2.383258166580780879e-01
2.382588224947072286e-01
2.382533651866453606e-01
2.382547576033910153e-01
2.381854124697002917e-01
2.382052231165538436e-01
2.381596338553640668e-01
2.381412493155995180e-01
2.380806106310096315e-01
2.380530143456879022e-01
2.380148266645281119e-01
2.380116070337873480e-01
2.380529657287135670e-01
2.379861331916105771e-01
2.378870884556129606e-01
2.378678750775297390e-01
2.378281477817469625e-01
2.378421691973277574e-01
2.377531683637842952e-01
2.377590613129336450e-01
2.377507516593958814e-01
2.376196601601970049e-01
2.375929131225122393e-01
2.374578747938277945e-01
2.373916841032020775e-01
2.373558894577534051e-01
2.373827671155417096e-01
2.372773523681765973e-01
2.372693977100089058e-01
2.372635943815821769e-01
2.372696093070431889e-01
2.372007663223302532e-01
2.371311405386185289e-01
2.371278148289578391e-01
2.370611148035007554e-01
2.369825684155175138e-01
2.369994668093944323e-01
2.369832103971029613e-01
2.369252295181882850e-01
2.369232912216253928e-01
2.368464485696884503e-01
2.368381267092593001e-01
2.367972728003428784e-01
2.368014815101458503e-01
2.367408701307627816e-01
2.367365349239641814e-01
2.365850818611842099e-01
2.365468757242851772e-01
2.365261307697774651e-01
2.364819648356350779e-01
2.363227804276471222e-01
2.363401642694969440e-01
2.362750211207528539e-01
2.362764124250156528e-01
2.362158170593242623e-01
2.361787271340169414e-01
2.360134750432727468e-01
2.359574521721709839e-01
2.358066109643760511e-01
2.357544534661648872e-01
2.357713059302312952e-01
2.357087373633504346e-01
2.357028568725034745e-01
2.357104602881938960e-01
2.357344401349937835e-01
2.356053033849864753e-01
2.355233228120134914e-01
2.353724218738967866e-01
2.352527292849886653e-01
2.352059893302976823e-01
2.351046080880317968e-01
2.349680240522616093e-01
2.349990284000675611e-01
2.349989879673324011e-01
2.349059410336994114e-01
2.348318989209526031e-01
2.347702206156280780e-01
2.346676545544812975e-01
2.346104110692885381e-01
2.346123149374056971e-01
2.344120883914258546e-01
2.343097695347832465e-01
2.341787745787294595e-01
2.340573717264744502e-01
2.341205355690323675e-01
2.339694115684577969e-01
2.338818853712206214e-01
2.338308052733581999e-01
2.336319385893038947e-01
2.335376033628653591e-01
2.334220548002960693e-01
2.335768264242743808e-01
2.335319327456368277e-01
2.334398333897438615e-01
2.334324435372223949e-01
2.334195818053464155e-01
2.333292861494090376e-01
2.330888422199099141e-01
2.329803576645591845e-01
2.329680393273945715e-01
2.327847046369704298e-01
2.325969286063354624e-01
2.324912464811317026e-01
2.324424727831908011e-01
2.322853767945174952e-01
2.322651091975904691e-01
2.322832009709906997e-01
2.319214277813857195e-01
2.319409904768047481e-01
2.318923586488654542e-01
2.317477839980114640e-01
2.317213879188045889e-01
2.317116837544404007e-01
2.314505913451778696e-01
2.314707361911023387e-01
2.314248113071447344e-01
2.311650142931956642e-01
2.310806498714911561e-01
2.310971290749762874e-01
2.308376215084236571e-01
2.306193333517216337e-01
2.305008145744641412e-01
2.303751049653989247e-01
2.302403466109252117e-01
2.301154486933627841e-01
2.299067794124262376e-01
2.296691169132712707e-01
2.296436974056778324e-01
2.296255607314026947e-01
2.292358833599479617e-01
2.292289076929121261e-01
2.290852240374270099e-01
2.289324023420307164e-01
2.287270502971483765e-01
2.287336161112849264e-01
2.284307795267623287e-01
2.283377819561446809e-01
2.282756589951766280e-01
2.281962612540942847e-01
2.280530735778467100e-01
2.279514844373697335e-01
2.278970140079202567e-01
2.276722344850569124e-01
2.274123971741590089e-01
2.273078316072291161e-01
2.272663605959928945e-01
2.271798631365605503e-01
2.270933771131614654e-01
2.269386419444444913e-01
2.267859104495700551e-01
2.264724301499911052e-01
2.263438431532625861e-01
2.262952871255899945e-01
2.260912580207877498e-01
2.260063226213961385e-01
2.259477363861427668e-01
2.255940555833723937e-01
2.252574539680994581e-01
2.252795668403230478e-01
2.255396791085256814e-01
2.253026249483264243e-01
2.252044327230625642e-01
2.249200949129161464e-01
2.247236980705810128e-01
2.245489150581025106e-01
2.242918489693391249e-01
2.240392328463266802e-01
2.240005291981903568e-01
2.236974883206517550e-01
2.235103349411071694e-01
2.234637385532687592e-01
2.234926071526952829e-01
2.232302211762715594e-01
2.225918885557103266e-01
2.225548751872430675e-01
2.225040756165057032e-01
2.220098086427435002e-01
2.219538553697437411e-01
2.217673588010325436e-01
2.214055896165183779e-01
2.211522940894347089e-01
2.212398193681200387e-01
2.210076743938247656e-01
2.209018290072168877e-01
2.205725811688990790e-01
2.205460883008106554e-01
2.202110871465706721e-01
2.199480803273121954e-01
2.197098791676556917e-01
2.194124711305948938e-01
2.191658693394411828e-01
2.189474488050237033e-01
2.187316605026873306e-01
2.184631054598533684e-01
2.182613469787207661e-01
2.182235522120338223e-01
2.177920999001408120e-01
2.174782265184718733e-01
2.172829634976949087e-01
2.172248931579582598e-01
2.166249654572137695e-01
2.164589902433821378e-01
2.163267714501609651e-01
2.162538637764603033e-01
2.158572867746394730e-01
2.153055980920573487e-01
2.151802176225381946e-01
2.149181549019153481e-01
2.144815858084155591e-01
2.146122007859394554e-01
2.142010231746091509e-01
2.139091701660352229e-01
2.136184436658572494e-01
2.137945530232012725e-01
2.132360788387502315e-01
2.131626995630519772e-01
2.125754265441873458e-01
2.122705407290767787e-01
2.121300095262198537e-01
2.115683964542165174e-01
2.112684710426343815e-01
2.114295159186862505e-01
2.113107531139228334e-01
2.110061365664320787e-01
2.106646068567000207e-01
2.100798020600025684e-01
2.100021376970566123e-01
2.096489972068832086e-01
2.091579175443963601e-01
2.086686523427178086e-01
2.085951222939773086e-01
2.082283479499850987e-01
2.077569107252363045e-01
2.077673621703791107e-01
2.077295130906360865e-01
2.072552224910937935e-01
2.070624054402511183e-01
2.072394597675975003e-01
2.069567126886043829e-01
2.067020488771020570e-01
2.063959892005604313e-01
2.064992966789360174e-01
2.062879741962922175e-01
2.057885082175009150e-01
2.056945684392872675e-01
2.050868547295319755e-01
2.051806449056270687e-01
2.047654389895919858e-01
2.042454248057320454e-01
2.040618246520847501e-01
2.036189229072963014e-01
2.030905811462268562e-01
2.026556589036372091e-01
2.025777523900087473e-01
2.021667077681364721e-01
2.022240401999473303e-01
2.016289526174310509e-01
2.011504475912960499e-01
2.006560965559926468e-01
2.006737780760251000e-01
2.006488387421323794e-01
1.998416724267352007e-01
1.993307835122449523e-01
1.993671705895713742e-01
1.988033029629187598e-01
1.981501102883153065e-01
1.974301927617787555e-01
1.967832229496220275e-01
1.962096021059860085e-01
1.960281849533199172e-01
1.963844662914582817e-01
1.961577685458369136e-01
1.956593801437704894e-01
1.954745572697894063e-01
1.944529695964987426e-01
1.944141015721786436e-01
1.941109436993395942e-01
1.933449606680515687e-01
1.937531343547814477e-01
1.928287413648386295e-01
1.918140889158528595e-01
1.918234967601472885e-01
1.914918086864870472e-01
1.905516806154560205e-01
1.908650902958692330e-01
1.906658906076357796e-01
1.902121084020699793e-01
1.900039475470529371e-01
1.894335989056120939e-01
1.890187390240980481e-01
1.886706501455656659e-01
1.888340009902716166e-01
1.894015052617527006e-01
1.889712788603386540e-01
1.878481786664092934e-01
1.874634920186234177e-01
1.871980615517055690e-01
1.861538239148572138e-01
1.861369897052151945e-01
1.856803831652164283e-01
1.853978817964923864e-01
1.846266444851735467e-01
1.854761651285115887e-01
1.846228084446653039e-01
1.841412545659200095e-01
1.834830255749661521e-01
1.839683376146349081e-01
1.832878597656526776e-01
1.835535312048696965e-01
1.823008894984883832e-01
1.820728446376500276e-01
1.818204286244394230e-01
1.828832771090158071e-01
1.819720437483439979e-01
1.825914863277193489e-01
1.821609272789710687e-01
1.826504523329758600e-01
1.817214329541479434e-01
1.816534622035396451e-01
1.817446695896653697e-01
1.818214013408762653e-01
1.819450722092058048e-01
1.831614776849065096e-01
1.822892736976489403e-01
1.823605023478690468e-01
1.822773704060753341e-01
1.829676823064562696e-01
1.820149188823347863e-01
1.825782406796094548e-01
1.842152590587859684e-01
1.849852430372161405e-01
1.866417953681329955e-01
1.889549322479075200e-01
1.892700830958827241e-01
1.904979777447613765e-01
1.912267155199725843e-01
1.922211138013901199e-01
1.923993782443766398e-01
1.923695012984606156e-01
1.930353775123508919e-01
1.966530926837134208e-01
1.992249678750066255e-01
2.008452088673992608e-01
2.047805724881776868e-01
2.049564088196655087e-01
2.054473025691770649e-01
2.092919883563516548e-01
2.111142797887892997e-01
2.132041638007186046e-01
2.159082155333815756e-01
2.177994725271774068e-01
2.186634132862039781e-01
2.226707078219432034e-01
2.243422672734556034e-01
2.286906861087974752e-01
2.324922134828953380e-01
2.324977027208787184e-01
2.373864073032414257e-01
2.416005488661757405e-01
2.467378105717305259e-01
2.500982951843236934e-01
2.552607513879125434e-01
2.609281709700400076e-01
2.648031250272704362e-01
2.715496035435156497e-01
2.783550395778385811e-01
2.825869962388964929e-01
2.871135374025571840e-01
2.938251624483286806e-01
3.013053213306801092e-01
3.120125232856149622e-01
3.186617007175289173e-01
3.284924709026955658e-01
3.369179234192390959e-01
3.432129707866137247e-01
3.521234820011103217e-01
3.639704270879600689e-01
3.737734132079892913e-01
3.820394307053855409e-01
3.919676122852635558e-01
3.999731952462818318e-01
4.112910149717705077e-01
4.297368262257023619e-01
4.488088017847147171e-01
4.640089619719757752e-01
4.761728222864298199e-01
4.931365428216455959e-01
5.133200004293799745e-01
5.332117247326277898e-01
5.577096331166742083e-01
5.812987811393756088e-01
6.055709596344382994e-01
6.349460075953272664e-01
6.800122857608746907e-01
7.339407710304403087e-01
8.191528743090467080e-01
