1.492912436209222491e-03
1.592786324299914347e-01
3.225419413546853908e-01
4.869176221853488418e-01
6.492371004019474867e-01
8.161746074402997930e-01
9.785952103756229148e-01
1.143577639518633671e+00
1.314880363581926614e+00
1.515138465440010185e+00
1.715986461490653703e+00
1.918031100046203363e+00
2.116367832248521097e+00
2.312833757154438175e+00
2.512603089538690160e+00
2.718102822650663164e+00
2.917029449045543732e+00
3.114725724695942333e+00
3.312405146226550912e+00
3.513286850516773363e+00
3.711387625042068983e+00
3.906555782724345338e+00
4.101420566250451039e+00
4.301998896384499282e+00
4.503436786627707633e+00
4.707318524240069912e+00
4.906548524791110033e+00
5.109115641060043345e+00
5.308699578126617524e+00
5.508772284667021957e+00
5.707024746270393578e+00
5.905867102066319596e+00
6.108552197173781728e+00
6.308169842479932399e+00
6.508950422051415607e+00
6.709495043945879367e+00
6.910798101230779977e+00
7.106960651980506860e+00
7.302095101423200951e+00
7.495645263605889674e+00
7.688436990398133553e+00
7.882695025611886841e+00
8.077762058575439497e+00
8.274430232918792427e+00
8.471030990783004810e+00
8.667058708574431947e+00
8.866777478599310314e+00
9.059704038349856603e+00
9.253473304089755658e+00
9.449450459521798962e+00
9.650298455572418277e+00
9.848584625415359284e+00
1.004205051699908502e+01
1.023625798985347934e+01
1.043737565182069815e+01
1.063414495088274947e+01
1.083290303607974536e+01
1.102827344319944913e+01
1.121543589398267926e+01
1.140721637358767815e+01
1.160273846778546591e+01
1.179886731029561453e+01
1.199361411498319008e+01
1.218571482286414209e+01
1.237717507419320029e+01
1.256821397252756434e+01
1.276510125042814714e+01
1.296360652382831802e+01
1.315971851221868150e+01
1.335385856859391573e+01
1.354393678210037244e+01
1.373689705009049078e+01
1.392861011321632425e+01
1.411213207412548698e+01
1.430268220298600568e+01
1.449072106799820148e+01
1.468339481595192275e+01
1.487772026764482725e+01
1.506870860361980569e+01
1.525728680046518981e+01
1.545046617201252914e+01
1.564484218606479260e+01
1.583805526585171464e+01
1.603649312277276451e+01
1.623027924263245225e+01
1.642662718869985028e+01
1.662093578627296608e+01
1.681087916682112748e+01
1.699885061535416142e+01
1.718628273205401058e+01
1.737226539445213547e+01
1.756809086280610543e+01
1.775282632033994545e+01
1.794000562524298914e+01
1.812248263072536858e+01
1.830870125080058841e+01
1.849414458136558537e+01
1.866307087453889935e+01
1.884787374855198294e+01
1.904177784725024480e+01
1.923074368885082208e+01
1.941638926885326910e+01
1.960896189208834173e+01
1.979612434287165001e+01
1.998750032360180384e+01
2.017773022418643336e+01
2.036539829856335970e+01
2.055488661787732951e+01
2.074783003174774976e+01
2.093949253251428999e+01
2.113265504994192057e+01
2.132111526794887624e+01
2.150935638239855763e+01
2.168025460758702749e+01
2.185526523800358945e+01
2.202874214351949078e+01
2.221044385949166156e+01
2.239418492395813232e+01
2.256602697985467643e+01
2.275216132933094570e+01
2.293472260541230057e+01
2.311866591931618942e+01
2.329837884915344048e+01
2.348434465743185484e+01
2.367484422393307142e+01
2.386659099529855155e+01
2.404195556223062979e+01
2.421590438310060378e+01
2.440278031384754343e+01
2.458537529816847211e+01
2.476183538288675834e+01
2.494178427040102974e+01
2.513538499494314848e+01
2.531361476223911211e+01
2.549892325984580665e+01
2.566734392942548482e+01
2.584196691508696020e+01
2.603089904844793878e+01
2.622045478424108111e+01
2.640903298108652208e+01
2.659702128373941221e+01
2.675103168090084438e+01
2.693017157066534395e+01
2.710951370986726872e+01
2.728069845509210367e+01
2.747350703600420729e+01
2.765583235440850984e+01
2.784862408120081767e+01
2.803346066345345378e+01
2.822296583688724780e+01
2.839039211339946789e+01
2.856600949212838714e+01
2.871961539041495115e+01
2.888449669483927806e+01
2.906646807672803234e+01
2.925489458649538932e+01
2.943349514442672188e+01
2.961809576900233765e+01
2.977680846558443406e+01
2.996503272591437295e+01
3.015067830591682707e+01
3.030138529559993543e+01
3.046092384405166342e+01
3.063696257577522530e+01
3.082291152993385452e+01
3.101489425897634078e+01
3.120183760620246005e+01
3.138251122086760247e+01
3.156033648928869439e+01
3.173147067215414197e+01
3.190036325708788567e+01
3.208572231705392852e+01
3.227258139368105105e+01
3.244651336043121859e+01
3.262234984271739791e+01
3.279311323494754049e+01
3.296947219494713011e+01
3.315973580377129082e+01
3.332389238104476448e+01
3.346433521177735315e+01
3.364339083094291283e+01
3.382782291432064881e+01
3.401173251998498870e+01
3.419029936967669414e+01
3.436099534542771750e+01
3.454760161025804877e+01
3.470811769765745680e+01
3.485477969859161362e+01
3.499978999578655703e+01
3.518885696210582381e+01
3.533929428587233446e+01
3.548000678252147821e+01
3.565727586498957891e+01
3.581917399021155290e+01
3.598897669761385743e+01
3.616134123122370170e+01
3.634206540824819598e+01
3.652637951278735784e+01
3.671367679652887261e+01
3.684864203833042495e+01
3.698697810408957309e+01
3.713893229863683132e+01
3.730797657064868389e+01
3.749018391021434837e+01
3.766699793144807984e+01
3.783086798868524170e+01
3.799647402026030107e+01
3.817401276864487869e+01
3.835150095467010800e+01
3.851456201415734881e+01
3.868910072921983812e+01
3.885642588101326567e+01
3.903966132188604377e+01
3.920461004278945438e+01
3.938430611850682084e+01
3.954180531846421331e+01
3.968614145086760914e+01
3.985800036088390641e+01
4.003334807369616044e+01
4.018098761357791915e+01
4.032857659110041482e+01
4.049178933766568633e+01
4.068297992307808641e+01
4.085156913385560529e+01
4.101110768230731907e+01
4.119006217675400450e+01
4.135969634295832265e+01
4.153281931195870413e+01
4.167885771046059062e+01
4.183202540163258476e+01
4.199589545886964004e+01
4.217087238104661395e+01
4.234465266071868683e+01
4.252569706601899924e+01
4.268789856539707017e+01
4.285146524847790772e+01
4.300220594640057925e+01
4.317146932196958886e+01
4.332834491949488864e+01
4.350249598980220611e+01
4.366454580210231029e+01
4.384489918849134682e+01
4.402132556496997751e+01
4.418248210892124206e+01
4.434340269519550048e+01
4.451116605410342686e+01
4.466748546567576028e+01
4.482146215459757599e+01
4.498506254591797671e+01
4.516865192330624268e+01
4.532358929705596751e+01
4.550122917015934121e+01
4.567654317473207470e+01
4.584059862728671675e+01
4.601677219196856328e+01
4.617910852430490820e+01
4.633212452839885742e+01
4.649356759238654035e+01
4.667496593420251116e+01
4.682051556323064290e+01
4.696677306528988538e+01
4.713190718151091829e+01
4.730663129189107963e+01
4.745821469580310037e+01
4.761471950269301345e+01
4.777083666482793234e+01
4.792242006873989624e+01
4.807091916873076798e+01
4.821931714400300706e+01
4.839211988472739279e+01
4.857218675108013883e+01
4.874547826127835748e+01
4.890794942657317534e+01
4.908328028526555897e+01
4.925871226867677422e+01
4.941002600667217592e+01
4.958218829084457724e+01
4.972849635526316092e+01
4.989378215856238086e+01
5.006053427028300007e+01
5.022098294120322493e+01
5.037005508126691211e+01
5.054095330645530737e+01
5.069258727272668352e+01
5.087172716249119730e+01
5.102703532687611698e+01
5.118600083525506506e+01
5.135831480650562497e+01
5.152567366653860148e+01
5.170665065535983729e+01
5.187593088504862493e+01
5.203004240692874305e+01
5.220731148939672295e+01
5.237591755429402696e+01
5.254888883621622142e+01
5.270893300826163852e+01
5.286179732527737940e+01
5.303283038342406996e+01
5.321771752803599043e+01
5.337354817013436303e+01
5.351316514899728816e+01
5.367285538452708238e+01
5.384845590913609215e+01
5.402950031443659640e+01
5.420093787145815867e+01
5.435740897010833805e+01
5.451416658879509924e+01
5.466574999270713420e+01
5.483639540609865293e+01
5.500618125938100178e+01
5.518457956787477769e+01
5.536323068816535908e+01
5.554245484852876302e+01
5.572031382518942877e+01
5.590432455557234448e+01
5.606184060964949367e+01
5.622539043861056030e+01
5.637223783486230388e+01
5.651883241931720647e+01
5.666825849589638864e+01
5.682779704434801005e+01
5.700289194536359361e+01
5.715727313316018865e+01
5.731802517823660992e+01
5.747764799728716412e+01
5.765227098294855068e+01
5.780436001045413974e+01
5.797714589705871902e+01
5.815433070892774481e+01
5.832354352213737769e+01
5.850480703099505320e+01
5.867639627509471723e+01
5.885580583077571504e+01
5.902345121084509572e+01
5.919472022666881372e+01
5.936661284492461732e+01
5.953564026281659949e+01
5.971403857131036830e+01
5.987549848941776531e+01
6.005431815090624781e+01
6.020601953365675740e+01
6.037142331579442356e+01
6.054176535502978851e+01
6.071723104668063087e+01
6.088418540783876409e+01
6.107364001891301797e+01
6.124608882312180214e+01
6.140368914779788412e+01
6.157701436623563040e+01
6.173872709613993237e+01
6.189132174723911106e+01
6.204155682156816454e+01
6.219428630562563143e+01
6.236092043850779731e+01
6.253743108558543184e+01
6.270071124862982970e+01
6.286427793171071698e+01
6.304001328927800785e+01
6.320302378640588614e+01
6.336005107100926637e+01
6.351985928537752812e+01
6.368467317332270028e+01
6.386232990054574543e+01
6.401809312616495617e+01
6.416487310593757343e+01
6.433034430455442987e+01
6.448524797006450626e+01
6.463865161891354205e+01
6.478892040148211606e+01
6.495838602648851179e+01
6.510708737591693307e+01
6.528213171457286990e+01
6.543428815855760661e+01
6.559016936301536305e+01
6.575926419738664208e+01
6.593400516188646066e+01
6.609993142173756553e+01
6.626068346681392995e+01
6.640709265595117472e+01
6.655104114359947687e+01
6.671497861731566559e+01
6.687797226032370190e+01
6.704890419375168165e+01
6.721464505828514291e+01
6.739629621189791919e+01
6.756776747715898068e+01
6.774060392612295800e+01
6.791660894960691053e+01
6.807837224187053948e+01
6.825339972640679775e+01
6.841669674357106601e+01
6.856806104392576628e+01
6.875134704715790690e+01
6.893571171405652365e+01
6.909754242279915104e+01
6.926837323150841996e+01
6.943108035448020132e+01
6.959036609113520910e+01
6.975314063058583258e+01
6.990900498092398152e+01
7.007284132992140258e+01
7.023797544614242838e+01
7.040428935074869798e+01
7.056697961960065868e+01
7.075252407488420658e+01
7.091295589168470315e+01
7.107989339872301571e+01
7.124479155726709223e+01
7.141370099632059976e+01
7.155936860418718481e+01
7.169957547724260394e+01
7.186668152547878208e+01
7.202674255164396300e+01
7.218673616132966231e+01
7.235242646350390316e+01
7.252703259504541222e+01
7.271036916063705746e+01
7.288082917871093969e+01
7.305312629584162210e+01
7.323750781685984634e+01
7.341213080252120449e+01
7.357669187866952143e+01
7.373612930240247465e+01
7.390999385267350874e+01
7.406639753484449784e+01
7.421393595000746757e+01
7.436578901983601497e+01
7.452418148814217602e+01
7.468434363902591144e+01
7.485632052788071178e+01
7.502770752254312470e+01
7.520359456718853153e+01
7.536973993059662291e+01
7.553676170823395353e+01
7.571328920943133767e+01
7.588245146028177146e+01
7.603706860575564974e+01
7.620152855718478691e+01
7.637104474455070147e+01
7.652970687877346734e+01
7.669784102831668804e+01
7.685587956010725463e+01
7.702305302482261595e+01
7.719120402848575679e+01
7.735832693084167033e+01
7.752174192684418585e+01
7.769319633798583880e+01
7.785711695758217843e+01
7.802732416385924807e+01
7.819375604730399232e+01
7.835241818152677240e+01
7.850904096725507486e+01
7.865676477773567399e+01
7.883388217312555923e+01
7.899815672923743648e+01
7.916155487112040134e+01
7.931580122595890714e+01
7.946971049840162493e+01
7.962805240434821030e+01
7.980119222746833429e+01
7.997721410507207906e+01
8.012370756480848399e+01
8.030210587330215333e+01
8.047005462752760252e+01
8.063569436734252349e+01
8.080040713056884272e+01
8.097366493252735609e+01
8.112791128736573398e+01
8.130057919513180309e+01
8.146950548830514549e+01
8.163580253879135284e+01
8.179850966176306315e+01
8.195073352222688357e+01
8.211989577307726051e+01
8.228578832468878090e+01
8.245358539183618518e+01
8.262721398443039789e+01
8.277621870801489479e+01
8.292822346492167185e+01
8.309458793188697712e+01
8.327005362353783369e+01
8.343503605268085721e+01
8.360399605409352830e+01
8.377625946298482518e+01
8.394314640766366153e+01
8.411141539016530544e+01
8.427390340957984449e+01
8.444507130068484457e+01
8.461032339574440186e+01
8.477865979472503000e+01
8.494606921711736902e+01
8.510424258186630198e+01
8.527165200425855573e+01
8.544509520153505377e+01
8.561471251361957968e+01
8.578362195267291668e+01
8.594833471589937801e+01
8.611354335282453576e+01
