1.031421988103606129e-02
4.882387115356668847e-03
2.372558873647724782e-03
1.090009422715416780e-03
5.839741708027617077e-04
4.492948786559163477e-04
4.083291869703981210e-04
3.967046851230890685e-04
3.939397778186658639e-04
3.939243432741359281e-04
3.939156678114697505e-04
3.939003869061726611e-04
3.938944817475595892e-04
3.937878148018432813e-04
3.937587091337439336e-04
3.937538525397314064e-04
3.937479028632722192e-04
3.937430327122033356e-04
3.937384922920368646e-04
3.937129133663772149e-04
3.937072455740231154e-04
3.937012719046965024e-04
3.936926641210812734e-04
3.936869670363408406e-04
3.936791915250893769e-04
3.936690244668276809e-04
3.936619054690227966e-04
3.936374477530351279e-04
3.936296568504420341e-04
3.936164458227532875e-04
3.935866786578387706e-04
3.935687408496548541e-04
3.935608389322295592e-04
3.935473993829831786e-04
3.935390534221776390e-04
3.935250043325051500e-04
3.935139677977009319e-04
3.935046931979493783e-04
3.934946042030299852e-04
3.934845210771983600e-04
3.934453439612384230e-04
3.934367782310207963e-04
3.934015030978443460e-04
3.933829115696327208e-04
3.933547881102221586e-04
3.933437623873073017e-04
3.933224303303139036e-04
3.933097064144531899e-04
3.932877334300492007e-04
3.932403369569997874e-04
3.932241501764675222e-04
3.932107056245567347e-04
3.931938484032991262e-04
3.931817161893975433e-04
3.931645659123334793e-04
3.931564122446244247e-04
3.931471841552820561e-04
3.931233018305796238e-04
3.930717157513762905e-04
3.930531663612871923e-04
3.930241245155384065e-04
3.930011666689563871e-04
3.929818469948250632e-04
3.929264021706908318e-04
3.928730016852512944e-04
3.928562327039164873e-04
3.928446398368752633e-04
3.928187478086020076e-04
3.927938043401440278e-04
3.927707590184241438e-04
3.927434172691079148e-04
3.927278799189717201e-04
3.926931883440848512e-04
3.925886417230782977e-04
3.925615386215658442e-04
3.924148254126598261e-04
3.923838148174287532e-04
3.923478732180538304e-04
3.923244544798211203e-04
3.923018112695611970e-04
3.922719458503441453e-04
3.922262946799526620e-04
3.922019065853483586e-04
3.921875438018739240e-04
3.921625817166786692e-04
3.921374172036936061e-04
3.920921901549443344e-04
3.920595589413862253e-04
3.920333211794420022e-04
3.919965439857482441e-04
3.919726782098907885e-04
3.919325473863500067e-04
3.918634395798007808e-04
3.918311021643420731e-04
3.916389376706211410e-04
3.914104628849593881e-04
3.913484509982841498e-04
3.911440038532594077e-04
3.910991361202925047e-04
3.910436915448883464e-04
3.909271359940530476e-04
3.908827691325197744e-04
3.908367080663679993e-04
3.908036198451096525e-04
3.907700364911413540e-04
3.907409931207879070e-04
3.906695781343538765e-04
3.906242795573528046e-04
3.905688754106740636e-04
3.905287633293537310e-04
3.904813329428715460e-04
3.904363759299260507e-04
3.903953024964431826e-04
3.903298267152897818e-04
3.902403280851842143e-04
3.901519724695889989e-04
3.900662906592434749e-04
3.900290803049627822e-04
3.899327933821095278e-04
3.898079059991959032e-04
3.897555228050901110e-04
3.897048893747893580e-04
3.895648934647571071e-04
3.893002434858076639e-04
3.891843731997452426e-04
3.890013074442965138e-04
3.889307041093773075e-04
3.887666536957980917e-04
3.886804788832584861e-04
3.885842125271247831e-04
3.884681349075933378e-04
3.883975180435176580e-04
3.883509826058738172e-04
3.882195995157590625e-04
3.881560576255524571e-04
3.880578850777976476e-04
3.879321670420698585e-04
3.878668161757062327e-04
3.878127051662731586e-04
3.877458717402123460e-04
3.877018177456361867e-04
3.875539495516635972e-04
3.874574301565866883e-04
3.873631169043798375e-04
3.873097058527886680e-04
3.872373080811800528e-04
3.871526523285399087e-04
3.870677178762250439e-04
3.869427048318304697e-04
3.868731413231969404e-04
3.867936116635579871e-04
3.866640246514087861e-04
3.864426293810592841e-04
3.863423632488566348e-04
3.862572530953686497e-04
3.862062988235715681e-04
3.861406840343654316e-04
3.860301901867342427e-04
3.858587683125268720e-04
3.857434978517752366e-04
3.856509222675640991e-04
3.854939713027421655e-04
3.853399567532015172e-04
3.851453442155052605e-04
3.850708213264206095e-04
3.849834561156223597e-04
3.848503407693123482e-04
3.847298913890407008e-04
3.846504845069207475e-04
3.845172413773430991e-04
3.843052054165659059e-04
3.841957837061464641e-04
3.840521788367350954e-04
3.837622535787747345e-04
3.836643466413084628e-04
3.835791555889820682e-04
3.833898789116838685e-04
3.832218215901836856e-04
3.830956955036056259e-04
3.829982357667021764e-04
3.829183418833475281e-04
3.828354338109660345e-04
3.826294476576003320e-04
3.823871151267612431e-04
3.821085325052095047e-04
3.819969576074984038e-04
3.818984499638440524e-04
3.816081443071285529e-04
3.813994873741053597e-04
3.812658330766965377e-04
3.810408367612573674e-04
3.808442580384166715e-04
3.806096153623959280e-04
3.804674787789472622e-04
3.803608307816955508e-04
3.801857486965871014e-04
3.800674452608083045e-04
3.799444452033574763e-04
3.797147020834252141e-04
3.795511016477875164e-04
3.791840799657868340e-04
3.790416082408719399e-04
3.787878737718309891e-04
3.786106691224790316e-04
3.783830428275669990e-04
3.781924539423878705e-04
3.780446439657443505e-04
3.779210037575370627e-04
3.777621986067240768e-04
3.772516651027213214e-04
3.770149067026604410e-04
3.767150488682487631e-04
3.765772501944149460e-04
3.763486223837476572e-04
3.762052129144256808e-04
3.759112425141629800e-04
3.755976300971174153e-04
3.754740279343163085e-04
3.752008333153277787e-04
3.748722116640147099e-04
3.745452640341326647e-04
3.740927226775017395e-04
3.737757328457775707e-04
3.734449018358112810e-04
3.732310449785985009e-04
3.729389960135336525e-04
3.726857391207627360e-04
3.724189765969029126e-04
3.721025403076419122e-04
3.718018397333978345e-04
3.713170369653278485e-04
3.709667310928754466e-04
3.707999391168457560e-04
3.705160952510284066e-04
3.701864312333667199e-04
3.698385425124284731e-04
3.694503787837603338e-04
3.691038803243644776e-04
3.688590643049752173e-04
3.686676556692544443e-04
3.682190458077130163e-04
3.679010154460903297e-04
3.676715888792978339e-04
3.672351675633919168e-04
3.667671196230081073e-04
3.664589978727187617e-04
3.660318152776728521e-04
3.656107497269566690e-04
3.652701466497168428e-04
3.649019907227301946e-04
3.643886059942662097e-04
3.640619933054052093e-04
3.636635218121284097e-04
3.634133364885677882e-04
3.631430647436165171e-04
3.625044138509000936e-04
3.620955924105262826e-04
3.616671524625477189e-04
3.612899984977850946e-04
3.607969315807678552e-04
3.605156738565531852e-04
3.601746691316015788e-04
3.598900397254504394e-04
3.594579713932218664e-04
3.590652413038302078e-04
3.586436680985602139e-04
3.582148224252471361e-04
3.577590751194271459e-04
3.572922251475546735e-04
3.568870061843105101e-04
3.565204799665678821e-04
3.562204287461226719e-04
3.557718257120946249e-04
3.554154274984944878e-04
3.549447384421659172e-04
3.543122572751528066e-04
3.541095009498124147e-04
3.535589887513146748e-04
3.531463352662607543e-04
3.528013479925500582e-04
3.523196599759845335e-04
3.516249441221342927e-04
3.510946356268041034e-04
3.507072077699204785e-04
3.503570049902473985e-04
3.494854110146241558e-04
3.488668185147586064e-04
3.483148119378166895e-04
3.476425839466113919e-04
3.469100508207671068e-04
3.463962558170975486e-04
3.458031716453153072e-04
3.451979410770475020e-04
3.447284469423529565e-04
3.440600358718793965e-04
3.435275930021242314e-04
3.429256269819146836e-04
3.425320346002822675e-04
3.417371304132924676e-04
3.412048695654028730e-04
3.406089560650690752e-04
3.399938860894771513e-04
3.392282011972889305e-04
3.387900456955749286e-04
3.379357655221702675e-04
3.373394035153728931e-04
3.364854578830005325e-04
3.353037681189708383e-04
3.346639707239097467e-04
3.340088160334712692e-04
3.332269749500710852e-04
3.327370360141576350e-04
3.318049700158699246e-04
3.315611373227170732e-04
3.309359116316362031e-04
3.304218105717743738e-04
3.297259189863852588e-04
3.285602624767866011e-04
3.279159287806285446e-04
3.271171975998504147e-04
3.263890033607072289e-04
3.256244677388197336e-04
3.243866817065649169e-04
3.238003474276373965e-04
3.230205983091361563e-04
3.223396801883853164e-04
3.213416983754159811e-04
3.207865772360973962e-04
3.202465319100718114e-04
3.195146448259222221e-04
3.186494024918669885e-04
3.177722542073134764e-04
3.169613206660693168e-04
3.161700628061189246e-04
3.151647194127201986e-04
3.147468927643885372e-04
3.143904048654802292e-04
3.138437368002798696e-04
3.132194969043721930e-04
3.128179997512006726e-04
3.122168817867673361e-04
3.112339467419917216e-04
3.104186247029313336e-04
3.098595100665628823e-04
3.094016669051167438e-04
3.087006688996910843e-04
3.082540884408346187e-04
3.073784023234992467e-04
3.063864604474433742e-04
3.053495894306449787e-04
3.042347223205735945e-04
3.034498239471128639e-04
3.027660260109718538e-04
3.023554595204888543e-04
3.016414168453601576e-04
3.008167243284487024e-04
2.998749668302118604e-04
2.987129600979845901e-04
2.971907544110333915e-04
2.960312183221953768e-04
2.952926469504091019e-04
2.943600115186161600e-04
2.943321977306693083e-04
2.927264978817526331e-04
2.911227917838245900e-04
2.902629759280773991e-04
2.878869275303534681e-04
2.859187188177644487e-04
2.851281872551489935e-04
2.832391609001728137e-04
2.825726394038921151e-04
2.818426744406280502e-04
2.810064060678030121e-04
2.805921577638404839e-04
2.790387034644414908e-04
2.774367362936789043e-04
2.757021964378877227e-04
2.744752144379833110e-04
2.729022233154352055e-04
2.713073666666975838e-04
2.706031179229548863e-04
2.686464065916652189e-04
2.673586289597412605e-04
2.663360497572313679e-04
2.651894656147265011e-04
2.634887366491784873e-04
2.629244987683258404e-04
2.616844776169047768e-04
2.603839832823954376e-04
2.600332324379006415e-04
2.591754146188972644e-04
2.573128670785759776e-04
2.565936409889986425e-04
2.561023269555568892e-04
2.563322883150759811e-04
2.547937852085659853e-04
2.529771890356417277e-04
2.523438551319736743e-04
2.507943862915239805e-04
2.478428477901215964e-04
2.482686561037381816e-04
2.466969872645552887e-04
2.452788096013697552e-04
2.437519812284410874e-04
2.432827230935505239e-04
2.414530347921349193e-04
2.410131055876272015e-04
2.389985035483095535e-04
2.391527895261875546e-04
2.369538142871845891e-04
2.363613439746794511e-04
2.339728982195736864e-04
2.336855457139960692e-04
2.336179790267912601e-04
2.339582827723668405e-04
2.324988581205205871e-04
2.322448592078071373e-04
2.314009780668321826e-04
2.316487349630479294e-04
2.318177814361339743e-04
2.310873451824652309e-04
2.310034432060025216e-04
2.289530355589964228e-04
2.277418507338916992e-04
2.278949412705248993e-04
2.263476008146434587e-04
2.267512178088248748e-04
2.266037961375694156e-04
2.273746548771797148e-04
2.265679048334275861e-04
2.277668981693665865e-04
2.304985894913264542e-04
2.317860135012119957e-04
2.333466832256125584e-04
2.358394179979976816e-04
2.369474750151103555e-04
2.360143387916907945e-04
2.387837345854092457e-04
2.420907867048880096e-04
2.435678819172084860e-04
2.444739031925674913e-04
2.456861923277788170e-04
2.504457646759315347e-04
2.555312315487208203e-04
2.595594918913798682e-04
2.656612090732240550e-04
2.667942646036395573e-04
2.674665373510466378e-04
2.731268139432758979e-04
2.777500445347577196e-04
2.838280388595019544e-04
2.890954906281311223e-04
2.940897810478430288e-04
2.964763084539579038e-04
3.069740281004011890e-04
3.111060617295525804e-04
3.202515920693536889e-04
3.338109165289685279e-04
3.328309204063800144e-04
3.450714679114509219e-04
3.536966190909663949e-04
3.691073421980094866e-04
3.784689931228532914e-04
3.905868982223419409e-04
4.075066657524788866e-04
4.212213800527332057e-04
4.423746123331544406e-04
4.673426304759022653e-04
4.809818478871522073e-04
4.975101427068536570e-04
5.187445038946923758e-04
5.496193293971503952e-04
5.895413815942591876e-04
6.119649857648538568e-04
6.517389320785734082e-04
6.820477666452382567e-04
7.177305072311011705e-04
7.628890201215157750e-04
8.244947231932068686e-04
8.742516529544563887e-04
9.020860681065744936e-04
9.486021439427127794e-04
9.958989949385239817e-04
1.053078776484694728e-03
1.154829511899024917e-03
1.248981484898577807e-03
1.321744593374280614e-03
1.388891304733465629e-03
1.491869794400853310e-03
1.614604409471743140e-03
1.729410955616883386e-03
1.894521937988015957e-03
2.056386407519253477e-03
2.209146518373155104e-03
2.428066423010050590e-03
2.756895377731652906e-03
3.200866015270923109e-03
3.990970815179112514e-03
