2.601338255632758667e+00
2.236993886983966728e+00
1.877962377375346881e+00
1.537096460413180488e+00
1.219998517826142104e+00
9.511714275526060858e-01
7.252881745909216527e-01
5.643343400974049073e-01
4.653690111360173076e-01
4.178720117812809165e-01
3.943897512519666804e-01
3.818146724112151391e-01
3.728220893224302168e-01
3.649166419325665101e-01
3.588162695120893919e-01
3.533335923593143302e-01
3.481087656596312807e-01
3.444514568723920922e-01
3.407284370344235147e-01
3.377514825512266117e-01
3.354927771160721162e-01
3.339660618302402462e-01
3.324863945113600283e-01
3.319456002992200450e-01
3.318391438685648342e-01
3.318675973463140472e-01
3.318366159377139080e-01
3.317923064349664886e-01
3.317794097579569446e-01
3.317641491406521648e-01
3.317549487712974643e-01
3.317636765758747996e-01
3.317706538782979053e-01
3.317738126791745512e-01
3.317762209315701094e-01
3.317664152058004690e-01
3.317572398522636856e-01
3.317448665186247814e-01
3.317408202229583658e-01
3.317572844584038561e-01
3.317526798054109549e-01
3.317569745953309335e-01
3.317724061712581940e-01
3.317687124913580310e-01
3.317425031846478189e-01
3.317682798985813752e-01
3.317793449063645705e-01
3.317624209403028934e-01
3.317308825406160011e-01
3.316566648051672006e-01
3.316320407226258649e-01
3.316360925893412359e-01
3.316374828232568350e-01
3.316458710463169313e-01
3.316320726810884634e-01
3.316172070507955594e-01
3.315949284647849993e-01
3.316051931976736755e-01
3.315844355095305396e-01
3.315777947817888371e-01
3.315801229469357292e-01
3.315569248953929016e-01
3.315672373323250710e-01
3.316007607563849491e-01
3.315670849533086106e-01
3.316044504684800276e-01
3.315978158716291757e-01
3.315907432248683673e-01
3.315682180962692405e-01
3.315304986353231897e-01
3.315485397298597592e-01
3.315373102123232996e-01
3.315731162074485039e-01
3.315718466353263505e-01
3.315542411294200020e-01
3.314726047978997503e-01
3.314870407525093987e-01
3.314945313233327862e-01
3.314724546634966740e-01
3.314916516196643181e-01
3.315043535760752724e-01
3.315153237138519504e-01
3.315300533093525348e-01
3.315014669266598268e-01
3.314951717046053514e-01
3.314344002312488158e-01
3.314698404851027513e-01
3.314503749575284930e-01
3.314464515996382588e-01
3.314435275264430159e-01
3.314877323064265857e-01
3.314250204660047494e-01
3.314058605810525915e-01
3.314044701751757138e-01
3.313497513021588792e-01
3.313693287676130472e-01
3.313583634710441927e-01
3.313267678847907627e-01
3.313250007607429493e-01
3.312931429222488733e-01
3.313295468431280422e-01
3.313096248008637335e-01
3.312998067080193954e-01
3.313444580241872162e-01
3.312944982819221451e-01
3.313112685719504791e-01
3.312712171538318429e-01
3.313025862317391934e-01
3.313147174122045846e-01
3.313042247528728557e-01
3.312743404520491208e-01
3.312056371625134443e-01
3.312237623314310819e-01
3.312082356516717896e-01
3.311973319690503792e-01
3.311532355660988247e-01
3.311559869719968296e-01
3.311687327800909020e-01
3.311487203998523809e-01
3.311522390415078121e-01
3.311315338987861345e-01
3.311280774910060898e-01
3.311678784097436545e-01
3.311192581806602364e-01
3.311208507679085922e-01
3.310708178078705100e-01
3.310810490579960685e-01
3.310544631494946044e-01
3.311060000880325371e-01
3.310730914721060625e-01
3.310876977769163787e-01
3.310765054516975892e-01
3.310566319707500815e-01
3.310497690851271768e-01
3.310440362604874509e-01
3.310550255169325551e-01
3.310104488863894745e-01
3.310013914783427880e-01
3.309578398903728624e-01
3.308368982805585667e-01
3.308233116830217591e-01
3.308015809972743027e-01
3.308229461626791545e-01
3.307966363190144032e-01
3.307788499468530818e-01
3.307978059194008336e-01
3.307135528799828306e-01
3.307103621536523486e-01
3.307303292599483857e-01
3.307082109313238538e-01
3.306606830051073143e-01
3.306054723900407888e-01
3.305059188000864512e-01
3.304456350522353425e-01
3.304584288749486953e-01
3.304275603919857307e-01
3.304408583740834349e-01
3.303949780306565387e-01
3.303992713430537465e-01
3.304340210084135698e-01
3.303356860491278302e-01
3.303252859639283501e-01
3.302268364024868452e-01
3.301932682468277092e-01
3.302076634416276080e-01
3.301920365452904460e-01
3.301355045060817006e-01
3.301415337395475214e-01
3.300876911256012680e-01
3.300578579623121844e-01
3.300144331249804663e-01
3.299141577349115062e-01
3.298993409398290888e-01
3.298038612156666272e-01
3.298627318426777810e-01
3.297993681227217033e-01
3.297991658804915738e-01
3.298329097898411999e-01
3.297999257044024746e-01
3.297545690545655162e-01
3.297612547766714530e-01
3.297019662669161133e-01
3.295301822088230193e-01
3.295941178757939571e-01
3.295549198948662384e-01
3.295226454016519368e-01
3.295506672999916065e-01
3.294381978102683961e-01
3.294681131150826170e-01
3.294554540820178734e-01
3.294154477365109912e-01
3.293021272881304085e-01
3.292957839412853915e-01
3.292023395125245888e-01
3.291744986384168570e-01
3.291262510129676633e-01
3.289748898165252289e-01
3.290422189673693487e-01
3.290126608350521509e-01
3.289086032365720058e-01
3.289076074174355213e-01
3.288313920044765304e-01
3.287959658863894297e-01
3.287459214593025925e-01
3.287132413090286809e-01
3.286826612885265231e-01
3.286783091971848259e-01
3.286978182043492902e-01
3.286442830942689630e-01
3.285768833963370605e-01
3.284961050059504450e-01
3.284662098342309711e-01
3.283941599125600463e-01
3.284085223171285817e-01
3.283317096924949774e-01
3.281886642668543352e-01
3.280928405244394885e-01
3.280944412166171276e-01
3.279955760975696855e-01
3.279454743658629656e-01
3.278344732797981997e-01
3.278020018213977926e-01
3.277432881070091453e-01
3.277660682090970945e-01
3.277727616564360402e-01
3.276203176101269432e-01
3.275756009617483699e-01
3.274507515279038161e-01
3.273106412736739856e-01
3.273948748686124066e-01
3.273184549620989370e-01
3.272681839906176338e-01
3.272414684735739931e-01
3.271825659172591938e-01
3.271137476290644219e-01
3.269646720682166663e-01
3.269239907528838085e-01
3.268410667776750489e-01
3.268214831456204839e-01
3.266419205638321777e-01
3.264544163298111479e-01
3.264369743762302600e-01
3.264236169453336722e-01
3.262500947157168096e-01
3.263297374583793986e-01
3.261907031969200621e-01
3.261572355585855565e-01
3.262331426321947170e-01
3.260364611371870946e-01
3.259970517103710774e-01
3.260144813057749835e-01
3.257794325697975779e-01
3.258072904589447982e-01
3.257568424953432573e-01
3.256155225773443851e-01
3.254758872856659546e-01
3.254659464814046999e-01
3.254037359857747669e-01
3.252116801932916079e-01
3.252049205334699433e-01
3.252475974796638636e-01
3.252329941426646553e-01
3.252340778639394858e-01
3.251152267292024556e-01
3.251135473066754100e-01
3.248130975842817292e-01
3.248954392776264855e-01
3.247227166286585920e-01
3.246389131808162798e-01
3.245979147739442849e-01
3.245224976205660083e-01
3.243860654286949141e-01
3.242060887953216453e-01
3.242169992328846062e-01
3.240680564670296859e-01
3.239546361543354513e-01
3.238307408335686643e-01
3.236036144741097353e-01
3.235401423606193427e-01
3.234957969579611570e-01
3.235013019675103130e-01
3.235021143623672546e-01
3.233520343347887072e-01
3.232056138694348046e-01
3.230922849471113967e-01
3.229723917270164169e-01
3.228767752095857979e-01
3.227574213262124347e-01
3.225529606822172823e-01
3.224756356995485684e-01
3.223849998949251394e-01
3.221460093760479260e-01
3.222719146322255979e-01
3.221138386853331648e-01
3.219837236659351398e-01
3.216175096247769760e-01
3.216533959827996836e-01
3.212467549611239814e-01
3.210012235058511965e-01
3.210354304136217030e-01
3.207355989735216073e-01
3.205483821797213695e-01
3.203626457502766200e-01
3.202481136146697605e-01
3.201949884030704796e-01
3.200322291613643122e-01
3.200797939760425259e-01
3.200033718560479357e-01
3.196185959420169143e-01
3.196155728718766409e-01
3.194485051303784240e-01
3.192108035642243213e-01
3.190650200434839157e-01
3.189856608028057705e-01
3.187150086163555440e-01
3.186519623197603956e-01
3.186402380754914665e-01
3.184143923482765648e-01
3.180348811219206318e-01
3.180640915177532779e-01
3.175715586807645319e-01
3.174743806298356841e-01
3.172976213322591943e-01
3.173301973115944530e-01
3.170225162007645481e-01
3.170221124162121984e-01
3.166291908964076196e-01
3.166303263094179532e-01
3.162122147941702766e-01
3.158545019946019661e-01
3.156888048461184426e-01
3.156740496797145745e-01
3.156813964464000311e-01
3.154743192252774664e-01
3.152399542549881306e-01
3.149644979242671727e-01
3.148707957325232454e-01
3.149544378821935720e-01
3.145613220793809228e-01
3.148413755421650140e-01
3.147788014289001346e-01
3.148287796685153572e-01
3.144464435993063467e-01
3.139709334238078853e-01
3.137903854254309177e-01
3.134740651220701002e-01
3.132205337460298722e-01
3.129027791524219837e-01
3.127337699944797711e-01
3.125820784183893086e-01
3.125432310371764610e-01
3.123045205894289800e-01
3.118223721607034649e-01
3.113902738570107354e-01
3.111398967493030354e-01
3.105874930851481586e-01
3.103386279646853652e-01
3.100310045217147814e-01
3.103796704030274412e-01
3.101789789337567882e-01
3.099654098240431921e-01
3.090088669072099670e-01
3.087679657797201549e-01
3.084064808559951465e-01
3.080863732429594548e-01
3.081131165454826792e-01
3.078955011332725200e-01
3.076464319771446965e-01
3.073609031721580287e-01
3.071144074184795070e-01
3.067812851687242715e-01
3.060472279061908774e-01
3.059662511050157407e-01
3.055370523971379648e-01
3.053279728776052138e-01
3.050315777161370367e-01
3.046723936665906018e-01
3.040297518745135319e-01
3.041005542864511080e-01
3.034729994871619430e-01
3.029890006111107814e-01
3.027023972104433969e-01
3.020611022252632227e-01
3.016311221916573304e-01
3.011730207069046039e-01
3.007857238399942457e-01
3.004552877595600968e-01
3.002952698880364535e-01
2.997101199809442673e-01
2.994566072281385494e-01
2.985636796331124221e-01
2.986587845710119149e-01
2.978625480519824786e-01
2.981005846984277619e-01
2.978168041482455175e-01
2.974525366213912059e-01
2.971775597425251880e-01
2.969503895049881437e-01
2.959939926405915633e-01
2.958250590583092476e-01
2.953604973171310988e-01
2.951237032062670740e-01
2.946484278197281093e-01
2.939015578556816721e-01
2.942801983930504184e-01
2.935222273166729345e-01
2.935739173206451946e-01
2.930181488290269365e-01
2.922811917565859008e-01
2.920501966498904034e-01
2.916151700563037186e-01
2.912444217911088207e-01
2.904533048253509220e-01
2.895234620129109038e-01
2.889368886834413064e-01
2.889817724355754347e-01
2.883520484068288203e-01
2.879227535239617941e-01
2.875383993527121929e-01
2.865656384370872112e-01
2.864990089144883179e-01
2.859692441533698837e-01
2.854810744475370643e-01
2.851045989284304860e-01
2.845161720210745426e-01
2.834638980268004982e-01
2.834996371964571549e-01
2.823104744787491849e-01
2.811941017188263059e-01
2.800257682281464544e-01
2.794083743698499434e-01
2.792697937917503204e-01
2.791046477002919191e-01
2.779241907958924229e-01
2.776516603964822583e-01
2.774487946458101817e-01
2.759899677002945473e-01
2.761504756713499265e-01
2.755215738196172270e-01
2.757096223226203069e-01
2.754047230762883824e-01
2.744124325152410560e-01
2.734103106124783911e-01
2.733102528402501230e-01
2.726544007216339383e-01
2.724090170446045733e-01
2.728748146135500097e-01
2.726819646435711397e-01
2.727369607953681330e-01
2.719706292716048135e-01
2.721160878582056242e-01
2.711370489259394834e-01
2.709686035177066299e-01
2.714352815210315240e-01
2.717753369603403413e-01
2.707120772585093760e-01
2.701861909408067031e-01
2.679958076933279254e-01
2.688295418088668676e-01
2.686321447042108734e-01
2.684628582113083306e-01
2.677652553808143043e-01
2.671164164083035253e-01
2.663691747127326370e-01
2.659408160409696964e-01
2.663558843027329925e-01
2.655179450859568302e-01
2.651737330195967912e-01
2.637425648654905252e-01
2.626735902100572062e-01
2.612719887015170217e-01
2.611419179938746504e-01
2.601921028043585049e-01
2.616819001515165999e-01
2.615648239778849971e-01
2.612885383650480065e-01
2.591303551469490984e-01
2.607091920299637877e-01
2.597031636110145869e-01
2.609785608998803630e-01
2.604711359170071572e-01
2.632326286139489713e-01
2.641242441779684813e-01
2.657719296991215008e-01
2.667470283270233500e-01
2.688312970757585907e-01
2.714444254376878751e-01
2.747177644776455652e-01
2.763863552552465186e-01
2.781027349191284581e-01
2.801911610545546605e-01
2.806076863234401308e-01
2.830776942509549698e-01
2.853428942463474005e-01
2.898927584144310732e-01
2.916242997129208092e-01
2.968744090936025759e-01
2.986140148500952551e-01
3.002822161798665568e-01
3.042826327951063115e-01
3.112527791080427764e-01
3.176309026048572681e-01
3.218793421753236572e-01
3.259790394998697827e-01
3.314140517160307775e-01
3.370109682720098254e-01
3.441943726154051975e-01
3.517437940594032031e-01
3.651907241469589116e-01
3.733579705507904523e-01
3.816068333516959843e-01
3.924437586006574996e-01
4.018754634835105533e-01
4.143571386101344567e-01
4.239642689857155977e-01
4.374138183599199370e-01
4.526428060915376750e-01
4.680461807937574270e-01
4.863709616626468168e-01
5.040688554079770789e-01
5.255621743485776598e-01
5.408456381688008241e-01
5.606524934636687441e-01
5.800193890971265809e-01
6.077438389332564528e-01
6.410879355098403343e-01
6.691700601340011545e-01
7.130434998476082864e-01
8.063953145473611306e-01
