1.491927471470239682e-03
1.595923094067950299e-01
3.196063087015836301e-01
4.809073426806136364e-01
6.428010900010707740e-01
8.067778013499704581e-01
9.699416486877706634e-01
1.133782882701487749e+00
1.298691000729770728e+00
1.465174042779560315e+00
1.631216783490005096e+00
1.796903896195591654e+00
1.963166787575707950e+00
2.128701488279215237e+00
2.293440259638521272e+00
2.458754809672357489e+00
2.624865289050395845e+00
2.790535467089087618e+00
2.958102327820347988e+00
3.124737781872218179e+00
3.292033687933110908e+00
3.457805473973189159e+00
3.624525601359550375e+00
3.791601356750765373e+00
3.968719369612446091e+00
4.154965167932097359e+00
4.352489454405758629e+00
4.550555650220157844e+00
4.747216268682017848e+00
4.945062313826743328e+00
5.142315645630024967e+00
5.338840786756710699e+00
5.535975575891710854e+00
5.730536295658239965e+00
5.925249427426848570e+00
6.119319041853341190e+00
6.319010965689925818e+00
6.516213493492521103e+00
6.709842806579650265e+00
6.912142669118520821e+00
7.115069114332615463e+00
7.311086215452374582e+00
7.504580051204334801e+00
7.698480318961837376e+00
7.896936012114879055e+00
8.098423010642655129e+00
8.297776241141294307e+00
8.490067715543499816e+00
8.681885019272563397e+00
8.872262876315311075e+00
9.063318120033958536e+00
9.258369945140520585e+00
9.458231215646101475e+00
9.650861383386260428e+00
9.843457681792623148e+00
1.003393714683675775e+01
1.022277394919177773e+01
1.041589522227199716e+01
1.060893182201772511e+01
1.080245952710348512e+01
1.100345542029121404e+01
1.119605171869759452e+01
1.139003665978959567e+01
1.158173542085036267e+01
1.177141895655029380e+01
1.196911258969293534e+01
1.215999848674262296e+01
1.235718407987832634e+01
1.254326053152899867e+01
1.273177557521296244e+01
1.292742011366096300e+01
1.311623998134909996e+01
1.330487356770136564e+01
1.350060277948384879e+01
1.369611184059666442e+01
1.387942794154299619e+01
1.406953484391533848e+01
1.425622094357435188e+01
1.444756407663027176e+01
1.463927977235795908e+01
1.484029260021260299e+01
1.503639437466685891e+01
1.522362238366658893e+01
1.540990205132003510e+01
1.559316734826564144e+01
1.578315570796972622e+01
1.597912200508876523e+01
1.617065141948054929e+01
1.636583872192229094e+01
1.655555612695603429e+01
1.673863514256575158e+01
1.692789531159322891e+01
1.710011920572140198e+01
1.727744043458584855e+01
1.745806392349539493e+01
1.764662977118005927e+01
1.783511094553023568e+01
1.800553976496723507e+01
1.819776350070181437e+01
1.838998723643640076e+01
1.858090700281989882e+01
1.876217400907149369e+01
1.894686181803649916e+01
1.914074515112711339e+01
1.931660999863830952e+01
1.950895227704117474e+01
1.970159937944821849e+01
1.988247688836119309e+01
2.006193188525474369e+01
2.025000662759933689e+01
2.043664192325766749e+01
2.062114345088679102e+01
2.080039523177759264e+01
2.097790274197788207e+01
2.116054145624829985e+01
2.133310404371439972e+01
2.151907888736364072e+01
2.169375830819199535e+01
2.187722682114040040e+01
2.206144045943225862e+01
2.223644163893166237e+01
2.242563406929155434e+01
2.261403057030728192e+01
2.279873531393917219e+01
2.298152644021164903e+01
2.316963505189005801e+01
2.335789607557056513e+01
2.354207584452863955e+01
2.373858405098842184e+01
2.393202708273963353e+01
2.411351423966096874e+01
2.430876928077028509e+01
2.449967211248680243e+01
2.468691705615345100e+01
2.485428070088189401e+01
2.505099212334447500e+01
2.524230138706655779e+01
2.542563442267976370e+01
2.561878956509375982e+01
2.580064928468681629e+01
2.598047684425216630e+01
2.614184561689877029e+01
2.631169865766125326e+01
2.646651371421842569e+01
2.664725574579618694e+01
2.681643139988275237e+01
2.698360876327538094e+01
2.715754305876025398e+01
2.733713353298900017e+01
2.752520827533355785e+01
2.768828744933687602e+01
2.785036747799319556e+01
2.803483513628856727e+01
2.822201234128762337e+01
2.840830894360794900e+01
2.857872082837804228e+01
2.875719361459155010e+01
2.894860448631508376e+01
2.912152270178600588e+01
2.930643066142075526e+01
2.948160118758916681e+01
2.965479035773053695e+01
2.983773389600507642e+01
3.001964441959885832e+01
3.020184283252988422e+01
3.038874908285849585e+01
3.057672221720174122e+01
3.073800631651389281e+01
3.091592025871974769e+01
3.108269119010680370e+01
3.125652387759029338e+01
3.144556389594803392e+01
3.163661913966669204e+01
3.182344071666089746e+01
3.199825561482446190e+01
3.217759206904968039e+01
3.234536214578372437e+01
3.253130312009922420e+01
3.271431439704135613e+01
3.287815563105504424e+01
3.305898233596739288e+01
3.323994451821494067e+01
3.343130458593769561e+01
3.360955722148149505e+01
3.380499854392670755e+01
3.399276846226717907e+01
3.418436561532653428e+01
3.436993402697024180e+01
3.452784812756965493e+01
3.467670218137870108e+01
3.485043326086080384e+01
3.501869444293488698e+01
3.519201909041142784e+01
3.538107604343614554e+01
3.556986204179041522e+01
3.573807241986377647e+01
3.589048275372138619e+01
3.606209699984126615e+01
3.623860536469467775e+01
3.641281061484998105e+01
3.657604220085535474e+01
3.674752096964011372e+01
3.691874571842136987e+01
3.710461895406916710e+01
3.729391299243054192e+01
3.746320718918533288e+01
3.763118048192212228e+01
3.779178719455833146e+01
3.794301210173311034e+01
3.812239935995911111e+01
3.831062651430581667e+01
3.849589010194537053e+01
3.868616635098673129e+01
3.885203974502826441e+01
3.901141022698099903e+01
3.917804568103282037e+01
3.934181917637896220e+01
3.952334020263413095e+01
3.969011113402129354e+01
3.985510392538395763e+01
4.001665897936646843e+01
4.020251528034754784e+01
4.038381615593296914e+01
4.054985889664342835e+01
4.069512280107018398e+01
4.085887936174942325e+01
4.104922334945838713e+01
4.123291201307646503e+01
4.140369646051832575e+01
4.159805396428212276e+01
4.176741589970452395e+01
4.194395813389163408e+01
4.209381133304765399e+01
4.226442643382063835e+01
4.244613374141159312e+01
4.262174456891931129e+01
4.281227483796416777e+01
4.300485420170370787e+01
4.318029568254243600e+01
4.337106303692385723e+01
4.355295662585072591e+01
4.373026092004830190e+01
4.389206999403428000e+01
4.407010247890836752e+01
4.423672099829335025e+01
4.441038433910791383e+01
4.460003400547407892e+01
4.474739780859608373e+01
4.491979104939327527e+01
4.508325972073525634e+01
4.526423883764971379e+01
4.543292338639629691e+01
4.562072717407048827e+01
4.580358603901049719e+01
4.599311716270843675e+01
4.617003195956734629e+01
4.634952082579468424e+01
4.652411557328857583e+01
4.670285931417240732e+01
4.688275461240549191e+01
4.703624876494462370e+01
4.718625437610274531e+01
4.733592129392287262e+01
4.747664670762098638e+01
4.765232527379635741e+01
4.781911313985037282e+01
4.797929648581406070e+01
4.816061429606649114e+01
4.833962899162070670e+01
4.850538384299390060e+01
4.866780256498819313e+01
4.882114430552519480e+01
4.898239453550347378e+01
4.914281496680379746e+01
4.929837514870443016e+01
4.948333391233982326e+01
4.965696338382054620e+01
4.982017803515906706e+01
4.998339268649765899e+01
5.014562512715600917e+01
5.028426757682567683e+01
5.045315534157496273e+01
5.062407526635196575e+01
5.079482584446006399e+01
5.097949671875838362e+01
5.115295684357003125e+01
5.131771254959625139e+01
5.149337418110468434e+01
5.167535244336605871e+01
5.185870241364613520e+01
5.200681134211166778e+01
5.217183800280827910e+01
5.234587390629470605e+01
5.250568468958667268e+01
5.267773923704579175e+01
5.285194448720111637e+01
5.303388888012869984e+01
5.320392820222703278e+01
5.337872616572376927e+01
5.355245724520588624e+01
5.372969380073583068e+01
5.388818368000979575e+01
5.405254988869732813e+01
5.421854182540711520e+01
5.436739587921618977e+01
5.454691861477729731e+01
5.472679697834347934e+01
5.487565103215251838e+01
5.503453040876512858e+01
5.519005672133199170e+01
5.535079891130332186e+01
5.551806094803043123e+01
5.569382418754028663e+01
5.587072204973235046e+01
5.604287820519294883e+01
5.619412004703466579e+01
5.633303345137458251e+01
5.648708644792116473e+01
5.663533085372191067e+01
5.678755490624364910e+01
5.694949945756476239e+01
5.713039390114474259e+01
5.730448060863159299e+01
5.747081123867942409e+01
5.764884372355350450e+01
5.782785841910785507e+01
5.800746582800346118e+01
5.816470254192696387e+01
5.834092301744303199e+01
5.851409525291769143e+01
5.867678492958220460e+01
5.883947460624693804e+01
5.900052162022243607e+01
5.915283034607866597e+01
5.931148957202161398e+01
5.947370507801312556e+01
5.962523480919205099e+01
5.979505398062070043e+01
5.998350128563713923e+01
6.015574211443219355e+01
6.032073490579498554e+01
6.048251011044715142e+01
6.065778224461696766e+01
6.082736433070908788e+01
6.099664159279714681e+01
6.117431844966645826e+01
6.131644944071697267e+01
6.147285635596245612e+01
6.161236247364386287e+01
6.178966676784138201e+01
6.196351638999182398e+01
6.212078697324912469e+01
6.226752419369587699e+01
6.242692854498229593e+01
6.259286967769143928e+01
6.275793020772184150e+01
6.293508208991737263e+01
6.312601879096776969e+01
6.328340791689325329e+01
6.345876472439753258e+01
6.362399460109691063e+01
6.379867402192537895e+01
6.397313329208418509e+01
6.411712709649354736e+01
6.426528682895981603e+01
6.443700268308106160e+01
6.461232562125162815e+01
6.476546414578584177e+01
6.492109206635414864e+01
6.509502636183894708e+01
6.526349075991575432e+01
6.542150646851659701e+01
6.558231639715553740e+01
6.575675873264735571e+01
6.592891488810806777e+01
6.609094411276366543e+01
6.625498856278022686e+01
6.641864351545805789e+01
6.659689615100199944e+01
6.676483557440488426e+01
6.693101379245051419e+01
6.709107859574602628e+01
6.725329410173750944e+01
6.740382468756952505e+01
6.755962195480674382e+01
6.772879760889325951e+01
6.789108085355242395e+01
6.805656475025526220e+01
6.821219267082346960e+01
6.835791381125646637e+01
6.850834278908705244e+01
6.866449568432915385e+01
6.883126661571616012e+01
6.899903669245014726e+01
6.918128590938216860e+01
6.933542357926333466e+01
6.949904466260730374e+01
6.967375795276954875e+01
6.985065581496162679e+01
7.001707111834384989e+01
7.019401978453653612e+01
7.036256885594781352e+01
7.053382747406281794e+01
7.069556880938121424e+01
7.087607375562245693e+01
7.105021126711031343e+01
7.122069089054787128e+01
7.138209353252848643e+01
7.154559607320415182e+01
7.170667695651356155e+01
7.186101784239752988e+01
7.204160746197338483e+01
7.220331492795789075e+01
7.236524254461224359e+01
7.251780529047202606e+01
7.268057964047125097e+01
7.284819730520300141e+01
7.300479050178452667e+01
7.317902962127350008e+01
7.331956875363559334e+01
7.348522199700758506e+01
7.364574403630928146e+01
7.382557159587462081e+01
7.400324845274400332e+01
7.416072225200421997e+01
7.430927148180910535e+01
7.446420508103443581e+01
7.461663234955925361e+01
7.478208237692822991e+01
7.494778642430064508e+01
7.511365981834222794e+01
7.528310642709929823e+01
7.545145228250773073e+01
7.559900236696563525e+01
7.576087917961936569e+01
7.593926729249861296e+01
7.612498811614428007e+01
7.630981140244456640e+01
7.647578640448743670e+01
7.664448788790097922e+01
7.681808349004792547e+01
7.699095090151826071e+01
7.715126972481716905e+01
7.730640654004528756e+01
7.747917234351430693e+01
7.764211604018254320e+01
7.780133411013322586e+01
7.795045911861249976e+01
7.811181095659250673e+01
7.828750645743473058e+01
7.847400627575780163e+01
7.865198795663118858e+01
7.881281481993715943e+01
7.898945866212584122e+01
7.914452773868622160e+01
7.929808962989314125e+01
7.944706222637042003e+01
7.961034461637659376e+01
7.977733569843316275e+01
7.995223526993133589e+01
8.012666067075615217e+01
8.029018014609896170e+01
8.045141344141038076e+01
8.061593206210035589e+01
8.076566671858813606e+01
8.093438513666831113e+01
8.110501717210810568e+01
8.125903629932109595e+01
8.141705200792192443e+01
8.158859851537431496e+01
8.174779965065796716e+01
8.190847410196197131e+01
8.207643046003190079e+01
8.224379410476034025e+01
8.241769453091120567e+01
8.258131561425530265e+01
8.274500443626699564e+01
8.289866793547520274e+01
8.307067167893396231e+01
8.324435195441536450e+01
8.338881992949778521e+01
8.356073899962177620e+01
8.373987223784413914e+01
8.391118165995999334e+01
8.405842692041382236e+01
8.421503705166207965e+01
8.436875135487083810e+01
8.454427750904440586e+01
8.470673010037241113e+01
8.486142661426129052e+01
8.503180462969756093e+01
8.519713611439816248e+01
8.536619322581644553e+01
8.551499647562491191e+01
8.568683087241448959e+01
8.586813174799991089e+01
8.602668936594194804e+01
8.618690658123959736e+01
8.634331349648495291e+01
8.650476694246594889e+01
8.667900606195512125e+01
8.685260166410218119e+01
8.701271727139837253e+01
8.718475488419078090e+01
8.735855370234052941e+01
8.751018504152095545e+01
8.767841235426125479e+01
8.784404866296625869e+01
8.800726331430465166e+01
8.816644751492158605e+01
8.834956039986512621e+01
8.852867670342089923e+01
8.870213682823251133e+01
8.886350560087915085e+01
8.902521306686374203e+01
8.919196706358414417e+01
8.935467367491574464e+01
8.952588148903036824e+01
8.968740267367886076e+01
8.985180275170010589e+01
9.001828579375020922e+01
9.018847752785082150e+01
9.035523152457102469e+01
9.052913195072190433e+01
9.068928142735217079e+01
9.085776276009579533e+01
9.102734484618802924e+01
9.119084738686359515e+01
9.135722714412763423e+01
