4.090534646577691918e-02
2.702822656548698604e-02
1.838648836736969661e-02
1.220123633538337631e-02
7.810413660317911018e-03
4.830928269500834801e-03
2.898619306938876941e-03
1.793680399947340841e-03
1.265447151809212176e-03
1.062602250258223163e-03
9.625804051961924521e-04
9.092997415634707006e-04
8.739015457639961234e-04
8.463890590019124225e-04
8.223780398688288525e-04
8.029325653647682555e-04
7.862712895296313431e-04
7.719017188499786419e-04
7.601211337876399247e-04
7.506498559446607866e-04
7.432373249930705403e-04
7.379710144437591490e-04
7.343923434246837087e-04
7.324459761509693806e-04
7.317315158680833898e-04
7.314795111778825149e-04
7.314678116238671488e-04
7.314477626770498567e-04
7.314208890472387011e-04
7.314137204548639380e-04
7.314076266380179501e-04
7.314004514827937477e-04
7.313969326658666722e-04
7.313780280700017027e-04
7.313620801394348512e-04
7.313507811867926310e-04
7.313477534014272124e-04
7.313344647578138734e-04
7.313237833766491171e-04
7.313182301155898932e-04
7.313139001978160659e-04
7.313059067109354107e-04
7.312937173185132290e-04
7.312871289865708344e-04
7.312832705827026179e-04
7.312793321214892082e-04
7.312740004970907232e-04
7.312640019197527924e-04
7.312203257195409476e-04
7.311395387205000748e-04
7.311254171046988742e-04
7.311141459810129159e-04
7.311112837340628294e-04
7.310985889930818587e-04
7.310914232862194542e-04
7.310784496751022987e-04
7.310473102105224941e-04
7.310379112787994101e-04
7.310321831827507099e-04
7.310272652403542902e-04
7.310200743699456173e-04
7.310176224382760896e-04
7.310112470222703126e-04
7.309913018085441479e-04
7.309862091190752302e-04
7.309768083806294061e-04
7.309737684598341736e-04
7.309648527574848145e-04
7.309507459493447875e-04
7.309287040141898735e-04
7.309173402787370270e-04
7.309044118745050903e-04
7.308969903151640510e-04
7.308835315780677936e-04
7.308729505965655794e-04
7.308380494983437222e-04
7.308292890645115905e-04
7.307946253107634521e-04
7.307768547706580469e-04
7.307661805332424246e-04
7.307587891506589625e-04
7.307506038640183138e-04
7.307235526474790662e-04
7.307043155363855290e-04
7.306797594520285290e-04
7.306641286869606199e-04
7.306537177849645485e-04
7.306443897044595862e-04
7.306361432093342592e-04
7.306203163364151463e-04
7.306063575108877198e-04
7.305807767177895746e-04
7.305391947329088276e-04
7.305214474701684840e-04
7.304860034979482677e-04
7.304468520723172639e-04
7.303883537580199486e-04
7.303706528702984474e-04
7.303552648375474235e-04
7.303329137797026074e-04
7.303176219412444575e-04
7.302991941560706786e-04
7.302840009139914199e-04
7.302620034499274866e-04
7.302074721877623844e-04
7.301900099306187462e-04
7.301611291179742379e-04
7.301490539041533088e-04
7.301165553367137354e-04
7.300961314023179114e-04
7.300578253057698986e-04
7.300258669619164595e-04
7.299588876559883789e-04
7.299257899265261832e-04
7.298920590669893613e-04
7.298117119328568743e-04
7.297971475084324630e-04
7.297784349543816936e-04
7.297443359758608999e-04
7.297054035413072298e-04
7.296709516423891028e-04
7.296343944012464175e-04
7.295809575425866349e-04
7.295229744310037946e-04
7.294799875892808618e-04
7.294552503059636202e-04
7.294277907955299105e-04
7.293942827092522382e-04
7.293725732237290585e-04
7.293505624131704258e-04
7.293304427818700190e-04
7.292976004607711190e-04
7.292696359421841669e-04
7.292361268715954461e-04
7.292247558691887423e-04
7.292016014392395168e-04
7.291467364933516175e-04
7.290798574042114217e-04
7.290425729565181171e-04
7.289811486038274505e-04
7.289191330136783782e-04
7.288666105887155449e-04
7.288163842594172232e-04
7.287569806456313222e-04
7.287228335958697472e-04
7.286582426667684905e-04
7.285887360255246647e-04
7.284946540883044559e-04
7.284442218011387285e-04
7.283848868045716138e-04
7.283216485318424679e-04
7.281944035685480876e-04
7.281218482981411267e-04
7.280816155932434783e-04
7.280371211641201417e-04
7.279962643041208671e-04
7.279390886403800135e-04
7.278564545656084940e-04
7.278044997113368442e-04
7.277330664910855798e-04
7.276747875412884620e-04
7.274939015034613543e-04
7.274436033167363397e-04
7.273918325730914991e-04
7.273426722192243661e-04
7.272983951869335531e-04
7.272247036559677507e-04
7.271124759970649248e-04
7.270524009868380849e-04
7.269664970094036902e-04
7.268908505456684026e-04
7.268381497154868028e-04
7.267899722464677250e-04
7.266223539121134927e-04
7.264814017348629992e-04
7.263808472235969366e-04
7.262928728391913500e-04
7.262014122542162194e-04
7.261243926179786852e-04
7.260761729804664092e-04
7.260117432387421833e-04
7.259538303497325420e-04
7.258782284498337080e-04
7.258221738002549944e-04
7.257301664102406820e-04
7.256680922942554141e-04
7.255633133068979277e-04
7.254599324170309766e-04
7.253676234707624130e-04
7.252811846542124227e-04
7.251815750112762049e-04
7.250673139409276454e-04
7.249744342264677994e-04
7.249103466964080698e-04
7.248250626609538047e-04
7.247800363045102433e-04
7.246386528421242153e-04
7.245419178696143941e-04
7.244537667222046172e-04
7.242512417236238393e-04
7.240806079500186621e-04
7.240065587076695590e-04
7.238855959421434645e-04
7.237936973420807003e-04
7.236593494313067840e-04
7.234969862001696100e-04
7.233572830234954749e-04
7.232636263270576316e-04
7.231161379733394524e-04
7.230201103521945042e-04
7.228842449371335362e-04
7.228119465702361086e-04
7.226949698680629934e-04
7.224272306545343044e-04
7.222733562974627264e-04
7.221670242472819296e-04
7.220409292919360107e-04
7.218932688048633863e-04
7.216616005602120897e-04
7.214753216229092539e-04
7.212339314426159057e-04
7.210564772613267887e-04
7.209668824370052713e-04
7.208006364700530501e-04
7.205198450169531975e-04
7.203427669443301018e-04
7.202709806595421378e-04
7.201115782259667319e-04
7.200047106067142049e-04
7.198843388550015205e-04
7.196135040217368052e-04
7.194468171171762181e-04
7.192202837768787473e-04
7.190235969528064718e-04
7.188608063927996337e-04
7.186542918736165244e-04
7.185708764896393038e-04
7.183437762607222362e-04
7.178969686514643633e-04
7.177435185328397832e-04
7.176200139850315339e-04
7.174374479484520086e-04
7.173398846511270903e-04
7.171271158759288814e-04
7.169300079384792555e-04
7.166874918155566277e-04
7.164504260536983839e-04
7.161864311433958907e-04
7.160081364600361618e-04
7.157583135847840486e-04
7.155007653419016064e-04
7.153001167588613537e-04
7.151459739810259696e-04
7.150468194438538072e-04
7.149267280385230823e-04
7.147757680713569088e-04
7.145976994855356580e-04
7.143691884559644472e-04
7.140898728751689543e-04
7.139299566906424791e-04
7.136827427565952580e-04
7.134723396413772400e-04
7.131165030315981136e-04
7.127842685848477739e-04
7.125515324853182782e-04
7.120979955344162657e-04
7.118617976526456963e-04
7.116666967858682746e-04
7.112360266107565316e-04
7.109541307749661296e-04
7.105570616115467093e-04
7.101484112657677162e-04
7.099587055321001988e-04
7.095886898090713376e-04
7.089289165403177620e-04
7.086439814949903283e-04
7.082761494014812916e-04
7.078524399112950255e-04
7.073214654770667350e-04
7.068037694384905582e-04
7.064692512144251724e-04
7.061413850983156229e-04
7.058585674999482557e-04
7.054962148344115546e-04
7.051131170494531883e-04
7.048057239611217085e-04
7.045759426072105295e-04
7.041284491329210041e-04
7.037175116727428835e-04
7.033918212702236364e-04
7.029044457201788281e-04
7.024782467600910714e-04
7.020615531572120104e-04
7.010062747995864096e-04
7.004605224124060576e-04
7.000358259333451559e-04
6.995878372478715052e-04
6.989308649372418967e-04
6.985530407702517357e-04
6.982815992980539229e-04
6.976727774749829237e-04
6.971497356768833337e-04
6.967172514659585340e-04
6.963244588734616991e-04
6.960161644446455484e-04
6.957322300757238934e-04
6.954336143546122886e-04
6.947882447442447302e-04
6.939962673381235361e-04
6.932673878748113862e-04
6.924260253445153326e-04
6.918084648826388142e-04
6.914040951467274746e-04
6.910801241091911896e-04
6.905311638025812869e-04
6.899678140987495567e-04
6.892912857539130154e-04
6.888214876153760796e-04
6.883047529643829439e-04
6.873354125137680088e-04
6.865109742610530025e-04
6.859108101587765155e-04
6.853052616643492446e-04
6.846058861725669905e-04
6.842767426534205775e-04
6.831854308559936768e-04
6.825761869225486795e-04
6.820414517400757775e-04
6.813434885206239629e-04
6.801976475067786701e-04
6.796190511403280964e-04
6.784316951267744568e-04
6.777737276254966426e-04
6.772001734480497404e-04
6.766062806116325155e-04
6.758315913645059764e-04
6.754521684780724188e-04
6.749153537072223640e-04
6.743550118747117890e-04
6.737780380151011436e-04
6.730285498818136883e-04
6.717318696102817432e-04
6.711270215173810710e-04
6.700645147685598641e-04
6.693178957481473162e-04
6.688371827305753881e-04
6.682229238872432935e-04
6.672221896339669252e-04
6.664306250232355068e-04
6.656676914668258494e-04
6.648766557670995935e-04
6.642854244245780838e-04
6.632588803225021893e-04
6.617951206059613772e-04
6.611847882419833941e-04
6.605566810372109693e-04
6.598063885637234921e-04
6.590879651406578643e-04
6.584229067078334677e-04
6.574178058419920777e-04
6.558049698871361646e-04
6.543761804553349442e-04
6.531966828628918680e-04
6.521595019037684663e-04
6.511185335828569443e-04
6.504961439543729181e-04
6.501636607275917143e-04
6.483974768355392536e-04
6.471926174599859118e-04
6.456729961469249513e-04
6.449109473858548281e-04
6.433989800075914575e-04
6.427118566858241880e-04
6.416778410867850745e-04
6.397213321596064567e-04
6.386938630987261346e-04
6.369494539538718240e-04
6.353237424683180843e-04
6.343557507310290666e-04
6.326601719633290514e-04
6.315332126367238612e-04
6.305271075033275045e-04
6.278064183766708314e-04
6.261765727039516347e-04
6.237338255296692681e-04
6.225239399700482380e-04
6.216512382665385266e-04
6.197450495463773055e-04
6.172088414894043654e-04
6.161403816747095712e-04
6.145469720795983422e-04
6.133155955946446945e-04
6.122459206475862467e-04
6.110326403152631196e-04
6.100128952328493859e-04
6.080037495234673524e-04
6.062669910843426855e-04
6.045536082502855034e-04
6.032510641935706673e-04
6.021038782238787024e-04
6.004649500325782031e-04
5.993747796591945842e-04
5.976214461453673975e-04
5.960375606909188231e-04
5.942999017801365224e-04
5.922435551490485856e-04
5.908162834928033184e-04
5.894092453362783594e-04
5.871708305581914812e-04
5.850493830618903966e-04
5.832511635091424404e-04
5.820461526783228014e-04
5.794955011004669686e-04
5.765933866558520032e-04
5.743718169188628039e-04
5.721899210016866653e-04
5.698742280161847628e-04
5.669563279047454274e-04
5.653060939192843621e-04
5.631940075238553878e-04
5.609636090905938685e-04
5.595127177735609303e-04
5.580124113943739535e-04
5.562957872427010944e-04
5.544103872808917900e-04
5.515362409038865061e-04
5.496664083558036856e-04
5.471974859402547499e-04
5.447533154561163410e-04
5.400782320131233827e-04
5.388610032765546627e-04
5.358790637098073510e-04
5.343232283445262980e-04
5.321635536214086928e-04
5.308213187202573315e-04
5.297301391747887304e-04
5.268505656346623035e-04
5.237070296169580750e-04
5.221610744130195190e-04
5.209565823047708532e-04
5.184820526701924403e-04
5.161213095606576257e-04
5.106055483238171452e-04
5.104305694148358972e-04
5.086420153353994134e-04
5.070789494948656521e-04
5.080627016814867744e-04
5.064387769465065938e-04
5.049794753315487708e-04
5.015723010200404250e-04
5.010943536186425028e-04
4.980224617871958134e-04
4.964151660061811829e-04
4.956591244542164288e-04
4.950872099032796111e-04
4.904248355163494041e-04
4.880168762718005882e-04
4.831248754514776730e-04
4.817034028666208607e-04
4.806505749926007882e-04
4.800166359600112624e-04
4.750024420201682195e-04
4.720357109330139455e-04
4.710488080877055358e-04
4.681007664878904045e-04
4.669090492492333788e-04
4.640885288169342314e-04
4.564789902613716169e-04
4.546762610463355846e-04
4.538186282138371086e-04
4.492361477307403399e-04
4.496814494725531503e-04
4.464539093573820683e-04
4.500247291768217739e-04
4.469171498554196488e-04
4.435820105107376077e-04
4.363861123431044702e-04
4.367481854560006406e-04
4.346854169799456110e-04
4.351149610498437729e-04
4.342628365401422622e-04
4.394202738371691852e-04
4.451042972470531291e-04
4.483821518143041741e-04
4.499459270653576298e-04
4.549738326135114577e-04
4.616751778482926661e-04
4.702656260372519706e-04
4.774629227663789366e-04
4.873523070048641631e-04
4.929818157227133096e-04
4.951728772419598410e-04
5.018336693723071803e-04
5.107407217437396219e-04
5.267325646595604535e-04
5.310040510052003483e-04
5.488946468963242344e-04
5.576939997159270678e-04
5.616739855293556615e-04
5.726064414877913384e-04
5.953088232762421142e-04
6.176625380788085566e-04
6.314316516635821519e-04
6.489584493465085048e-04
6.707104272692466021e-04
6.910661584412192918e-04
7.194651547722089079e-04
7.505960885937602248e-04
8.060978640032701644e-04
8.430642833540872953e-04
8.752361092335360013e-04
9.265337759713286429e-04
9.688405681716026488e-04
1.032598763186797202e-03
1.079960242147524939e-03
1.137615302361720320e-03
1.222510508723285722e-03
1.301866328812537141e-03
1.394964096536860159e-03
1.504676660922816189e-03
1.627858529471301044e-03
1.733620403380244307e-03
1.854093107280693460e-03
1.987285524728305171e-03
2.162274098412527747e-03
2.430406552488784296e-03
2.641648661599135198e-03
3.001831654845824645e-03
3.812495475342699610e-03
