2.320088093234276894e+00
1.956057282674632525e+00
1.607689223829953384e+00
1.272708658460548925e+00
9.787266225096289407e-01
7.407400243504571602e-01
5.554274428425098886e-01
4.440789777139602101e-01
3.921501467690440279e-01
3.692918426579926416e-01
3.563224901787353516e-01
3.472445090415637314e-01
3.405973519598098354e-01
3.343427506045534292e-01
3.289408447343564190e-01
3.247465698686573532e-01
3.210119454463737920e-01
3.175865699232000017e-01
3.153612247700050553e-01
3.138166905477315360e-01
3.127473429192865750e-01
3.118850767440459193e-01
3.118913584157193553e-01
3.117489787967318016e-01
3.117529349303699848e-01
3.117500781959486877e-01
3.117522480400624074e-01
3.117157136766039449e-01
3.117047543546704325e-01
3.117009229533524439e-01
3.117032695468349157e-01
3.116929058154200294e-01
3.116923529326059428e-01
3.116974212486025020e-01
3.117116116723695485e-01
3.118212078577115021e-01
3.118145689686602773e-01
3.118010926262269611e-01
3.118225053043752193e-01
3.118212879148227756e-01
3.118408143376060204e-01
3.118321763798464485e-01
3.118100237084827087e-01
3.118136542841397629e-01
3.118201168563339842e-01
3.117977956739629852e-01
3.118035736556386550e-01
3.118051015521229319e-01
3.117697934992615383e-01
3.117716537959516199e-01
3.117429890612188892e-01
3.117661423258004105e-01
3.117754175341969081e-01
3.117411759874822441e-01
3.117857157125203393e-01
3.117671557386463288e-01
3.117582018841043023e-01
3.117665417078875900e-01
3.117532639640999137e-01
3.117473952111166624e-01
3.117267748463602994e-01
3.117451905405563828e-01
3.117349222602162628e-01
3.117316262913616409e-01
3.116968866432250906e-01
3.116861953768694793e-01
3.116837714770951395e-01
3.116800130359091425e-01
3.117062596233702298e-01
3.116704316012410825e-01
3.116863024205350774e-01
3.116716756334932392e-01
3.116384698565101696e-01
3.116536623696755659e-01
3.116555895745716787e-01
3.116049266133195106e-01
3.116256302180732130e-01
3.116443814701014836e-01
3.115808440848674143e-01
3.115751244279807430e-01
3.115641992790557091e-01
3.115636151958905420e-01
3.115192924644067385e-01
3.115506088823807307e-01
3.115461518566579047e-01
3.115463512606891361e-01
3.115358666790970510e-01
3.115165803211767948e-01
3.114873429478215994e-01
3.114844834443913912e-01
3.114734081095211216e-01
3.114853305173426734e-01
3.114659203321554215e-01
3.114688811924197775e-01
3.114333959280503605e-01
3.113978044287994962e-01
3.113793162420678273e-01
3.114214444009172911e-01
3.113754248455764539e-01
3.113488714227191090e-01
3.113208913776512876e-01
3.113608545041572362e-01
3.113242104029723123e-01
3.113295392300048925e-01
3.113099653244703613e-01
3.112994553037606305e-01
3.112420014591995021e-01
3.112468384525594600e-01
3.112046190896019526e-01
3.112100004035324163e-01
3.111932029891793516e-01
3.111689853376590764e-01
3.111960387149582674e-01
3.111902169062307211e-01
3.111936405196392696e-01
3.111423303296505516e-01
3.111657552183453856e-01
3.111806767689372921e-01
3.111698970409920162e-01
3.111489442464242527e-01
3.111434100026045368e-01
3.111392491173726182e-01
3.111186308813051471e-01
3.111069989178579243e-01
3.110888975578215421e-01
3.110838980630495354e-01
3.110347097190385157e-01
3.109953527993477018e-01
3.109911088133596735e-01
3.109943256774340137e-01
3.109600114001337956e-01
3.109439498770357746e-01
3.109604392228061398e-01
3.109273184499697362e-01
3.108669997222116010e-01
3.108816689856669369e-01
3.108302953648608979e-01
3.108194093383005452e-01
3.108127015108556601e-01
3.107631352069611386e-01
3.107836642968095919e-01
3.107440223790414735e-01
3.107573454094965659e-01
3.107730308351635551e-01
3.107683535129687757e-01
3.107077715877539781e-01
3.106921216284823650e-01
3.106638426095374994e-01
3.105962350333865696e-01
3.106021278850756850e-01
3.105856413189930221e-01
3.106206924304110717e-01
3.105776923519138477e-01
3.105587339061607888e-01
3.105510822276272287e-01
3.105153781244704980e-01
3.105508468646180908e-01
3.104416571473650466e-01
3.104072825156481974e-01
3.104118822227717178e-01
3.104252116317293142e-01
3.104202517403493178e-01
3.104066521099020926e-01
3.102801883802813188e-01
3.102545741367018217e-01
3.102059076160259554e-01
3.102240607449934795e-01
3.101543806709838313e-01
3.101237354388643452e-01
3.100760306991413584e-01
3.100449388528666583e-01
3.101227541304685253e-01
3.099672207094645859e-01
3.099558627402846378e-01
3.099177063039871838e-01
3.098900680279685904e-01
3.098777018989670173e-01
3.097900226092776266e-01
3.098243567137348720e-01
3.096898529529029109e-01
3.096667101738098116e-01
3.096414230029306269e-01
3.096468163806855300e-01
3.095896516448155000e-01
3.095893736895098947e-01
3.095767000311961392e-01
3.094724703682939504e-01
3.094534727515454442e-01
3.094576986127859364e-01
3.093859628895214708e-01
3.094122289802525017e-01
3.094558202390627621e-01
3.093400174792276802e-01
3.093168027581150170e-01
3.091942252368050092e-01
3.091681630215389887e-01
3.090218042186606007e-01
3.091104604627626373e-01
3.090701375192111966e-01
3.089813191950873672e-01
3.090410011848223615e-01
3.089989499840223863e-01
3.089108407192033834e-01
3.088215564271272195e-01
3.087580622052148449e-01
3.087873703323826824e-01
3.087678157183084693e-01
3.087392410756082950e-01
3.086964821332006670e-01
3.085769442832462794e-01
3.085204346742775328e-01
3.084098118764911911e-01
3.083823953785913563e-01
3.084175584898841693e-01
3.083966370843324034e-01
3.082469887789018870e-01
3.082150719198204492e-01
3.081443869980111105e-01
3.082161520512370911e-01
3.082595717697021453e-01
3.080978484524797834e-01
3.079965935734659821e-01
3.079163531149182731e-01
3.078814231446452276e-01
3.078155302876884880e-01
3.077277244562708902e-01
3.076583493580465345e-01
3.075283886065998118e-01
3.074024174545322841e-01
3.073294060143166306e-01
3.072907986288019866e-01
3.072750357875467797e-01
3.072104619790654301e-01
3.071469362823653904e-01
3.070473879461481648e-01
3.069204873184852578e-01
3.068272594154647925e-01
3.067555189306774843e-01
3.069046659861836002e-01
3.067924962627927576e-01
3.067646414104533426e-01
3.067444912196837237e-01
3.066486873112865275e-01
3.066235497727718418e-01
3.065517214113117617e-01
3.063891163967358278e-01
3.063730528979683454e-01
3.062107882317532948e-01
3.061099317622009708e-01
3.060816409778714386e-01
3.059484747695155327e-01
3.058845893726182541e-01
3.057620484127322458e-01
3.057397363603761020e-01
3.057431833914736607e-01
3.056196701619384726e-01
3.055162369488060303e-01
3.054701300412945297e-01
3.052654511875217413e-01
3.050858678428751136e-01
3.050967458955354261e-01
3.049875528059874386e-01
3.048999197601703903e-01
3.047396120208701875e-01
3.046436377912226656e-01
3.046355158360207760e-01
3.045400475194114387e-01
3.044985837532926398e-01
3.043412925413490067e-01
3.041806037901194082e-01
3.041456217295955833e-01
3.039360661782788409e-01
3.038080910753118147e-01
3.036127173818099489e-01
3.036204555468459132e-01
3.037664322491738234e-01
3.035892725889410282e-01
3.033683189529130519e-01
3.032446389120504460e-01
3.030655273763937507e-01
3.030021101355551139e-01
3.029379006693594945e-01
3.025896007909524288e-01
3.026593313126595408e-01
3.025114664809859244e-01
3.024201042477727142e-01
3.023894409319231036e-01
3.022597500712250196e-01
3.019678553520133701e-01
3.019027541232767731e-01
3.017227275810486775e-01
3.014836608142931196e-01
3.014080242034943846e-01
3.013154112088037850e-01
3.011867737575004145e-01
3.011868434292086505e-01
3.008573829901510788e-01
3.007724192269746744e-01
3.007866454649975596e-01
3.005500882896294246e-01
3.002716398038103862e-01
3.001931116503033792e-01
2.998067452092072482e-01
2.996964288088694306e-01
2.995387487008130400e-01
2.995889747937955372e-01
2.993093840304296149e-01
2.990723557840341273e-01
2.990979193267310765e-01
2.988772771075946522e-01
2.986576329462056756e-01
2.985178556615483703e-01
2.984764441172241267e-01
2.983188624729166682e-01
2.980374826427144019e-01
2.978542770701240738e-01
2.979842108953166813e-01
2.979825222744207913e-01
2.975186939965773769e-01
2.972318816039338230e-01
2.968813946224597156e-01
2.968694440437018023e-01
2.963764417406326013e-01
2.960829720763211159e-01
2.958748912170794387e-01
2.956253466972617039e-01
2.954037379384389372e-01
2.952739774732502931e-01
2.948709366928070619e-01
2.947196466508779089e-01
2.946784529275360831e-01
2.944629485312438844e-01
2.943095941953472461e-01
2.941830688804698557e-01
2.940160327726433209e-01
2.936815882281698098e-01
2.936069002406204165e-01
2.934073976094154768e-01
2.930714561878210445e-01
2.930263026097386647e-01
2.925049539566323964e-01
2.926679916686562022e-01
2.923205485825323136e-01
2.920823473542490389e-01
2.920058170113759566e-01
2.917342421084118120e-01
2.915152624255400449e-01
2.912894067364767414e-01
2.907621824666256627e-01
2.903936110665495396e-01
2.902631474266516576e-01
2.899613486902775650e-01
2.895573842666082642e-01
2.894265671624762781e-01
2.892046132030661743e-01
2.889509181381900160e-01
2.884632243079304770e-01
2.883533571259895290e-01
2.880490385932998332e-01
2.879340092807952112e-01
2.871831826812029087e-01
2.871247434927999276e-01
2.869250068038832757e-01
2.868052048836929324e-01
2.865068509230929150e-01
2.863373145765415462e-01
2.858918339511382078e-01
2.854789653183281151e-01
2.851151003870578959e-01
2.847401756550535512e-01
2.840725170213367345e-01
2.839417640151856159e-01
2.834503023954672019e-01
2.830347300585808745e-01
2.827629324090696894e-01
2.824046604261982729e-01
2.817385503951863046e-01
2.813681663759632912e-01
2.809945415497619448e-01
2.811960063600117410e-01
2.804642028436187262e-01
2.803540109902099564e-01
2.804648083108081669e-01
2.800418491818273958e-01
2.791080866991741960e-01
2.788329893899878509e-01
2.788770909291919953e-01
2.783686157736023348e-01
2.782742665335760091e-01
2.774274417108367197e-01
2.770418449082729384e-01
2.762293005701840776e-01
2.755730943744233441e-01
2.755155415642993599e-01
2.746330772730310454e-01
2.745224494954581762e-01
2.739084770834823157e-01
2.732270595239654765e-01
2.729883393074442055e-01
2.721693966130128151e-01
2.722819424764161833e-01
2.716855295832419359e-01
2.709966113209348326e-01
2.704201016984854600e-01
2.703846063970464231e-01
2.694608417870090755e-01
2.694691160451754275e-01
2.692654705105836377e-01
2.684303057774595214e-01
2.683218162993534217e-01
2.677350005034528357e-01
2.670442697165975043e-01
2.667602895584159084e-01
2.673564293949823312e-01
2.669534036920847564e-01
2.671158865937118265e-01
2.666980668091168405e-01
2.663484425796588950e-01
2.653754258817228595e-01
2.638541700564139281e-01
2.635902496004516871e-01
2.638303232297014578e-01
2.641857063881153378e-01
2.636916097061401398e-01
2.631003161874393981e-01
2.627337344247706041e-01
2.619636227710748222e-01
2.609509178852933431e-01
2.610309155228726641e-01
2.609335246567648370e-01
2.607235281030536589e-01
2.599947217704192681e-01
2.590525792791242843e-01
2.588383836311307085e-01
2.577281460293901483e-01
2.563804884816289764e-01
2.561031723419255890e-01
2.553108494878635337e-01
2.547986074880755347e-01
2.535262071537914830e-01
2.539435910676725028e-01
2.542091431185052319e-01
2.543562566318507967e-01
2.532617974209616651e-01
2.527082807421609512e-01
2.527388730524376403e-01
2.525312086083511542e-01
2.518557819515691021e-01
2.511179177106114824e-01
2.505338882300162662e-01
2.494753244375539358e-01
2.497566078880089913e-01
2.486920665135499975e-01
2.485096485580501890e-01
2.477522880421013096e-01
2.484234302652654491e-01
2.488164627260248396e-01
2.491982932523448269e-01
2.489148478945767407e-01
2.483788369925178097e-01
2.475708226831551673e-01
2.476750543339543698e-01
2.467537387256608372e-01
2.489497025862243418e-01
2.495247198756489482e-01
2.499125127873310370e-01
2.487800263050017335e-01
2.487503567054956122e-01
2.495432842850613953e-01
2.488884406508359015e-01
2.499964918917627066e-01
2.512517337780361681e-01
2.510335524048596390e-01
2.524087106493149713e-01
2.529945148977681413e-01
2.552711238848321962e-01
2.569273577412221066e-01
2.569931086271124432e-01
2.570905808057344366e-01
2.579040488596984759e-01
2.574243001327873315e-01
2.577592508811671901e-01
2.578547566390466672e-01
2.593533110576959899e-01
2.618186447356681268e-01
2.627621105593202500e-01
2.649376327777923645e-01
2.666075078052329572e-01
2.680736162083900420e-01
2.727234674753561960e-01
2.744021744936239182e-01
2.773389269017718650e-01
2.818449612055836107e-01
2.866141809102351612e-01
2.894551016730553261e-01
2.920021160418899697e-01
2.958844676050153555e-01
2.970524263309696766e-01
3.008466617711506030e-01
3.076734600838929024e-01
3.118035430291711818e-01
3.149922147845091724e-01
3.217776767476587252e-01
3.278146145730364558e-01
3.337816902796789109e-01
3.415821462981286638e-01
3.490433949814732428e-01
3.576311234962246122e-01
3.641298153749077948e-01
3.712466556214268354e-01
3.818125298838884185e-01
3.917666951375481377e-01
4.002100620274806064e-01
4.107252458292667829e-01
4.229469218215373694e-01
4.358202035038251099e-01
4.528376719806294637e-01
4.637901066122054883e-01
4.721547415757283983e-01
4.953954681451194775e-01
5.125892579695244811e-01
5.320039065828263691e-01
5.518808566280352101e-01
5.724582263973944096e-01
6.044111077751502803e-01
6.395738468353471262e-01
6.878365334411671306e-01
7.376079351614401869e-01
8.138426681967526610e-01
