1.491927471470239682e-03
1.598801987440595096e-01
3.198433940381545382e-01
4.817371413586110651e-01
6.440881246853124020e-01
8.067608666830727859e-01
9.724310447217638931e-01
1.137356097416946099e+00
1.303314164792900520e+00
1.470356050850319951e+00
1.637584218243617995e+00
1.801645602927006928e+00
1.968060906309204494e+00
2.133510933678221200e+00
2.298910157046544445e+00
2.464512596417642420e+00
2.631791567811633037e+00
2.799036669871826088e+00
2.966671269270677591e+00
3.132832552649408520e+00
3.299400268033689798e+00
3.464426928730259814e+00
3.645372176310864631e+00
3.837460434710297630e+00
4.035204871853632191e+00
4.230798606300930409e+00
4.421921588687181881e+00
4.617684669803456821e+00
4.813634032255612816e+00
5.008889073364952260e+00
5.209715619883706239e+00
5.406528650347662612e+00
5.601512736786644631e+00
5.798004008579537683e+00
5.998187037756173012e+00
6.188785045468586432e+00
6.385581141265639360e+00
6.586102863780231687e+00
6.784185994261506814e+00
6.979119276699786489e+00
7.176626628506541650e+00
7.378706340375735806e+00
7.576349169517680338e+00
7.769436573264094648e+00
7.963726338360253010e+00
8.148956056666035508e+00
8.346226323136225034e+00
8.532980161462814905e+00
8.729048066583258603e+00
8.921610495655826867e+00
9.114934984738809476e+00
9.307446609810696714e+00
9.500110646884660781e+00
9.692605337289625922e+00
9.895531782503734775e+00
1.009847516238472842e+01
1.029461080617276814e+01
1.048732564724741856e+01
1.068010822698966145e+01
1.087839457347373440e+01
1.106867082251510048e+01
1.125991234756963522e+01
1.145211914863736524e+01
1.163746740961142301e+01
1.182671064397200666e+01
1.201263468362058440e+01
1.219859259260298856e+01
1.239289929236605303e+01
1.258519076676826742e+01
1.278630520262429648e+01
1.298469315710977057e+01
1.316872051406578414e+01
1.335867500443607980e+01
1.355205029751974699e+01
1.374127659721343697e+01
1.393490591030057324e+01
1.413163426743003193e+01
1.431281660034721348e+01
1.449689476130392585e+01
1.468349618762842113e+01
1.486708324324511388e+01
1.505502250825458432e+01
1.523644192650833240e+01
1.543035912893273753e+01
1.561995799129818430e+01
1.580945524566223703e+01
1.600425305076531757e+01
1.619784849451867004e+01
1.638829409022900307e+01
1.657548822989494752e+01
1.674791534002590510e+01
1.691604104476479264e+01
1.709615649366738310e+01
1.728966726408625121e+01
1.746837713563632377e+01
1.765372539661036200e+01
1.784552576567254434e+01
1.803559879871114902e+01
1.822013419567405279e+01
1.841002094737670802e+01
1.861025478055399418e+01
1.879773680955720394e+01
1.898415195454578352e+01
1.916894137151216881e+01
1.934887053907886312e+01
1.952570066260326698e+01
1.969939787275152199e+01
1.989041924713633591e+01
2.008315102287789244e+01
2.026673807849449105e+01
2.045005417944075887e+01
2.064083846848908621e+01
2.082727054814457901e+01
2.102079825323035323e+01
2.121043098492951273e+01
2.139049562983139197e+01
2.158492087226275657e+01
2.178424023342751070e+01
2.197619301449175566e+01
2.216591041952545638e+01
2.235600038723095295e+01
2.253779236815644182e+01
2.272285273979322184e+01
2.290069894333151623e+01
2.308730036965597066e+01
2.327920234671953992e+01
2.345843719294344965e+01
2.363508103513192538e+01
2.380478166389232797e+01
2.398394877144864878e+01
2.415046568283219131e+01
2.433476399445856586e+01
2.451941793408975911e+01
2.469355544557742022e+01
2.486046185429963273e+01
2.504516659793157984e+01
2.521828802940535752e+01
2.538143494207625750e+01
2.557519973249857159e+01
2.576510341886812938e+01
2.594870740915168028e+01
2.613307345944570770e+01
2.631698227373349042e+01
2.650866410012731933e+01
2.667491005684053107e+01
2.684013993353985228e+01
2.701995055843829618e+01
2.719315666324655467e+01
2.736206136266274314e+01
2.755350610372003928e+01
2.774401943809796833e+01
2.792452438433918971e+01
2.811239591068105526e+01
2.826851493658924142e+01
2.844786832548150457e+01
2.863946547854084912e+01
2.883275609828998398e+01
2.901525933522521683e+01
2.919945603885023289e+01
2.938912263988322238e+01
2.957401366485102656e+01
2.974911645235185986e+01
2.992564175187209941e+01
3.011149805285308290e+01
3.025999647865728548e+01
3.045455719842374975e+01
3.064566324614307646e+01
3.082499970036838022e+01
3.097842611423986980e+01
3.113642488817383125e+01
3.131833541176753499e+01
3.150720608345637785e+01
3.169462037379200225e+01
3.188211933746203997e+01
3.206408066505650822e+01
3.224128335125273281e+01
3.240869779998187283e+01
3.258359737147993229e+01
3.275649865228400870e+01
3.293165224378554967e+01
3.309393548844463595e+01
3.327266229466165726e+01
3.346151603168350874e+01
3.361109827616915879e+01
3.379585382380179226e+01
3.397820464873493762e+01
3.416715999375820445e+01
3.434947694935759444e+01
3.454012576107069776e+01
3.471810744194414866e+01
3.490426856692929647e+01
3.508189461979788604e+01
3.523139219094906593e+01
3.541853552661431337e+01
3.558828695937539521e+01
3.576360989754589070e+01
3.593131223561234577e+01
3.611058095117005706e+01
3.628036625326492270e+01
3.645025316336122501e+01
3.661060585599398820e+01
3.679781693032683165e+01
3.696973600045088659e+01
3.715054577069629715e+01
3.732637674887379120e+01
3.751201289918513737e+01
3.769287347343126982e+01
3.787571540370446144e+01
3.806052175533773863e+01
3.823391414148188971e+01
3.839133713674139159e+01
3.856103776550171602e+01
3.874667391581305509e+01
3.892313147666568085e+01
3.910783622029769191e+01
3.928075443576862824e+01
3.944398602177399482e+01
3.961968152261625420e+01
3.979725677148422136e+01
3.998710965385309635e+01
4.017487957219361050e+01
4.033949980088464571e+01
4.049028440672003626e+01
4.066902814760398144e+01
4.085136203787018161e+01
4.102663417204004048e+01
4.119506470078305682e+01
4.136583221355802920e+01
4.152897912622897536e+01
4.170882362046123149e+01
4.188949791337145712e+01
4.207901210240235201e+01
4.224446212977155568e+01
4.240549220908012273e+01
4.254784335080041302e+01
4.273493588246498831e+01
4.289154601371325981e+01
4.307298236663400814e+01
4.324518932609524313e+01
4.340804834942883161e+01
4.356365933533020041e+01
4.371883001989215245e+01
4.388280673124120312e+01
4.406966217756911419e+01
4.425512898121144900e+01
4.443140026072825322e+01
4.460348867752126978e+01
4.477022573957454910e+01
4.492387230411571153e+01
4.508696841278595713e+01
4.525363773617164043e+01
4.541507424748589727e+01
4.560182808581257063e+01
4.578111373603708500e+01
4.594126321266706015e+01
4.608674726776342823e+01
4.625866633788744053e+01
4.642762184130440772e+01
4.660368990481835283e+01
4.677593073361337161e+01
4.694425965435500814e+01
4.712781284063790110e+01
4.731791974301037129e+01
4.748799293444244540e+01
4.766692295666225476e+01
4.783137383868432124e+01
4.801611245165012321e+01
4.820225664196837556e+01
4.835720717586065120e+01
4.852067584720256121e+01
4.867992778648704899e+01
4.884962841524743027e+01
4.903133572283852715e+01
4.918289932335128611e+01
4.935261688677855574e+01
4.953420565170132051e+01
4.971599763262679517e+01
4.988927147610264257e+01
5.004339221131711923e+01
5.022089972151736248e+01
5.038108306748105747e+01
5.054448400015539988e+01
5.070847764617123943e+01
5.086708606811355793e+01
5.103690523954228553e+01
5.118455693200149170e+01
5.134253877126852217e+01
5.150847990397755893e+01
5.166613998457350476e+01
5.180967655297663299e+01
5.196291668551226905e+01
5.211939133942539826e+01
5.227215730128806825e+01
5.244146843270978309e+01
5.261359071883651950e+01
5.280042923049762038e+01
5.298852090750911259e+01
5.316738319106131883e+01
5.333417105711531292e+01
5.351945157942179065e+01
5.369260688022936279e+01
5.387140142511395879e+01
5.404968792999152072e+01
5.420533278522662357e+01
5.435792940042018273e+01
5.452763002918052848e+01
5.469700889927000276e+01
5.487665017749947793e+01
5.505041512631531475e+01
5.521747394703960765e+01
5.536263624346488399e+01
5.552287039342937902e+01
5.568957358614878217e+01
5.586914712571068975e+01
5.602201469557454061e+01
5.617169854806166285e+01
5.633250847670056061e+01
5.649804317740402837e+01
5.666992837819432793e+01
5.684828262173950009e+01
5.702443535858787982e+01
5.719251025932611299e+01
5.736695259481793840e+01
5.752186925937662210e+01
5.767692140127022071e+01
5.783544514987801932e+01
5.797080227416931564e+01
5.811437271190619924e+01
5.827538585654804848e+01
5.845555210945128266e+01
5.863167097696595675e+01
5.879176964959535212e+01
5.894404450611777690e+01
5.911620066157838949e+01
5.926598612206680627e+01
5.943748182551830439e+01
5.959952798484083303e+01
5.977393645099897412e+01
5.993842120235495230e+01
6.012439604600410803e+01
6.030412199756811731e+01
6.048674377717157569e+01
6.067317585682707914e+01
6.085019226168742534e+01
6.100009626484416003e+01
6.113780730783433626e+01
6.128879512967255749e+01
6.145077355032752564e+01
6.159883167479244293e+01
6.176248662747028817e+01
6.191318655997127962e+01
6.206324297513008759e+01
6.223416289990705508e+01
6.239957905794224757e+01
6.257955902950967442e+01
6.275051282362052518e+01
6.291906189503196600e+01
6.308220880770274874e+01
6.324557587104344947e+01
6.342433654659418352e+01
6.359854179674937313e+01
6.376641348148476141e+01
6.393580928624106718e+01
6.410820252703823030e+01
6.426730205432058085e+01
6.442877243496859307e+01
6.459898110373593738e+01
6.476387228709737087e+01
6.491299729557695741e+01
6.506793089480235892e+01
6.522377896604017167e+01
6.540402989227800390e+01
6.557217253168371940e+01
6.574984938855305927e+01
6.590903358916992261e+01
6.607807376592137416e+01
6.624266012527863268e+01
6.640468934993444350e+01
6.658063887078013465e+01
6.674783316883937800e+01
6.689839762400507084e+01
6.704549047245674842e+01
6.720318442238655621e+01
6.737791464721557588e+01
6.755278034937997234e+01
6.771416605669351441e+01
6.789453552559966454e+01
6.806547238504360564e+01
6.823444482312750381e+01
6.839975937316124543e+01
6.857044221260171923e+01
6.872236144111926137e+01
6.889275639122251960e+01
6.904067903835222353e+01
6.918297937607172798e+01
6.933777749796193746e+01
6.950033169729144333e+01
6.965722971787698725e+01
6.983724355877828316e+01
7.000462413817369622e+01
7.018550164708688044e+01
7.036172212260298409e+01
7.054630832356662040e+01
7.072461176311112752e+01
7.088780947978273161e+01
7.105280227114549518e+01
7.120809149837576513e+01
7.137704700179266126e+01
7.154402114918251243e+01
7.170244328978888859e+01
7.186824894516271911e+01
7.203056605915566024e+01
7.219135905312781176e+01
7.236913751799859540e+01
7.251470624642958285e+01
7.268564310587339605e+01
7.285486956396069047e+01
7.301645848727699217e+01
7.315755646364681297e+01
7.332175332566544057e+01
7.347653451288893223e+01
7.364379654961601318e+01
7.381170210368524920e+01
7.397027665629353521e+01
7.414217879175072312e+01
7.429502942694770695e+01
7.445592402892123118e+01
7.463419359913220319e+01
7.481187045600152885e+01
7.497965746740243276e+01
7.514788478014277473e+01
7.529873712464583946e+01
7.547482212282686476e+01
7.564711375562265516e+01
7.581850785107269530e+01
7.597836943836547619e+01
7.612480183480798246e+01
7.628650930079280101e+01
7.646042666161072532e+01
7.660941619275500614e+01
7.677742335482572855e+01
7.694192504084863060e+01
7.710630818420293053e+01
7.727700795831052005e+01
7.744259346301457470e+01
7.760499525034209967e+01
7.775855714154879195e+01
7.792747877563192560e+01
7.810356377381286563e+01
7.825663455967948323e+01
7.842330388306523048e+01
7.858225099834535854e+01
7.873986027494072459e+01
7.891415019843032042e+01
7.908838931791943594e+01
7.927033371084726809e+01
7.945463202247375989e+01
7.963027671931510554e+01
7.978651428789176236e+01
7.994976280856421624e+01
8.011797318663766987e+01
8.028003628062712949e+01
8.045212469742014605e+01
8.062385748620835102e+01
8.078730922288347926e+01
8.095037146221996238e+01
8.111360304822531475e+01
8.126416750339112127e+01
8.142003250929597868e+01
8.157733696188688555e+01
8.173709694117854951e+01
8.191026917665315921e+01
8.206566001188478765e+01
8.221337944301173195e+01
8.237845690770880935e+01
8.254556653243376729e+01
8.272578358933792231e+01
8.288434120727944787e+01
8.304532048258728594e+01
8.320223543784010189e+01
8.336426466249582745e+01
8.352790268050675593e+01
8.371165908279239432e+01
8.388007267686866442e+01
8.404167853485181183e+01
8.421263232896282602e+01
8.438441592175145445e+01
8.455028931579319362e+01
8.473069265403296413e+01
8.491306041363303336e+01
8.507327762893055478e+01
8.521427399729897445e+01
8.537313643924494500e+01
8.554776505607244985e+01
8.572290171290711669e+01
8.589383857235135622e+01
8.606150704108401328e+01
8.621747365499018656e+01
8.638421071704318877e+01
8.654259898831584508e+01
8.670361213295761615e+01
8.686667437229431243e+01
8.703407188635667069e+01
8.719643980435029107e+01
8.735374425694128320e+01
8.751523157225656746e+01
8.767953004227663882e+01
8.784599614965958381e+01
8.800617949562335696e+01
8.818385635249256893e+01
8.833602960101389101e+01
8.850335937640842587e+01
8.867515990386411318e+01
8.884106716723951536e+01
8.901469663872045146e+01
8.918026520875771723e+01
8.934349679476322592e+01
8.951649968356872478e+01
8.969268628975102331e+01
8.985400425839685568e+01
9.002841272455520993e+01
9.020156802536281759e+01
9.036496895803722396e+01
9.052576195200944653e+01
9.069414167675191152e+01
9.086330039617149623e+01
9.102709082618451930e+01
9.119186346687740752e+01
9.135837870147668127e+01
