3.252743789888452863e-02
2.059452546599695524e-02
1.342079905524822675e-02
8.439968234021504381e-03
5.098547666162419646e-03
2.963868714077400653e-03
1.731798503394478550e-03
1.158541713497200035e-03
9.392546590174241173e-04
8.499213407259711018e-04
8.066779610557546195e-04
7.716491802366047320e-04
7.479810080597976141e-04
7.285683471441001084e-04
7.119497722637321531e-04
6.977370096748743231e-04
6.865226290049347918e-04
6.773807301774226446e-04
6.705418183769968959e-04
6.658121795618534514e-04
6.628307446185059551e-04
6.611399057389332227e-04
6.606484017548491230e-04
6.604359503226699644e-04
6.604247079118286080e-04
6.603879810262451751e-04
6.603350162296407451e-04
6.603228725572998217e-04
6.603134408997102332e-04
6.603074246322053259e-04
6.603013786053851808e-04
6.602964992615592815e-04
6.602916814179549641e-04
6.602886785352090086e-04
6.602817824075315339e-04
6.601951979292740216e-04
6.601844278652511163e-04
6.601789397638153575e-04
6.601594971581811657e-04
6.601530429076534704e-04
6.601493079236342475e-04
6.601432023352990942e-04
6.601338154789953422e-04
6.601265882616090498e-04
6.601204029746518456e-04
6.601103276161590216e-04
6.601023677469826899e-04
6.600943163928666172e-04
6.600797787814230780e-04
6.600556885671909988e-04
6.600462480264525280e-04
6.600378570236711427e-04
6.600328556896990686e-04
6.600272786441123288e-04
6.600207623584592245e-04
6.600119207510128216e-04
6.600083193715605701e-04
6.599985017368340109e-04
6.599943574131460731e-04
6.599861834379988331e-04
6.599640366033634326e-04
6.599593427169199488e-04
6.599490144880845125e-04
6.599317879897655548e-04
6.599230008290082796e-04
6.599121469812842602e-04
6.598993114029839437e-04
6.598844314021164083e-04
6.598479496627573677e-04
6.598419017253833677e-04
6.598302023537209408e-04
6.597964919912906265e-04
6.597845555930305231e-04
6.597715505987523238e-04
6.597562562490719325e-04
6.597208751551956324e-04
6.597055205483596391e-04
6.596880486152617356e-04
6.596607572266512381e-04
6.596383005239954888e-04
6.596195168008965257e-04
6.595882263494155708e-04
6.595503604064614691e-04
6.595353743251449298e-04
6.595248766017874518e-04
6.595063978465067400e-04
6.594982230477870614e-04
6.594907813031190879e-04
6.594709857925268185e-04
6.594444015828535835e-04
6.594243353204903759e-04
6.594162600763693117e-04
6.593981590854706585e-04
6.593864127936349727e-04
6.593447801100521533e-04
6.593313304146374704e-04
6.593132461150115302e-04
6.592936742926989654e-04
6.592363090569662186e-04
6.592247655406723332e-04
6.592136396904574704e-04
6.591984846016955227e-04
6.591721849096563498e-04
6.591406356515439957e-04
6.591204380690319142e-04
6.590880014683901363e-04
6.590255431735355957e-04
6.590072943158005458e-04
6.589792542285382530e-04
6.589535325503923392e-04
6.589195597959411534e-04
6.588872747458328913e-04
6.588601879274715890e-04
6.588498733766315211e-04
6.588252960253300440e-04
6.587995373119515021e-04
6.587747358399408375e-04
6.587560404281805849e-04
6.587173155323764471e-04
6.586904744559794658e-04
6.586641354086857775e-04
6.586428873528862383e-04
6.585871660063745284e-04
6.585638953429255897e-04
6.585486951811544065e-04
6.585215662353783748e-04
6.584744538527158644e-04
6.584439137686202157e-04
6.583956576021643328e-04
6.583361835921653759e-04
6.582959333204536218e-04
6.582601310613976587e-04
6.582017156943582381e-04
6.581643457319627348e-04
6.581209850363008932e-04
6.580869232173325529e-04
6.580615568178717996e-04
6.580250380269487935e-04
6.579925911074113211e-04
6.579634093304511690e-04
6.579358448393786939e-04
6.578901480271233870e-04
6.578434880928698018e-04
6.578026515548749146e-04
6.577568062781586136e-04
6.576812458098410356e-04
6.576482532227683180e-04
6.576113170869862280e-04
6.575634300205807818e-04
6.575168555418455093e-04
6.574790113229104756e-04
6.574318679609303297e-04
6.573950712020634139e-04
6.573453617976716176e-04
6.572562804134198574e-04
6.571938126791192387e-04
6.571546990247093900e-04
6.570561169281594754e-04
6.569759367034520717e-04
6.569345091681889166e-04
6.568599828080236378e-04
6.568292212333890802e-04
6.567656488693623387e-04
6.567193463494619670e-04
6.565367735168410645e-04
6.564579823394251293e-04
6.564003853351843510e-04
6.563225921310143415e-04
6.562531990440494513e-04
6.561549964102955743e-04
6.560823920936893284e-04
6.559941074963790072e-04
6.559256181253576672e-04
6.558665492380138596e-04
6.557840311855043418e-04
6.557334651418827249e-04
6.556497493181091991e-04
6.555608279097079310e-04
6.554806689717854705e-04
6.552827649381038309e-04
6.551483995214677034e-04
6.551002028283080085e-04
6.549840394078556161e-04
6.549000880473714037e-04
6.548114972381118394e-04
6.546972456332044062e-04
6.545871154053675397e-04
6.544791452078850156e-04
6.543863486802680004e-04
6.542946237748875713e-04
6.541774885996112180e-04
6.539784827066480281e-04
6.537663190960414346e-04
6.536707131422414075e-04
6.535419325315996791e-04
6.534748847977331528e-04
6.533327096057319882e-04
6.532365123418945683e-04
6.531697236692898508e-04
6.530820169711966166e-04
6.529160029038802828e-04
6.528539280200270408e-04
6.527575874519680500e-04
6.526420023440198791e-04
6.525467123549202192e-04
6.523732422939488304e-04
6.522521626962270169e-04
6.521559041560667140e-04
6.520796532895823316e-04
6.518984163906108324e-04
6.517605616919898296e-04
6.516492846924121360e-04
6.515468720425018206e-04
6.514110986578974588e-04
6.513275851516193721e-04
6.511377332585801397e-04
6.510141780204938521e-04
6.509016994690920840e-04
6.507852488447333095e-04
6.506752022523583888e-04
6.505755891333776320e-04
6.503976970818639526e-04
6.502039518570944688e-04
6.500759314200918373e-04
6.499675468315175599e-04
6.497526272807863101e-04
6.495597829507747086e-04
6.494696398506035568e-04
6.492952900260698205e-04
6.491006277902872058e-04
6.489563149180063977e-04
6.488625945502361336e-04
6.486748681839109559e-04
6.484634194279958628e-04
6.480633870064087367e-04
6.478394805046822557e-04
6.475393108864684055e-04
6.473338678561356332e-04
6.471756103336833831e-04
6.469814582077958480e-04
6.467502156205259638e-04
6.466781139795330915e-04
6.463698541353111353e-04
6.461339512359355218e-04
6.459866081036380603e-04
6.456887802730044675e-04
6.454186554155165977e-04
6.451284823264973392e-04
6.447687607736351601e-04
6.445826704751052207e-04
6.443870804436155906e-04
6.441561218850105517e-04
6.440271959319326034e-04
6.437777986452685158e-04
6.435368769524879486e-04
6.431073310381755712e-04
6.428767228644537493e-04
6.425311910535870183e-04
6.422481386305206857e-04
6.419675429780064306e-04
6.418211365920072293e-04
6.415653224614223382e-04
6.414426135759781003e-04
6.410835259828564191e-04
6.408497869891692294e-04
6.406303631453191512e-04
6.403405303810712950e-04
6.400945182456611350e-04
6.398025258891212831e-04
6.394072782091328542e-04
6.390538106771550663e-04
6.387448766757978288e-04
6.384740836555196719e-04
6.381978559180397472e-04
6.378458120272049742e-04
6.374438191525246900e-04
6.370906514311320060e-04
6.368412214586779713e-04
6.364956167239079962e-04
6.362720324321333772e-04
6.356833013962632584e-04
6.353421962396172242e-04
6.349516588469860008e-04
6.346494436450233209e-04
6.342289207821994292e-04
6.338119780338057107e-04
6.335240654488414431e-04
6.330231942229767048e-04
6.324716879242001447e-04
6.320620434303126983e-04
6.316622506194005150e-04
6.313374587252415385e-04
6.310464790605196765e-04
6.306429187206262109e-04
6.302706713379441607e-04
6.297999574182630567e-04
6.291930471888642577e-04
6.288086874284595481e-04
6.285495493001146735e-04
6.281167930957059315e-04
6.278337038401323941e-04
6.274936226870882162e-04
6.270779490530930308e-04
6.266911254180074350e-04
6.262376084225988434e-04
6.257779935745778595e-04
6.253119604485337778e-04
6.249261343178231804e-04
6.245182461315939605e-04
6.241154808683419550e-04
6.234983597057134567e-04
6.230920294410163601e-04
6.226690081951988167e-04
6.223067994449055533e-04
6.214767945049599071e-04
6.209047855355509168e-04
6.204318295523069023e-04
6.198127737774588491e-04
6.192767700335464597e-04
6.186099432063697778e-04
6.179599544342147775e-04
6.173385313551536064e-04
6.167347730796326121e-04
6.162673205594572205e-04
6.156843784026968950e-04
6.152696623279622174e-04
6.145867326132792600e-04
6.138809460236117942e-04
6.131400541112526706e-04
6.124279866819462396e-04
6.118979172856348460e-04
6.112082216230278926e-04
6.102794975067781002e-04
6.096500894606179423e-04
6.086443012551036357e-04
6.078582870354337989e-04
6.071074139563590591e-04
6.066488336529706534e-04
6.058295920525642040e-04
6.054188944070337157e-04
6.047942516241229831e-04
6.041553027737670955e-04
6.034929322714570419e-04
6.027943351862640820e-04
6.020920795451681221e-04
6.015312045845648764e-04
6.008037188589298618e-04
5.998632988235125512e-04
5.989539363141605866e-04
5.982543021088669978e-04
5.970850085056265619e-04
5.964596613280620041e-04
5.958470050595764990e-04
5.943681616606618116e-04
5.937585978798461117e-04
5.931060789846511047e-04
5.918996728082435857e-04
5.910202834617383919e-04
5.898816869184610222e-04
5.888393539142778394e-04
5.877487046640107607e-04
5.872213235909541293e-04
5.863762944605056728e-04
5.857077533311516723e-04
5.846785669965238845e-04
5.836799664930309318e-04
5.828199905128490874e-04
5.815042916041226247e-04
5.800887014719491915e-04
5.787005543778893238e-04
5.771654295819684481e-04
5.757241797584087932e-04
5.749258229715857376e-04
5.729408991826093114e-04
5.718929205113362692e-04
5.711025558903875220e-04
5.692985000749161383e-04
5.684814220670514687e-04
5.674452693028655698e-04
5.660909465782138113e-04
5.652063189465283228e-04
5.638220448243899240e-04
5.618883099750460360e-04
5.607322827809115180e-04
5.593937798514478929e-04
5.579238768621440836e-04
5.567040422489959563e-04
5.556192357915897386e-04
5.544990266217816747e-04
5.531666359010385409e-04
5.514664593655216633e-04
5.502427440247487610e-04
5.487702765912911770e-04
5.476020850720759092e-04
5.456148013684236978e-04
5.446535921968152175e-04
5.429042419652025178e-04
5.412726897348999226e-04
5.400848661488418054e-04
5.377613657525126848e-04
5.367141342106771700e-04
5.354175130002673203e-04
5.334875596746982114e-04
5.321239443256161987e-04
5.306516074352084006e-04
5.292409554156203653e-04
5.275013082590451242e-04
5.259719710107180896e-04
5.245297312580688874e-04
5.218962951033296769e-04
5.199520895819917388e-04
5.176599455883439116e-04
5.157947068366019192e-04
5.144109717213495199e-04
5.126095756196741293e-04
5.108735781786336722e-04
5.095071511154832715e-04
5.083624796478152224e-04
5.055361769453929144e-04
5.020343415169376119e-04
5.008303306922120722e-04
5.006294099389060025e-04
5.004628925942378008e-04
4.983088218902876395e-04
4.963385946056403635e-04
4.949646941825687138e-04
4.923660500111629035e-04
4.898474889178797750e-04
4.874604222935197584e-04
4.855031534549719588e-04
4.832902156521555730e-04
4.813560021590066471e-04
4.786449873494770459e-04
4.764206754171969663e-04
4.745633281404725880e-04
4.673631137818772484e-04
4.652404069036573725e-04
4.628409531203010068e-04
4.606890265265765286e-04
4.576303220820080310e-04
4.576780932113881433e-04
4.571691350586229224e-04
4.560904137919130933e-04
4.543768432167451677e-04
4.515928428403880946e-04
4.479876191324965785e-04
4.425993492407700471e-04
4.396980134851093277e-04
4.384520956319491736e-04
4.366463510176548908e-04
4.349275574792002184e-04
4.331783747301775440e-04
4.302703898876876314e-04
4.269576677588573762e-04
4.242810212942402823e-04
4.221631492430752853e-04
4.212055545914056938e-04
4.218690278099008215e-04
4.224997222233398434e-04
4.189775418483695688e-04
4.156602939054967701e-04
4.161625429176329201e-04
4.116845306802317437e-04
4.119316615600501601e-04
4.103751835494797470e-04
4.093044775773997559e-04
4.060152725688325435e-04
4.043233903854058574e-04
4.055214490190184144e-04
4.054846560302673370e-04
4.068902318391683895e-04
4.081358958965991567e-04
4.081870593399131511e-04
4.116670939220297681e-04
4.113569847646772839e-04
4.181309755707993928e-04
4.188699062582990269e-04
4.173577647977676870e-04
4.203556943093867543e-04
4.218271393242021845e-04
4.228665682794256731e-04
4.203043794758794640e-04
4.213315808919827310e-04
4.274148160284924839e-04
4.317984012580658925e-04
4.326314709167464060e-04
4.417174511360637810e-04
4.479257553301459280e-04
4.523093578277168612e-04
4.634769840606093585e-04
4.682405846478551693e-04
4.744520821503532418e-04
4.884199647745965031e-04
4.958699588515220720e-04
5.037575004284758611e-04
5.144242281836651932e-04
5.281454576648979965e-04
5.394370326772526467e-04
5.507909218336434938e-04
5.795411368070505376e-04
5.891763405810625503e-04
5.963057182606188323e-04
6.215680607512182607e-04
6.471515224160265603e-04
6.726429089676628451e-04
6.970824334579923910e-04
7.241129580480312701e-04
7.691064655513807358e-04
7.965175141803712989e-04
8.326090362506454942e-04
8.879068154035993973e-04
9.408478813696876004e-04
9.766624935037815630e-04
1.030664781071420144e-03
1.089685322401584772e-03
1.162967764787520850e-03
1.257547330245536565e-03
1.327272475316896736e-03
1.366815275478215283e-03
1.496888933165036600e-03
1.575692105784779222e-03
1.692554413718354691e-03
1.804193999846013434e-03
1.938040606999876826e-03
2.160332375769403058e-03
2.407357655184715235e-03
2.796903638703175307e-03
3.244398636290390502e-03
3.913410630506997286e-03
