4.942421224247744993e-01
2.540965619946531362e-01
1.360261044119356888e-01
1.107824695851217650e-01
1.075892019401289978e-01
1.073106192706432815e-01
1.072712557203629319e-01
1.073062999118695043e-01
1.072861309258469620e-01
1.072636047772696916e-01
1.072757482033047105e-01
1.072856363939545671e-01
1.072570740834387359e-01
1.072595871840051757e-01
1.072362234287384392e-01
1.072362133961519137e-01
1.072257190819171507e-01
1.072029318457263791e-01
1.071963597481432051e-01
1.071560181245612836e-01
1.071246730749941950e-01
1.071441069825283393e-01
1.070960141458632137e-01
1.071078319147338170e-01
1.070952519299721295e-01
1.070851203962100290e-01
1.070831922280736370e-01
1.070799565834144457e-01
1.070677874963646969e-01
1.070397109138571667e-01
1.070491741023783666e-01
1.069970250315752519e-01
1.070019757487156720e-01
1.069873541599438288e-01
1.069296763206779161e-01
1.069228718419700380e-01
1.069183139086101741e-01
1.069329532172971914e-01
1.069143851863685879e-01
1.068757780568870552e-01
1.068108386841000179e-01
1.067251135463967715e-01
1.066962876600427851e-01
1.067030260433611127e-01
1.066745746930908290e-01
1.066812438298135463e-01
1.066474210848474546e-01
1.066225943870157539e-01
1.066384122029323395e-01
1.066171897706108540e-01
1.065733450136938099e-01
1.065588127213824149e-01
1.065423577800302946e-01
1.065203326196537820e-01
1.065209576055913682e-01
1.064730033080701771e-01
1.063800217129246550e-01
1.063143018292650316e-01
1.062955866895373414e-01
1.062966273653011828e-01
1.062388724543448376e-01
1.062690543615222860e-01
1.062386138548090525e-01
1.061703473227828126e-01
1.061233482256161154e-01
1.061503070211374522e-01
1.060938161384945844e-01
1.060778264437653301e-01
1.060133056736202728e-01
1.060187021538296775e-01
1.059853243039144410e-01
1.059326494523819134e-01
1.059264900559930694e-01
1.058808373244542189e-01
1.058736923751272263e-01
1.058397680290553561e-01
1.057722425190468496e-01
1.057528326932933999e-01
1.053545200148962302e-01
1.052373755563376923e-01
1.051909802680302958e-01
1.051742346809111106e-01
1.051396703575472602e-01
1.050633666264373517e-01
1.051002571335874908e-01
1.050530030733522607e-01
1.050495819678041315e-01
1.049930697600214846e-01
1.049558444156746956e-01
1.048862850117764506e-01
1.047862167582978427e-01
1.047130757238719234e-01
1.046867864749705390e-01
1.046439189844321910e-01
1.046006912223227808e-01
1.045283128503384645e-01
1.044550538419050378e-01
1.044842642712519032e-01
1.044106922620036265e-01
1.043449542300077526e-01
1.041846771768339119e-01
1.041047673087643621e-01
1.040893348887860642e-01
1.040409270757818166e-01
1.039717609657773573e-01
1.039275388027994795e-01
1.038383115787990807e-01
1.037794516609110568e-01
1.037352217153830747e-01
1.036422133142960306e-01
1.035439203194211816e-01
1.033768797230007475e-01
1.033206540221917324e-01
1.032861969730505397e-01
1.031517302441079392e-01
1.031984645592967653e-01
1.031504908946325877e-01
1.031213715473003334e-01
1.030617292966700127e-01
1.029007272940820478e-01
1.029087170186253897e-01
1.028605769132589220e-01
1.027658276579523494e-01
1.027344941076129559e-01
1.026818707421097571e-01
1.026449397607418629e-01
1.025801181231638798e-01
1.024472458302796984e-01
1.023121819306944819e-01
1.022573530589709762e-01
1.022225159116273152e-01
1.021159050962873183e-01
1.018240515894511672e-01
1.016488346462352810e-01
1.015117707339466407e-01
1.012663998273199001e-01
1.012167718894089741e-01
1.012127247393615898e-01
1.011914429262274900e-01
1.009248693334452024e-01
1.008157940789260049e-01
1.006582238846334409e-01
1.005824762647391513e-01
1.005162185859612284e-01
1.004679448453615065e-01
1.004892764995754667e-01
1.003116376195927473e-01
1.002277834186011407e-01
1.001316084950788221e-01
1.000246698727086520e-01
9.991603149021566210e-02
9.981903680679708735e-02
9.957573374256602217e-02
9.943553007971717150e-02
9.949355685026860241e-02
9.923600043846833585e-02
9.910647058976039536e-02
9.913943156076875096e-02
9.905528764628214466e-02
9.896508093653770544e-02
9.887963562725511635e-02
9.877017868249111932e-02
9.866260980140088843e-02
9.854777780627237138e-02
9.847573120702271532e-02
9.838978159572812909e-02
9.823453209489955984e-02
9.813375740734400776e-02
9.804830974921065201e-02
9.774392669854285731e-02
9.757036946280207845e-02
9.724612830534223873e-02
9.710535934337746755e-02
9.701098821178029408e-02
9.684496971374996488e-02
9.669517501984048469e-02
9.658327434356051011e-02
9.646408335085378261e-02
9.636501665646250714e-02
9.632150034811513828e-02
9.612210700610047953e-02
9.612718075935210160e-02
9.569667827776334734e-02
9.555491702449817049e-02
9.530905536259069721e-02
9.528373229992824489e-02
9.525012918189242062e-02
9.505437384427681269e-02
9.505417820022638020e-02
9.494787051735677219e-02
9.490042605454886149e-02
9.480939574814289950e-02
9.480535439850878987e-02
9.455478794854904612e-02
9.451002532204305639e-02
9.445675472628668745e-02
9.429873513174491517e-02
9.416689375691614239e-02
9.390709743425770806e-02
9.366315917571316207e-02
9.355288037489525865e-02
9.343907406384503733e-02
9.325354389556206325e-02
9.311154879820358887e-02
9.295731364085615955e-02
9.283936993877359156e-02
9.266390944426364240e-02
9.266753286026654934e-02
9.255337658880945229e-02
9.247434060348044826e-02
9.231622940499201180e-02
9.202588422617047348e-02
9.197324348213210821e-02
9.182379960185993450e-02
9.181319193132893297e-02
9.168683977041236499e-02
9.163700885796192963e-02
9.146542520927482267e-02
9.128158961379533032e-02
9.111416748273955257e-02
9.116572817114584892e-02
9.088752399577101904e-02
9.074852324357352007e-02
9.038641831336985399e-02
9.034933755282548162e-02
9.011903086414051189e-02
9.002912304899243767e-02
8.989134172254283073e-02
8.956991415362652864e-02
8.970396452275174182e-02
8.950705402157074775e-02
8.920462471841342222e-02
8.920558606378660438e-02
8.904511210826446255e-02
8.889592971800644450e-02
8.889112752755098934e-02
8.860492730765225089e-02
8.834278163694958552e-02
8.819809362957845011e-02
8.790114513601900159e-02
8.788020653654740610e-02
8.771912626680594682e-02
8.751287657039390211e-02
8.722449668828458069e-02
8.692973090983277529e-02
8.685311714946027106e-02
8.667793485293381894e-02
8.658017059561234907e-02
8.636541966740596266e-02
8.630795887207508288e-02
8.596304441040333866e-02
8.581358670314323533e-02
8.588030166904728202e-02
8.563198857469796199e-02
8.528312198143495060e-02
8.517146688187460235e-02
8.482827350267076183e-02
8.493964144124159510e-02
8.498350408189832284e-02
8.470680016757978215e-02
8.457176729825237327e-02
8.422743691673782729e-02
8.400774336633742845e-02
8.396322758251834051e-02
8.377575383381476171e-02
8.359417298545074315e-02
8.361852423375860932e-02
8.327940298116018325e-02
8.311179300743902487e-02
8.296262529939560371e-02
8.272082367132654879e-02
8.268608289740717043e-02
8.234084750750006454e-02
8.219635857569035364e-02
8.207129873538893117e-02
8.180715984858906442e-02
8.152285052244406804e-02
8.143850994956161604e-02
8.128002690362190474e-02
8.083150941101863163e-02
8.082310734747490122e-02
8.068618358264866008e-02
8.040484290441096693e-02
8.037750454421641044e-02
8.011108972854494303e-02
7.965407027602636192e-02
7.962535497477027380e-02
7.912157562880438311e-02
7.907674115173810026e-02
7.889529140378383210e-02
7.880777199338008521e-02
7.856009463583406294e-02
7.876092298752253307e-02
7.853844203563772886e-02
7.846649302062107256e-02
7.855943780999144477e-02
7.814655314709639811e-02
7.796739612886233184e-02
7.775254625620189874e-02
7.773692978926902142e-02
7.768221392677422676e-02
7.732285235928818001e-02
7.712814387096235402e-02
7.684375437381797680e-02
7.694365636303399092e-02
7.680389004420554167e-02
7.679732250119394865e-02
7.670322843617556619e-02
7.642829533615722037e-02
7.675216091872937019e-02
7.664064111396119705e-02
7.656934741840194791e-02
7.595683243269030216e-02
7.613569265131617247e-02
7.617211933454676176e-02
7.597108380314578080e-02
7.598113383061759485e-02
7.612813821964858896e-02
7.574909909619656490e-02
7.518058528246193695e-02
7.520120320170962935e-02
7.521934551772109512e-02
7.519421701344694564e-02
7.521392918850676457e-02
7.471293676050437538e-02
7.430180719380866106e-02
7.405320880521981675e-02
7.438577575700033861e-02
7.435451978061687062e-02
7.400175010699658329e-02
7.408890004238148641e-02
7.373228447081392467e-02
7.383273191443927297e-02
7.378989201568462997e-02
7.355417888311516217e-02
7.359622973496278420e-02
7.322859357946812087e-02
7.303824085156504498e-02
7.280829492043641715e-02
7.267125174230551488e-02
7.199991784703178854e-02
7.157042598346448348e-02
7.150366071830718817e-02
7.151250897738026246e-02
7.137708039902131152e-02
7.106613208101747459e-02
7.100695318090689823e-02
7.112921614022831018e-02
7.087079159280088025e-02
7.109540857292115379e-02
7.113899535194001533e-02
7.099374578954451009e-02
7.125238440338364787e-02
7.123391021518069022e-02
7.160895277604492626e-02
7.132192290407091129e-02
7.151696980022963224e-02
7.077082177246188377e-02
7.090225123451729394e-02
7.031505141302032968e-02
7.038930330333041663e-02
7.077927338376700794e-02
7.092316347809052290e-02
7.041428231552235295e-02
7.130333046169054501e-02
7.094415445352479643e-02
7.110786210790910611e-02
7.191335888095372331e-02
7.205888901510110189e-02
7.204792158732924168e-02
7.205423676392377907e-02
7.195889599759716648e-02
7.174983659512283729e-02
7.206238699698860883e-02
7.303599613019556847e-02
7.351668621405259285e-02
7.370334457552557561e-02
7.408330716655513182e-02
7.332280611588044839e-02
7.325074369710603273e-02
7.363937739119054415e-02
7.353174375921577022e-02
7.457510561255635551e-02
7.411078754198525964e-02
7.473108637810584043e-02
7.528268159791595693e-02
7.505062201825636603e-02
7.634299930471537265e-02
7.628454360692572822e-02
7.772063143617946590e-02
7.830828179204071815e-02
7.873942313318907371e-02
7.921991524386888528e-02
8.084738474922791018e-02
8.208420820459907952e-02
8.272242509522891030e-02
8.210646425732742726e-02
8.243092471810838096e-02
8.263136401782951446e-02
8.343755475116901299e-02
8.356649482239908444e-02
8.411903160089567733e-02
8.520607657735952689e-02
8.557617638793649228e-02
8.596780716709684356e-02
8.698394304564838198e-02
8.734846752200176034e-02
8.842779027517150281e-02
8.785139854359177991e-02
8.816603558719698919e-02
8.893698246371418981e-02
8.996257397590502747e-02
9.115597521253517022e-02
9.222755539698301863e-02
9.346109638535755881e-02
9.474611086094589241e-02
9.604666193386328377e-02
9.758697986796793788e-02
9.941140962498540290e-02
1.019537208821969659e-01
1.029882751991426648e-01
1.045593986779753404e-01
1.065689075949809300e-01
1.078704579912732470e-01
1.093880863807999981e-01
1.109004018151257542e-01
1.118461330635160539e-01
1.130247221835349730e-01
1.149777605258236607e-01
1.156349847918684004e-01
1.174685363853697900e-01
1.198925119326671729e-01
1.230391008913254425e-01
1.249287317138096931e-01
1.284651733886400249e-01
1.309404296016493385e-01
1.341032438895030099e-01
1.364381978559868203e-01
1.389718572748525338e-01
1.417224196396467961e-01
1.455012054761165574e-01
1.499474832441541339e-01
1.528158258233557332e-01
1.557711468418935541e-01
1.595150924557925121e-01
1.634643651777415441e-01
1.686019114806929786e-01
1.690910578292926791e-01
1.708156057817756812e-01
1.737134745435495176e-01
1.788196776125036136e-01
1.821786550248251368e-01
1.842563077071718292e-01
1.892642778541246129e-01
1.935423556142747414e-01
1.965256598577395097e-01
2.012490807924569858e-01
2.060086417105692347e-01
2.098895802654165699e-01
2.166862164139570501e-01
2.192282843583932550e-01
2.265401917413689403e-01
2.335142391676985341e-01
2.374697725338237864e-01
2.456083861949271419e-01
2.540420696770229192e-01
2.592330385579229568e-01
2.661365972726785767e-01
2.736811778160578301e-01
2.806021513432292447e-01
2.881893268020183640e-01
2.963427709459146020e-01
3.017825792486183989e-01
3.104735547997349299e-01
3.183988109263853894e-01
3.232262535341763332e-01
3.322242553587648195e-01
3.411693449726897476e-01
3.563497425159489751e-01
3.685043592467573403e-01
3.769607212849687139e-01
3.875897310319591504e-01
3.991673333131028900e-01
4.106575399456252606e-01
4.262848724869245931e-01
4.409532216153550510e-01
4.540038506084924652e-01
4.751262352399933109e-01
4.894997465707553452e-01
5.077320956881726799e-01
5.250743330444697099e-01
5.445028981057029593e-01
5.690776227217027028e-01
6.052673122125837857e-01
6.412718122680182153e-01
6.871193007946624354e-01
7.352462784903702753e-01
8.093511016561953930e-01
