1.492912436209222491e-03
1.623460822313019525e-01
3.257947864736577270e-01
4.920075663611501726e-01
6.560124565564895427e-01
8.307365669366290062e-01
1.030691294638536926e+00
1.231926935444290994e+00
1.433769324562391478e+00
1.633184720431101411e+00
1.831454036154271270e+00
2.027886252820613411e+00
2.226088152064634507e+00
2.424643987824188329e+00
2.622357117594376064e+00
2.817575837636024705e+00
3.014142887260663706e+00
3.217232481243035735e+00
3.422294007240533897e+00
3.625130789426092459e+00
3.827563072736754890e+00
4.030433563161891719e+00
4.227573652859309306e+00
4.422859789380106932e+00
4.623252724196478702e+00
4.825482758069688849e+00
5.025403777532011951e+00
5.221835994198338327e+00
5.417105276599333941e+00
5.616183590072277632e+00
5.812700077337537685e+00
6.016345857272866304e+00
6.217244415682864123e+00
6.416980039827526738e+00
6.614912273154939903e+00
6.817176015267715883e+00
7.019591444458583851e+00
7.221383271217312938e+00
7.418371673836632318e+00
7.616017387127651084e+00
7.810966441252685577e+00
8.002848045576410385e+00
8.198319577414855175e+00
8.394397857565641274e+00
8.591234573106870442e+00
8.787869039210647770e+00
8.978823666946061266e+00
9.178896373486470139e+00
9.372598222747232199e+00
9.566434904966284236e+00
9.761299688492378834e+00
9.954192540003328205e+00
1.014963036360219739e+01
1.034500077072189583e+01
1.053620821025412901e+01
1.072920218648383006e+01
1.092079727077116935e+01
1.111298224925106481e+01
1.130381889814795748e+01
1.149817805808043580e+01
1.169496421126228825e+01
1.189205373860030868e+01
1.208364882288764619e+01
1.228026643487161707e+01
1.247912564478731312e+01
1.267518707081830343e+01
1.287458561256720735e+01
1.306741104759902150e+01
1.325828140473550043e+01
1.344952255250730389e+01
1.364206146750274584e+01
1.383915099484077871e+01
1.403258317818492884e+01
1.422095912559286646e+01
1.441166094153146382e+01
1.460293579754284110e+01
1.479485111010612641e+01
1.498693496386729329e+01
1.516120401301316001e+01
1.534428776680785234e+01
1.553345585784580152e+01
1.572257338652437753e+01
1.591157293636445047e+01
1.610785346595269019e+01
1.629722380642809298e+01
1.648748741525221106e+01
1.667722854636295082e+01
1.686964948251987195e+01
1.705987938310441976e+01
1.724712610448658978e+01
1.742038390644520973e+01
1.759792265482984774e+01
1.778980425915354857e+01
1.798268025654474656e+01
1.817371915487914791e+01
1.836064564798546428e+01
1.854227994747849806e+01
1.873642000385379447e+01
1.892097006607005127e+01
1.910880668164484675e+01
1.929180616484067556e+01
1.946730556473107399e+01
1.965783883947186439e+01
1.984125967566238913e+01
2.003539973203768909e+01
2.023203419814153392e+01
2.041606178264438398e+01
2.060765686693176590e+01
2.079675754149064915e+01
2.099084703550657949e+01
2.117656003198812442e+01
2.135669431482005365e+01
2.153944098621904502e+01
2.173125517406370477e+01
2.191814795893042955e+01
2.210616996982289706e+01
2.229906282133392637e+01
2.248801180881471140e+01
2.268039903673210844e+01
2.286031421600682734e+01
2.304511709001990738e+01
2.322868961328846638e+01
2.339493610141557411e+01
2.357107595785791077e+01
2.375803615920375478e+01
2.393424343212521777e+01
2.411771483067507305e+01
2.430850091721269735e+01
2.450075331217179553e+01
2.469034275620449392e+01
2.487504450549884183e+01
2.506084177257936929e+01
2.521911626204703438e+01
2.539153135801635131e+01
2.557190159852530797e+01
2.575070440589402665e+01
2.591236657343896610e+01
2.609528178603586568e+01
2.628062399188213405e+01
2.646035377583919868e+01
2.664286448956114484e+01
2.682077402858114112e+01
2.700662185802107373e+01
2.718832357399324806e+01
2.738414904234728198e+01
2.756143497893516425e+01
2.772166454629817167e+01
2.791332704706474743e+01
2.807940499399399314e+01
2.823371876531158620e+01
2.842101604905317913e+01
2.858473441921221792e+01
2.874284036748196769e+01
2.892865448868228739e+01
2.911610345950197853e+01
2.928536683507103788e+01
2.946206287746636221e+01
2.964779272806775623e+01
2.983203941612782018e+01
3.001289842611059910e+01
3.019571251398877010e+01
3.036539724255251826e+01
3.053828425387589718e+01
3.072411522919597004e+01
3.089349658360353956e+01
3.106815327750458167e+01
3.122261873590029779e+01
3.141347223891703777e+01
3.160446057489212635e+01
3.177701050381975278e+01
3.191735220983359156e+01
3.207077271280247288e+01
3.224140127207431306e+01
3.242723224739443566e+01
3.260627101244020309e+01
3.273926432222673100e+01
3.288811735873321140e+01
3.307300450334520292e+01
3.325531296762974165e+01
3.343271688305613765e+01
3.357910921807366122e+01
3.371801832390556797e+01
3.386938262426038193e+01
3.404636518669209266e+01
3.419686992693775807e+01
3.435554891528032329e+01
3.451714366634609377e+01
3.471044101673203386e+01
3.490166531038413211e+01
3.509290645815601550e+01
3.527973182654353224e+01
3.546404593108278647e+01
3.562899465198630367e+01
3.578490956468371564e+01
3.595186392584190571e+01
3.613520049143338753e+01
3.632376183415900783e+01
3.651351981938953628e+01
3.668317083971364667e+01
3.683544526253690066e+01
3.698669158405316892e+01
3.712846589024884736e+01
3.729560564672464551e+01
3.747300956215095624e+01
3.765326182382131748e+01
3.783627816113693854e+01
3.798609188247115043e+01
3.815540582039955808e+01
3.834546717978619057e+01
3.851250581154323527e+01
3.869083670355788485e+01
3.884744263516650165e+01
3.900489127276459556e+01
3.918443566140390288e+01
3.936296880285592437e+01
3.950720381054063068e+01
3.967525368948504649e+01
3.983012364675550998e+01
3.997210020238868822e+01
4.011321719791273210e+01
4.026345227224172163e+01
4.042275486301640086e+01
4.057612480362581664e+01
4.074580953218953994e+01
4.090357839806346618e+01
4.108544865523347767e+01
4.126843128430948582e+01
4.143715532804527868e+01
4.159831187199659297e+01
4.176521567079533526e+01
4.194799605043395019e+01
4.213879899109129923e+01
4.233061317893575648e+01
4.252143297371289776e+01
4.269226378242209563e+01
4.285830802111173909e+01
4.303576249889741234e+01
4.318414362004980944e+01
4.334027763630447083e+01
4.349900718700627067e+01
4.364885461658018073e+01
4.380950553693781302e+01
4.396580809439026183e+01
4.415221210978312172e+01
4.432604295181449316e+01
4.448113201264224159e+01
4.464284474254642276e+01
4.482860830138730535e+01
4.501598985572781686e+01
4.519684886571059224e+01
4.535510650105840824e+01
4.552320694236210841e+01
4.568933545165064203e+01
4.586107638282837229e+01
4.599754164129114287e+01
4.615055764538513472e+01
4.629691627216304539e+01
4.644666257701829437e+01
4.661262254510893399e+01
4.676688575406718229e+01
4.692998052179401469e+01
4.711193504956293054e+01
4.729847389791408574e+01
4.746721479576973479e+01
4.763039383409546446e+01
4.777879180936764669e+01
4.796047667121995772e+01
4.814248176134821477e+01
4.831648114457748733e+01
4.846267123015753242e+01
4.861951311944336140e+01
4.877338868364633129e+01
4.893865763282575188e+01
4.912624143660374898e+01
4.929639808052146321e+01
4.948249872175805564e+01
4.965064972542110411e+01
4.980283987764546794e+01
4.997035042475662436e+01
5.014994537575525158e+01
5.032962459735292526e+01
5.050352285586347278e+01
5.067748853085310401e+01
5.083251017520166926e+01
5.098911610681035000e+01
5.114570518429918167e+01
5.131309775257182793e+01
5.149136122810723748e+01
5.166086056135328874e+01
5.182339914312710505e+01
5.196431388921372019e+01
5.210934104052841320e+01
5.225285132106230890e+01
5.243890139993959565e+01
5.262439529286383788e+01
5.279070919747002932e+01
5.295048370359872791e+01
5.310712334344696472e+01
5.329179138450158604e+01
5.346998744355794742e+01
5.362864957778068487e+01
5.379907588761495418e+01
5.395905264318113836e+01
5.409501227805021983e+01
5.425040471303417888e+01
5.439214531099032257e+01
5.455242544071266053e+01
5.470237399500523168e+01
5.485186748806355439e+01
5.501492854755077389e+01
5.518356832068775475e+01
5.536088796551499058e+01
5.553637051128552571e+01
5.571239238888924916e+01
5.588915584776363943e+01
5.605063261999085000e+01
5.623228377360358365e+01
5.638872116401440593e+01
5.653538316494851301e+01
5.670553980886612067e+01
5.688530330106265609e+01
5.704713400980535454e+01
5.721661648893156382e+01
5.739090239219733292e+01
5.756308153048949094e+01
5.771793463364030430e+01
5.786737756433934976e+01
5.801712386919447795e+01
5.818144898766573903e+01
5.835851582069622623e+01
5.853576804904452757e+01
5.868548064566023470e+01
5.886210927157626571e+01
5.903031083759865538e+01
5.918268638514064861e+01
5.935821949327056757e+01
5.954143808002357474e+01
5.971828580949691911e+01
5.988586377308721609e+01
6.005937438684262020e+01
6.020773865387514689e+01
6.036911430138367507e+01
6.052501235996119533e+01
6.068089356441894466e+01
6.086337056990142713e+01
6.102253832771764053e+01
6.118917246059984905e+01
6.134894696672846237e+01
6.150615964664940094e+01
6.166131612395631123e+01
6.180651181646887693e+01
6.197569092143892533e+01
6.215752747036942338e+01
6.234364496572568015e+01
6.252940852456659826e+01
6.270716637650841108e+01
6.286881168993350144e+01
6.303790652430460284e+01
6.321015307907597247e+01
6.336153423355050762e+01
6.351301651274378912e+01
6.365372900939287604e+01
6.382708793607014286e+01
6.400282329363754741e+01
6.417712605102299506e+01
6.433995115283320843e+01
6.449650652208249824e+01
6.465617990349241495e+01
6.482979164196652277e+01
6.500682476675751786e+01
6.516402059255869972e+01
6.532967718649325661e+01
6.548936742202295136e+01
6.565234421091118122e+01
6.581995588274104136e+01
6.600566887922263959e+01
6.616242649790927999e+01
6.633561688338878071e+01
6.649518914008000081e+01
6.667365486505299543e+01
6.682579445491792569e+01
6.698590604344252597e+01
6.715051768195003490e+01
6.731785968786334706e+01
6.748976916023897843e+01
6.766742588746211595e+01
6.782170595054007833e+01
6.799268844632749165e+01
6.816274396552637427e+01
6.834549063692529103e+01
6.852227094991947354e+01
6.867693865775261486e+01
6.885016275147179954e+01
6.902468461241446107e+01
6.916890276597929699e+01
6.930649725046772858e+01
6.945140642294387590e+01
6.959919764990361557e+01
6.977736000072044931e+01
6.995471335378734068e+01
7.012886442409467236e+01
7.029585249349240428e+01
7.046149223330712630e+01
7.061150820407884510e+01
7.076401858457910521e+01
7.092937180435754385e+01
7.108631481836187049e+01
7.124526347262089132e+01
7.140259413138043953e+01
7.157632384869317832e+01
7.174777825983451862e+01
7.192159224774603388e+01
7.208010269489068378e+01
7.223830976787917280e+01
7.239542132308142186e+01
7.257284209262758168e+01
7.273897060191612240e+01
7.290978455650554224e+01
7.306308708063579616e+01
7.322781669798190762e+01
7.339316991776034627e+01
7.355250621677454603e+01
7.371465715379326866e+01
7.387837552395234297e+01
7.403506572615955861e+01
7.419677845606376820e+01
7.437359247729776257e+01
7.455379417660876129e+01
7.472772614335879382e+01
7.488574782102951133e+01
7.503524131408778430e+01
7.519179668333717359e+01
7.536475111113941239e+01
7.553431786086484578e+01
7.570690149803175473e+01
7.586045683395890649e+01
7.602383812172216437e+01
7.618189350763248058e+01
7.633187577016465752e+01
7.649695932402626397e+01
7.664982364104217538e+01
7.682154771810016314e+01
7.699935613240137400e+01
7.716910827744420942e+01
7.733425924778499905e+01
7.750409566342688095e+01
7.767593771932342861e+01
7.785180790984898636e+01
7.801771731558028478e+01
7.816163209498904507e+01
7.832791229135581546e+01
7.849306326169657666e+01
7.865861873091211010e+01
7.881488758012503126e+01
7.897048226454654696e+01
7.912986912591989608e+01
7.929100881575131154e+01
7.945915981941465134e+01
7.962112536111557404e+01
7.979166964978830379e+01
7.995395541976529330e+01
8.010885908527539812e+01
8.027817302320370629e+01
8.044042508494112553e+01
8.060775023673464545e+01
8.077042365146684233e+01
8.095193997212109593e+01
8.112199549132016330e+01
8.130073088220984801e+01
8.146694366209722205e+01
8.163335869142231616e+01
8.180122317504881835e+01
8.196878428451934440e+01
8.213059813914240692e+01
8.228845127561517359e+01
8.245757981822583815e+01
8.263484890069402411e+01
8.281073594533940252e+01
8.297224642580627574e+01
8.314216711204694832e+01
8.330537985861218431e+01
8.346990722652097361e+01
8.363096264575362682e+01
8.379575967957855198e+01
8.396062412988329982e+01
8.411461767292482250e+01
8.427897649963588833e+01
8.444640277614809065e+01
8.461440209273311552e+01
8.478289017879166067e+01
8.495294569799060014e+01
8.512040568274237273e+01
8.528542182012485284e+01
8.545219078596551299e+01
8.561636421735877889e+01
8.578633546595875714e+01
8.594981787844064058e+01
8.611187479496558694e+01
