1.424902765416813290e-03
3.468172207381216526e-04
1.169784958537693439e-04
8.555127980163709518e-05
8.117664397169275354e-05
8.047947868216759348e-05
8.047480552255806871e-05
8.043958122978395458e-05
8.043024545606679537e-05
8.042816391764258507e-05
8.042515596364780230e-05
8.041124102264665132e-05
8.039813435397543957e-05
8.039396434240269913e-05
8.037738144368110457e-05
8.036812275734202509e-05
8.036310548874163256e-05
8.035652464866971097e-05
8.035411378194066674e-05
8.032395765598110957e-05
8.031495065332119041e-05
8.030752041423308519e-05
8.027914987051773792e-05
8.026488616278741280e-05
8.025081415234899839e-05
8.024607294491398831e-05
8.023729459294854380e-05
8.022848486260795422e-05
8.021877237393520543e-05
8.020428978483120177e-05
8.017780136225009205e-05
8.017145317268586176e-05
8.016018387196019738e-05
8.014794840566050085e-05
8.013788426087118592e-05
8.012648593094370201e-05
8.012008168114142278e-05
8.010650890922368992e-05
8.008557321483868955e-05
8.006280007509866811e-05
8.000848930831387521e-05
7.991428148341892445e-05
7.989223591086018288e-05
7.987960626754926445e-05
7.987040185222763389e-05
7.985452967769710053e-05
7.984147993319707607e-05
7.983016310392175292e-05
7.981457547342159296e-05
7.980457443101799438e-05
7.978880649621096271e-05
7.975977801172472637e-05
7.974184295827186416e-05
7.972997095072405953e-05
7.970981909796948312e-05
7.968207950479322518e-05
7.961010505435621063e-05
7.958717116165201291e-05
7.956797860739313799e-05
7.955364714020955893e-05
7.952815447061184039e-05
7.951235872080144283e-05
7.949426472455615425e-05
7.947857194414646286e-05
7.946512783268521850e-05
7.943653568152389511e-05
7.942242340258697051e-05
7.940273295537037088e-05
7.939060367991291310e-05
7.936132587573462851e-05
7.932053989727800040e-05
7.929928738234688374e-05
7.926876375427441106e-05
7.924101657082578904e-05
7.921388928436594225e-05
7.918817759881542975e-05
7.916242388434530672e-05
7.913437206360265626e-05
7.864504682209251193e-05
7.854414901424067001e-05
7.852033836888311108e-05
7.849035255479220653e-05
7.846845103733936233e-05
7.844764580780445330e-05
7.842151302896113740e-05
7.838007709019419156e-05
7.834647561926211267e-05
7.828670706628379375e-05
7.824781764339618399e-05
7.822397662017250891e-05
7.815286672157468475e-05
7.808054196364644416e-05
7.804840847097119455e-05
7.801939206579382483e-05
7.798427030668829158e-05
7.792800074415444302e-05
7.789603123057155590e-05
7.787227247273213705e-05
7.784482621042836960e-05
7.778374975500636766e-05
7.764608560214162161e-05
7.759803094225991497e-05
7.756878207674589368e-05
7.752795739319257495e-05
7.750438144352121412e-05
7.746302247740353779e-05
7.738643237613776276e-05
7.733275617241820385e-05
7.729228047756847564e-05
7.725305166652938593e-05
7.720086667597940227e-05
7.701841128939796572e-05
7.698636126336571000e-05
7.692784529981646171e-05
7.687336879116329175e-05
7.683996599535831691e-05
7.680498865120829587e-05
7.677697023234353443e-05
7.673764029003948839e-05
7.666161651292726080e-05
7.660997120981418850e-05
7.656588219927513517e-05
7.650594693912490492e-05
7.643195168628700068e-05
7.638677907814421151e-05
7.631695966586751691e-05
7.622957875463584143e-05
7.617765243841981791e-05
7.610554122959010709e-05
7.605852474562166605e-05
7.600252386000594710e-05
7.595231472514817181e-05
7.556530780212051483e-05
7.538590753431985382e-05
7.528783550015687880e-05
7.509951576777529770e-05
7.501447761316099960e-05
7.496853002816761410e-05
7.489143577074752864e-05
7.454424508750923030e-05
7.447416191227989441e-05
7.442550606794490773e-05
7.436214870029351045e-05
7.429535325671646033e-05
7.425515583192189681e-05
7.418723946361084609e-05
7.402079092667774815e-05
7.396825450471810237e-05
7.384550380434732957e-05
7.372558229753030596e-05
7.366333836467406436e-05
7.339845375300205470e-05
7.304425843165946862e-05
7.299059498336627708e-05
7.288249102707037436e-05
7.263240407039876865e-05
7.251565069309343439e-05
7.246045603390980684e-05
7.240873645331903847e-05
7.235317636255639815e-05
7.225141331751679162e-05
7.218992359185992936e-05
7.210043497890528900e-05
7.202496657416917363e-05
7.190645986777017857e-05
7.184817715191106776e-05
7.169790456665838170e-05
7.163437897258408018e-05
7.158722641555407499e-05
7.133363088566608569e-05
7.106860430524786882e-05
7.067631140083090147e-05
7.059804049896696348e-05
7.053841963064829855e-05
7.045574414415008363e-05
7.029351182270757441e-05
7.008272565488594984e-05
7.001587682069044887e-05
6.994106126124718730e-05
6.985855899050318529e-05
6.966770953078173950e-05
6.942584396920639059e-05
6.904710658619221545e-05
6.890758833758124527e-05
6.876009129629096070e-05
6.865958394615608604e-05
6.861262722390868882e-05
6.851611997079582275e-05
6.848282542503715802e-05
6.838161731284428293e-05
6.832227664624474504e-05
6.825804905631503640e-05
6.821445921824884366e-05
6.802437360980914422e-05
6.792179565884523562e-05
6.781944645842118591e-05
6.769055505962632419e-05
6.759152279330925077e-05
6.739326661506174401e-05
6.712075431667633568e-05
6.700555224858952279e-05
6.679872508510158625e-05
6.673724050859240666e-05
6.664982712830521078e-05
6.657961271568901807e-05
6.649055548641440291e-05
6.631707043799091176e-05
6.620414020774023915e-05
6.613083525584219824e-05
6.600685122640054215e-05
6.583924726492036239e-05
6.569765904299775124e-05
6.556592045260542468e-05
6.541523757607995316e-05
6.536850119305568708e-05
6.518895655335601460e-05
6.508568991888645657e-05
6.492304493876205026e-05
6.480131445269910059e-05
6.459080588938514891e-05
6.446811998875503623e-05
6.423767722023567494e-05
6.395603055612078015e-05
6.376065269046843060e-05
6.337655433135486389e-05
6.318662394320072317e-05
6.295632692847186857e-05
6.278597698496120988e-05
6.253910878444888881e-05
6.235917159542110372e-05
6.221071987721885944e-05
6.191614329402045640e-05
6.182466085926804856e-05
6.163192958864722169e-05
6.145737219247522230e-05
6.130005485136020172e-05
6.112109414731669210e-05
6.096057715992059039e-05
6.070933920540994678e-05
6.052609424385112935e-05
6.048396606695728966e-05
6.026504473862191204e-05
5.999376502261684259e-05
5.986079803658137676e-05
5.974033786543007170e-05
5.955045752490260489e-05
5.945500009001759888e-05
5.933834136457046780e-05
5.921446072091543099e-05
5.887957364965097781e-05
5.867661650716182118e-05
5.855632847622856417e-05
5.847475602252086209e-05
5.824880874396943305e-05
5.793425678682065296e-05
5.773458071435977768e-05
5.760927090486156243e-05
5.740168707477772954e-05
5.734584869544660324e-05
5.714331555779297460e-05
5.701107180652608449e-05
5.675566932021422386e-05
5.646304579409665530e-05
5.629505477524587154e-05
5.617544787788382465e-05
5.597903150087807166e-05
5.582630965519599269e-05
5.568980490617841288e-05
5.533420377772331532e-05
5.510947340668114250e-05
5.491207810234396080e-05
5.470198105522219823e-05
5.432158481376955143e-05
5.424516162323948386e-05
5.405292517946846725e-05
5.394290521185412282e-05
5.370811979214530743e-05
5.352462770419639187e-05
5.344172172331420137e-05
5.314119092960730735e-05
5.309344701412089049e-05
5.295460754006162942e-05
5.271897931887185201e-05
5.236712943819340799e-05
5.208237245425537858e-05
5.166534136569374947e-05
5.136942253358275711e-05
5.096420038648930489e-05
5.081801511226090317e-05
5.073668586002432921e-05
5.068892776260525233e-05
5.021055688692906268e-05
5.025062000636712397e-05
5.000279109496432345e-05
4.980383831984200890e-05
4.969188612776758080e-05
4.962315333840182678e-05
4.953025843731563734e-05
4.932894308728676445e-05
4.915363872072613897e-05
4.904320101651133627e-05
4.885415959391281609e-05
4.858581695118488621e-05
4.839085928211184369e-05
4.823123015626540387e-05
4.796887317421682205e-05
4.783099081219190302e-05
4.754976017084874156e-05
4.729630435151870775e-05
4.720108174135282650e-05
4.716872280032309995e-05
4.701754193963335430e-05
4.649091090177253250e-05
4.645383541309685849e-05
4.638416976845289848e-05
4.620947302317845838e-05
4.611213718225171847e-05
4.607425309979488591e-05
4.592411514141471604e-05
4.529109191964168161e-05
4.521361131497469055e-05
4.498283471976385358e-05
4.479038150633890661e-05
4.453158517874892034e-05
4.445574352812192508e-05
4.399242582534450350e-05
4.371417771446037774e-05
4.361090109310550468e-05
4.358383451986356507e-05
4.318869953395016879e-05
4.317161339388316221e-05
4.274090893296792062e-05
4.254404884045527823e-05
4.254359655700862161e-05
4.238959395597538982e-05
4.225539446453707877e-05
4.202190949544484750e-05
4.182593648478622980e-05
4.165484855557478275e-05
4.144654129160476236e-05
4.091112248294400929e-05
4.036904107900926624e-05
3.986590276923532858e-05
3.966172074077652798e-05
3.968189947114400556e-05
3.963226216623062185e-05
3.936340255074736349e-05
3.934086960484561754e-05
3.903482732025249311e-05
3.864269802405945897e-05
3.866293679192726450e-05
3.856045958204253087e-05
3.870146908534148719e-05
3.858888195680789594e-05
3.873349162409111737e-05
3.848738776594955754e-05
3.851525585043534029e-05
3.792101667683441121e-05
3.770699732148420120e-05
3.702846515814260696e-05
3.698557373979022089e-05
3.699691498778243657e-05
3.673531446314213730e-05
3.641905053702754343e-05
3.686840177381553143e-05
3.655381688863277429e-05
3.655517264703805533e-05
3.682349800296077174e-05
3.681236534089035208e-05
3.653498092633278874e-05
3.671971733660434056e-05
3.676223893669369112e-05
3.670446522277801850e-05
3.693983561124655144e-05
3.732533211292888631e-05
3.755690562044235702e-05
3.771370060895195316e-05
3.805372915286453462e-05
3.713760001723887720e-05
3.711458483205190404e-05
3.754509270915236727e-05
3.712248316399003321e-05
3.764138681163917767e-05
3.750205906978918156e-05
3.808952758447996977e-05
3.832082218821076928e-05
3.829642038469627214e-05
3.892245758688862536e-05
3.888677099007463981e-05
3.985734323311792730e-05
4.047246052085074375e-05
4.122893572234566893e-05
4.147431197836729672e-05
4.242324992731833297e-05
4.369771204603570492e-05
4.432816783210064064e-05
4.425729115775328904e-05
4.443541071570954068e-05
4.507490140555125085e-05
4.550510925405336035e-05
4.584091049749119230e-05
4.610023655696010548e-05
4.667340305083929114e-05
4.733483259082198809e-05
4.766921133812918049e-05
4.834479348790196113e-05
4.845487523222701242e-05
4.915683514010071902e-05
4.791506495862523469e-05
4.824719803674462366e-05
4.931539055135760949e-05
5.028205148186496522e-05
5.140362805592285010e-05
5.232719350040818340e-05
5.352943643371011666e-05
5.506861737277293518e-05
5.632165397991459977e-05
5.790136942659863289e-05
6.030316925530135200e-05
6.311793103102065626e-05
6.577315791817289119e-05
6.749232499101930874e-05
6.938104771122793175e-05
7.043574127557089982e-05
7.238819699636565711e-05
7.462292788407789989e-05
7.544383785028901522e-05
7.732757251510325087e-05
7.886385540888702793e-05
8.018586015831662226e-05
8.360243773434928682e-05
8.690486764490962051e-05
9.094562413112883628e-05
9.334730911898423376e-05
9.935384848404498251e-05
1.041474736443796757e-04
1.089996082632216693e-04
1.118511856868651593e-04
1.181771514652503122e-04
1.237696337873343279e-04
1.294045766091075304e-04
1.353141457153401702e-04
1.418136432146281721e-04
1.458053938628297653e-04
1.527108394269822630e-04
1.606277225064154464e-04
1.695973362188550127e-04
1.721927106555925537e-04
1.783856684699825542e-04
1.853821685158181835e-04
1.953048095403562851e-04
2.022283640287117587e-04
2.062742573995167373e-04
2.186833787333730119e-04
2.301396238068590056e-04
2.379184846077063886e-04
2.494696304107721883e-04
2.617612161466139568e-04
2.736236552722929889e-04
2.913561281001067959e-04
2.999108141599246113e-04
3.226081298348578699e-04
3.415897848236715988e-04
3.561775879785757690e-04
3.810101130038824418e-04
4.038026500806985624e-04
4.165977365556078967e-04
4.403114455256643546e-04
4.630687538848876411e-04
4.801477585353803906e-04
5.014446891632326443e-04
5.278584807816812585e-04
5.494099344626674538e-04
5.825215067388647520e-04
6.126738274082111670e-04
6.355659655150789570e-04
6.782602417790908628e-04
7.224994400060584260e-04
7.800630575266276692e-04
8.349906059361699188e-04
8.739451856004792083e-04
9.219837065712599682e-04
9.885122721866794297e-04
1.044446467197795514e-03
1.129255426815873676e-03
1.201716075367635986e-03
1.270435328089892374e-03
1.377214415932154256e-03
1.458751049330906432e-03
1.567817748514661056e-03
1.695050622626257655e-03
1.828373340078221984e-03
1.986361365838225888e-03
2.208084393214138682e-03
2.505623191670701237e-03
2.839649004723816903e-03
3.222358801900202310e-03
3.898329111697539529e-03
