1.611456237018467963e+00
1.480399536860114384e+00
1.367007422591915766e+00
1.255956801877436746e+00
1.153517948009252114e+00
1.056703368928640474e+00
9.679391309467991755e-01
8.890118990008638589e-01
8.156817784404992722e-01
7.507642038416543206e-01
6.833795148817044529e-01
6.341322766459175364e-01
5.878556923045246130e-01
5.501476091791046574e-01
5.198090264338940392e-01
4.939932479689937428e-01
4.710716856134399833e-01
4.552985480024819842e-01
4.424010887001300629e-01
4.329246858863033953e-01
4.215214197240376715e-01
4.148851680756013294e-01
4.081047070264159360e-01
4.021760712414032546e-01
3.996148351723019521e-01
3.942643145748543354e-01
3.913473926652845658e-01
3.888267911581906877e-01
3.859588286508499611e-01
3.833675130457144808e-01
3.790694802705084077e-01
3.781622614528865056e-01
3.755260967795230331e-01
3.746589051003011983e-01
3.736407967350976467e-01
3.722737437542833483e-01
3.699734473401016244e-01
3.699731127286776111e-01
3.694350653523629791e-01
3.692866311431631243e-01
3.687448791993519492e-01
3.687617298182224168e-01
3.660229468477571024e-01
3.649217883464992984e-01
3.648441433867117278e-01
3.642777862524770316e-01
3.640330910757597072e-01
3.639662754003754053e-01
3.638176107338416676e-01
3.635176445393383249e-01
3.632044611610379392e-01
3.632472292541608083e-01
3.630369547034986710e-01
3.632801854087508442e-01
3.631296802819503067e-01
3.631210432070274829e-01
3.629575529334188033e-01
3.622893335520344094e-01
3.623306863275244094e-01
3.614907025799779516e-01
3.616557109782912449e-01
3.614011304312132467e-01
3.615437782151604829e-01
3.614238883120892143e-01
3.618557702399240461e-01
3.616615353518682907e-01
3.613139744956721522e-01
3.608743646669341221e-01
3.607445525311527845e-01
3.597744693107320924e-01
3.596328186395310600e-01
3.592963789976764688e-01
3.593951541234005065e-01
3.594958810601005528e-01
3.595175854497884571e-01
3.595379863629227790e-01
3.594234616882984179e-01
3.594726646630267974e-01
3.592522936632598918e-01
3.593733740689881162e-01
3.593194245576180057e-01
3.597967362015784265e-01
3.596913943629013732e-01
3.594857171380311800e-01
3.592938231998248910e-01
3.591613478681539018e-01
3.592015766646845520e-01
3.590114505515724086e-01
3.590251657717028477e-01
3.585743340602086104e-01
3.586813237613381555e-01
3.586012031914533327e-01
3.575159981938331177e-01
3.573544015329565560e-01
3.573344226608078378e-01
3.568862022566947068e-01
3.566950113849101101e-01
3.565680964470946956e-01
3.565322768981387669e-01
3.564191610763651763e-01
3.558107439789121029e-01
3.560581613674033696e-01
3.557215473744969048e-01
3.557661273644803779e-01
3.556277990585573479e-01
3.554408582083909973e-01
3.546629850147398622e-01
3.539640145162726292e-01
3.523593032007917292e-01
3.523631710111684301e-01
3.529152749412439172e-01
3.522457447361343474e-01
3.516837389429345317e-01
3.516346133557315956e-01
3.519520414660131657e-01
3.512062307321828780e-01
3.510344292404141142e-01
3.502599985680397432e-01
3.503080279446457168e-01
3.503101248190648720e-01
3.502441016494747816e-01
3.502504065261561328e-01
3.504105309985683370e-01
3.498417788307874310e-01
3.492420594646710730e-01
3.495069800011147976e-01
3.488805414689593043e-01
3.489570096540343114e-01
3.484627063593429552e-01
3.481174459082209682e-01
3.475927716143240032e-01
3.470589985202704453e-01
3.471629221633343865e-01
3.472241336631891606e-01
3.471082497423495505e-01
3.473962663564127418e-01
3.473084375148855485e-01
3.472448504976881622e-01
3.464488976560162192e-01
3.452370851592354017e-01
3.451942916554578966e-01
3.450737735309158949e-01
3.452445686816970616e-01
3.453280254330628463e-01
3.448498993127017687e-01
3.446806272630943413e-01
3.450158925354429029e-01
3.447514842268906698e-01
3.445495285534116991e-01
3.444605379342329798e-01
3.446314635412942584e-01
3.443242674327268715e-01
3.437592077117685441e-01
3.442708925757684835e-01
3.432565191162509355e-01
3.428617394628230008e-01
3.429525367458381435e-01
3.432258467235079769e-01
3.422700591737276588e-01
3.419180724327862131e-01
3.414639381989895139e-01
3.414685317780316032e-01
3.419729632440470790e-01
3.411088056889212128e-01
3.409896547332650352e-01
3.409564668923021902e-01
3.411669393722667198e-01
3.408322430510730139e-01
3.415709154382896018e-01
3.404790840393503437e-01
3.403489926677256139e-01
3.397031843461449929e-01
3.390889897173599565e-01
3.393085039056543128e-01
3.392855819677279006e-01
3.396522559511228612e-01
3.392652696125608158e-01
3.384511480749503587e-01
3.375356774755452482e-01
3.364897508117705716e-01
3.357466082255286532e-01
3.359989527660350306e-01
3.351876752299345341e-01
3.351893477191534298e-01
3.350171896276375461e-01
3.349494530815794735e-01
3.353658548523062444e-01
3.355817452112686006e-01
3.362628186065599323e-01
3.360298218671783910e-01
3.363701890870914868e-01
3.361825480268322841e-01
3.357811238704498935e-01
3.356126991784160740e-01
3.350971843242858683e-01
3.346235067935032781e-01
3.345117281141711252e-01
3.346830516630637797e-01
3.342328332491784626e-01
3.337765739459699899e-01
3.333820176540063240e-01
3.338583680850709667e-01
3.337169464943597341e-01
3.329784158644712444e-01
3.324921782688051719e-01
3.316311818948292078e-01
3.321470102816042047e-01
3.315593925959792188e-01
3.313623547715175421e-01
3.310765736703090711e-01
3.312394664818040235e-01
3.306945029426818228e-01
3.295686769800377225e-01
3.284119371639790397e-01
3.284798336382926953e-01
3.289981460074959951e-01
3.277018855085290783e-01
3.280700213761828521e-01
3.276365946558544295e-01
3.276609058439218236e-01
3.274816645451326114e-01
3.267820634514612133e-01
3.264493101397185071e-01
3.262134581711690351e-01
3.262766162748649279e-01
3.261650842436208952e-01
3.263130657086091291e-01
3.262719581246936174e-01
3.263671505138164286e-01
3.259674820830534836e-01
3.257152157008457172e-01
3.255854274075820065e-01
3.251163042685820126e-01
3.244443348571774965e-01
3.246247049379636929e-01
3.247189476580286671e-01
3.239647463230419522e-01
3.247159845714170379e-01
3.242485569726567540e-01
3.239297221450912478e-01
3.238467958536067060e-01
3.213175432948165988e-01
3.199588042580799874e-01
3.200726874528146970e-01
3.202894448335273370e-01
3.185327247904192749e-01
3.197446784195266400e-01
3.191030204234594492e-01
3.181725695422442657e-01
3.177439237585598653e-01
3.187944738196543115e-01
3.176028155461005920e-01
3.182155523347455217e-01
3.178953694260210905e-01
3.166447025778743596e-01
3.174559573488359154e-01
3.171570612733030092e-01
3.165401934232011105e-01
3.155681642999227376e-01
3.152116379824422832e-01
3.146626931503316293e-01
3.141833905311544051e-01
3.135022779568323315e-01
3.136739552426103805e-01
3.137232023412317439e-01
3.127224989261579990e-01
3.145535608015458395e-01
3.131177646341655185e-01
3.112948444375316370e-01
3.119709662975012066e-01
3.112852589444813911e-01
3.127055341296528512e-01
3.129595880833226929e-01
3.125782073759855728e-01
3.119095151788572329e-01
3.123385411501958253e-01
3.108471279033011569e-01
3.105415909329968249e-01
3.114429676625556920e-01
3.093706395808440979e-01
3.096449086511978144e-01
3.093247781041801314e-01
3.094536484668312104e-01
3.095737047526705421e-01
3.098415201681670728e-01
3.094675320925386885e-01
3.106780383416097302e-01
3.109108079515118805e-01
3.119085551456696193e-01
3.109396874905764885e-01
3.116749986348851253e-01
3.116954262635199258e-01
3.112385853419645798e-01
3.126885312853434074e-01
3.123954267147082131e-01
3.111495744762921012e-01
3.121345803740677161e-01
3.123364600214308395e-01
3.110248974834426972e-01
3.111971536363206670e-01
3.113635931597775741e-01
3.092818531847168484e-01
3.080988262031993941e-01
3.086538332263468742e-01
3.082298551147459875e-01
3.087748921259448331e-01
3.089009458531484786e-01
3.090533145032438589e-01
3.085110303178085212e-01
3.104023515605901506e-01
3.092915228125600047e-01
3.091096666030215268e-01
3.083993499489003365e-01
3.093378985556518579e-01
3.089919699416136534e-01
3.097920440571687029e-01
3.090682207732655118e-01
3.092125237445216279e-01
3.098639312580961924e-01
3.101567950329008339e-01
3.108805783946372303e-01
3.104505937650076097e-01
3.104618224567104456e-01
3.119134986868443149e-01
3.107831584721091889e-01
3.099485763486916623e-01
3.087574552239133463e-01
3.089511823348919939e-01
3.082958523441466370e-01
3.089919167640733377e-01
3.084093236197270604e-01
3.078792914381852652e-01
3.085650117325037245e-01
3.089654962701023355e-01
3.098797514605602377e-01
3.107156889900176688e-01
3.107826659417354809e-01
3.112685851498787071e-01
3.106334103351136577e-01
3.104442494780204065e-01
3.108459069900535443e-01
3.106454460222364822e-01
3.094548660086692271e-01
3.102238112054658825e-01
3.116300431324444120e-01
3.121226720245673936e-01
3.136197189654116868e-01
3.124496657460046900e-01
3.127739369829037330e-01
3.134549892183821629e-01
3.136188407609052931e-01
3.125669100594086758e-01
3.116731298517907423e-01
3.137252347587685120e-01
3.141276345851466978e-01
3.147923383699440802e-01
3.137514117519601964e-01
3.145961035326614863e-01
3.128909895238056738e-01
3.132427740694036511e-01
3.119670601455187264e-01
3.138173618759903527e-01
3.143478446848087526e-01
3.171082791195035666e-01
3.162296981032683418e-01
3.178968109364954109e-01
3.151448206489655957e-01
3.148936281311262020e-01
3.166697231438230231e-01
3.176083472982684230e-01
3.187500249772282634e-01
3.182430373566795256e-01
3.198373318081951244e-01
3.201725569346987599e-01
3.202718904139439382e-01
3.222829939319306058e-01
3.216243300719372478e-01
3.201941385739880963e-01
3.218996312468689336e-01
3.240119044225771017e-01
3.251840506111592366e-01
3.262061287759278616e-01
3.266460608051671155e-01
3.270407644427307248e-01
3.273772449268387841e-01
3.297440832611671091e-01
3.321066452214148645e-01
3.324789434701114765e-01
3.350951373174028691e-01
3.357411617228126532e-01
3.352077397071274723e-01
3.347569245762175294e-01
3.334577381895807435e-01
3.342892859793655247e-01
3.345828025106698522e-01
3.376503411980756320e-01
3.364237073425884184e-01
3.369966416415159371e-01
3.382920490433937721e-01
3.388538398390062434e-01
3.373980047611110922e-01
3.374086491828968692e-01
3.372183539836668964e-01
3.382435956193413085e-01
3.374160459998287176e-01
3.393507660857082997e-01
3.408104154509242201e-01
3.413326394930624730e-01
3.413453608745366519e-01
3.433742013880747290e-01
3.429955419179168130e-01
3.466249731051321281e-01
3.485202280448696510e-01
3.487833839656257484e-01
3.497933993825438348e-01
3.494232681970410592e-01
3.519016771893797024e-01
3.507107945888957024e-01
3.539292137363881374e-01
3.503170861516127776e-01
3.518300451670901552e-01
3.535225178629867182e-01
3.551785410084213335e-01
3.561902732891722989e-01
3.584440954461796114e-01
3.582962380784071588e-01
3.606393396288977704e-01
3.609920040305451550e-01
3.638041885503173201e-01
3.666583098686343467e-01
3.694646518169241167e-01
3.667317971651846142e-01
3.712971813948736099e-01
3.727546223130924763e-01
3.753875835758448964e-01
3.788419548261116598e-01
3.791761511038337917e-01
3.809417075278853648e-01
3.810726123019193001e-01
3.833113392681609111e-01
3.845793313258130119e-01
3.860957191269575595e-01
3.886399842555419148e-01
3.889562150092187309e-01
3.932830144544040563e-01
3.948166736563796797e-01
3.969458240799997317e-01
3.979488000706938866e-01
4.001133252789998429e-01
4.025638837400112857e-01
4.011626751594557505e-01
4.049138387148311091e-01
4.065885197448900201e-01
4.051656607276891697e-01
4.064604813834120645e-01
4.107998657767797934e-01
4.134551443621905520e-01
4.178919787632089933e-01
4.186229120086049083e-01
4.212188970362450990e-01
4.218573398946503517e-01
4.283559438537054564e-01
4.300868328687749154e-01
4.363330528170044631e-01
4.379438365194164851e-01
4.361436707011414060e-01
4.394569329224033982e-01
4.398496682245829903e-01
4.428764732071507892e-01
4.463028105039755222e-01
4.464278379484232784e-01
4.490093285955379376e-01
4.526547878087617272e-01
4.552373925632405838e-01
4.565390088652666600e-01
4.593221608220801611e-01
4.640560985887515755e-01
4.673003439418653704e-01
4.667695537467529410e-01
4.700799685376318982e-01
4.720019901891326364e-01
4.773648173247653781e-01
4.812510310637094224e-01
4.876016684640996912e-01
4.889040639356914686e-01
4.917292177199683589e-01
4.937341247533314492e-01
4.954822613038091794e-01
4.974528870698404215e-01
5.024249849612874019e-01
5.042093188974035023e-01
5.097849794865506601e-01
5.156361861011021785e-01
5.217123110065849945e-01
5.271704108546483303e-01
5.296522274295819566e-01
5.343173667095313384e-01
5.398666462839817326e-01
5.451186131258829448e-01
5.461330175076498650e-01
5.514332495458100780e-01
5.564591299180814410e-01
5.603600161888214748e-01
5.671563474080903999e-01
5.734593320799918903e-01
5.776013498054575201e-01
5.839038859396227243e-01
5.887327992517141784e-01
5.863903149969073025e-01
5.864108035022415066e-01
5.935759624817865676e-01
5.986787329950425951e-01
6.064275929220261929e-01
6.092368644053789417e-01
6.132773649431093599e-01
6.213709949966800261e-01
6.215851967042556048e-01
6.241296331706399636e-01
6.295887549707303021e-01
6.331173978189409413e-01
6.418670867792687362e-01
6.421440575420078734e-01
6.505628869848946172e-01
6.593154350682440823e-01
6.607215971178618252e-01
6.643802515665541142e-01
6.735650722426861359e-01
6.794210786327704588e-01
6.860607282004411722e-01
6.907034871824468958e-01
6.990345632183925240e-01
7.086561150647591178e-01
7.121836023302885454e-01
7.273408872691832228e-01
7.365025008318982769e-01
7.498610098694830084e-01
7.488656807474333155e-01
7.510846409638851640e-01
7.584531704109355177e-01
7.654671574398939082e-01
7.738099596187575369e-01
7.802454260587433632e-01
7.923063086452526438e-01
8.028057848134733110e-01
8.118128759535924166e-01
8.191093898249526273e-01
8.340934189571975743e-01
8.401991876512988622e-01
8.503200711625293895e-01
8.651063628977969655e-01
8.778837790653079010e-01
8.807689708285284524e-01
8.843895374706387535e-01
8.943597352565885172e-01
9.064247772823662563e-01
9.174003954203464595e-01
9.324049852400885241e-01
9.428297694422161923e-01
9.534356911897274856e-01
9.728434026559367176e-01
9.836576604793331180e-01
1.000231064008597848e+00
1.014255588604224601e+00
1.022990733178665845e+00
1.030936019558796657e+00
1.047300434108722422e+00
1.058772215043861431e+00
1.080412588929422490e+00
1.099282769636321433e+00
1.113341439622701934e+00
1.128754748951025899e+00
1.144999094705441811e+00
1.145101691865019866e+00
1.163376447617468390e+00
1.178633991455151131e+00
1.197734533005212709e+00
1.214515013111344244e+00
1.227098374751588450e+00
1.245986353527476664e+00
1.246342817883970167e+00
1.264690294314809504e+00
1.288814468428959970e+00
1.313642444764898665e+00
1.338891473076194494e+00
1.362355972737870902e+00
1.378984424409750664e+00
1.397453413583117143e+00
1.412527209913118531e+00
1.436633915992833188e+00
1.455760721424239401e+00
1.484185371286004473e+00
1.507110282561647807e+00
1.522318626844078482e+00
1.554750993184724761e+00
1.592506273239207903e+00
1.622422544293328883e+00
1.649435341169940061e+00
1.677506124794935882e+00
1.717422599555209706e+00
1.759882003986700028e+00
1.804463215543864463e+00
