5.840609189720851954e-03
8.030702962822482138e-02
1.556210197754746283e-01
2.322063644858433362e-01
3.082266627237147394e-01
3.865071468515751674e-01
4.619623986169492103e-01
5.416554989260525810e-01
6.195121981995400651e-01
6.952499732011626632e-01
7.759319048371368099e-01
8.518109414568835192e-01
9.309389952934900014e-01
1.008795694566977375e+00
1.086511132222340414e+00
1.167616848712687450e+00
1.245756071222423378e+00
1.325449171531527082e+00
1.407402457730619894e+00
1.483705279204740490e+00
1.556759083462001536e+00
1.632355596845499912e+00
1.711624912300230950e+00
1.792024320699956652e+00
1.879769333242146567e+00
1.960592526496244936e+00
2.033787592371630204e+00
2.107688966337636138e+00
2.179188892795530297e+00
2.254502882942780229e+00
2.326991640727543498e+00
2.412052682525370528e+00
2.495983631378203338e+00
2.572851499324821045e+00
2.655228570378285191e+00
2.735204193923637117e+00
2.811224492161509048e+00
2.899675812794319629e+00
2.989398487990249542e+00
3.081098825839921673e+00
3.171810332362721141e+00
3.260261652995533943e+00
3.340943584631506980e+00
3.423461917303097568e+00
3.510076836900292818e+00
3.599093204005599400e+00
3.689945972146523978e+00
3.780657478669324778e+00
3.870097630629006691e+00
3.960102829061187268e+00
4.051379382056485845e+00
4.143220981524280866e+00
4.233084918338335001e+00
4.312354233793064928e+00
4.402076908988997950e+00
4.490952014476182086e+00
4.575024224947136453e+00
4.667995917359923475e+00
4.758424900646473610e+00
4.848288837460524192e+00
4.933773664112721669e+00
5.018834705910546923e+00
5.104178270944621509e+00
5.180622354036864330e+00
5.256783913892859594e+00
5.337183322292580634e+00
5.427188520724759435e+00
5.513520917085701356e+00
5.605786301407867711e+00
5.692825005859431187e+00
5.782688942673482657e+00
5.871564048160666793e+00
5.962840601155958709e+00
6.054682200623753729e+00
6.145252445528427643e+00
6.235398905578728446e+00
6.326957981810273246e+00
6.416256872151829604e+00
6.504990716020887298e+00
6.596549792252433875e+00
6.686554990684609123e+00
6.777831543679903703e+00
6.870661974474567835e+00
6.959113295107377084e+00
7.044598121759571896e+00
7.134885843427997365e+00
7.227151227750165496e+00
7.318286519127336298e+00
7.408998025650133989e+00
7.495047898774831019e+00
7.582934172935140715e+00
7.669831615768583966e+00
7.751926163585793006e+00
7.839247391273611143e+00
7.931088990741401723e+00
8.023919421536065855e+00
8.112229480550748661e+00
8.202799725455424351e+00
8.293228708741976263e+00
8.384787784973520175e+00
8.472674059133831648e+00
8.565504489928496668e+00
8.656922304541913249e+00
8.744102270611602279e+00
8.833118637716909305e+00
8.916343278479118339e+00
8.996036378788222265e+00
9.085335269129775071e+00
9.165452154293248554e+00
9.242320022239862709e+00
9.325120878147698633e+00
9.409193088618653888e+00
9.486343479801519152e+00
9.555724481987548202e+00
9.643186971293486565e+00
9.731497030308171148e+00
9.814862932688505737e+00
9.899782712868207213e+00
9.985973847611029797e+00
1.007682661575195127e+01
1.016753812227475073e+01
1.025782584394317176e+01
1.034726599590284835e+01
1.043712993271689982e+01
1.051555167846288441e+01
1.059821127275259478e+01
1.067606797202608426e+01
1.075505476424456397e+01
1.083178137057305612e+01
1.090412886673969517e+01
1.097901907203257110e+01
1.106238497441290569e+01
1.114688096973823406e+01
1.123391967418979753e+01
1.131954576246012145e+01
1.140234661836795738e+01
1.148542999751203908e+01
1.157275122519985544e+01
1.165724722052518203e+01
1.173453887332617285e+01
1.182058874645086632e+01
1.190889880546554913e+01
1.199777391095273238e+01
1.208763784776678207e+01
1.217651295325396532e+01
1.226567058197739080e+01
1.235680587335456337e+01
1.244695233340486595e+01
1.253441482271080254e+01
1.261552053920114780e+01
1.270792718514143615e+01
1.279877995328236118e+01
1.288242837889894155e+01
1.296918456011425569e+01
1.305495191000270339e+01
1.313634014972929798e+01
1.322253128447211523e+01
1.330420204743496093e+01
1.336948646269538443e+01
1.344338783666139214e+01
1.353664205231042494e+01
1.362848365177821464e+01
1.371114324606792856e+01
1.379041256152265760e+01
1.388423182364419084e+01
1.396999917353263676e+01
1.405548400018483512e+01
1.413461205402143683e+01
1.422263958979987031e+01
1.429710601023837135e+01
1.437383261656686706e+01
1.445719851894720343e+01
1.453067610805883625e+01
1.460274108098922596e+01
1.467480605391961568e+01
1.475562924717371516e+01
1.483786505660905419e+01
1.491261400028380635e+01
1.499258962382915783e+01
1.506917496853952443e+01
1.514717292943113769e+01
1.522474710546837606e+01
1.530726543813996265e+01
1.539275026479215924e+01
1.547809382982623205e+01
1.556541505751404841e+01
1.564567320429564923e+01
1.571138140441044762e+01
1.580209291093324353e+01
1.588941413862105989e+01
1.596204415802394649e+01
1.603184894506435043e+01
1.610250130181350059e+01
1.616693814736517609e+01
1.624437106178428891e+01
1.633013841167273483e+01
1.641618828479743186e+01
1.650209689630399978e+01
1.658376765926684371e+01
1.666473211413905986e+01
1.674569656901127956e+01
1.683287653508096682e+01
1.692429434969438873e+01
1.701641847239843131e+01
1.710049068286938478e+01
1.718795317217532315e+01
1.728050107973373528e+01
1.736655095285842876e+01
1.744836297743940179e+01
1.753384780409159660e+01
1.760690160834885631e+01
1.767077340742803671e+01
1.773817674696032753e+01
1.781038298150884103e+01
1.788626201812859051e+01
1.796553133358331777e+01
1.805341760774364346e+01
1.814186892837646425e+01
1.823159160357239372e+01
1.831538129080709609e+01
1.839733457700619823e+01
1.848536211278464592e+01
1.857720371225242673e+01
1.866325358537713086e+01
1.874450056348560878e+01
1.883422323868152759e+01
1.892436969873183372e+01
1.900505163036781653e+01
1.909209033481937823e+01
1.918011787059782591e+01
1.926955802255752204e+01
1.935913943613532595e+01
1.944716697191377719e+01
1.953703090872783932e+01
1.962279825861629590e+01
1.970757677717788425e+01
1.979687566751943706e+01
1.988617455786098986e+01
1.996021719344512491e+01
2.003143459666678439e+01
2.010378209283340567e+01
2.018531159417813470e+01
2.025525764283666774e+01
2.032859397033018567e+01
2.040277786753243916e+01
2.048783890933027152e+01
2.057346499760060254e+01
2.064581249376725935e+01
2.071999639096950574e+01
2.079686425891613410e+01
2.086638652272030470e+01
2.093336607739821531e+01
2.100769123621858725e+01
2.108893821432706517e+01
2.116947888434491887e+01
2.124168511889343947e+01
2.132335588185629049e+01
2.139386697698731155e+01
2.145802129930272883e+01
2.152824987119751299e+01
2.161345217461347090e+01
2.170246854171878681e+01
2.178837715322535118e+01
2.187428576473193331e+01
2.196019437623850834e+01
2.203155304107827561e+01
2.210729081607990665e+01
2.219192807302336945e+01
2.227472892893121426e+01
2.235865987778404218e+01
2.244315587310938298e+01
2.253259602506907555e+01
2.262132986893813680e+01
2.270879235824407516e+01
2.279597232431376952e+01
2.288202219743847365e+01
2.296115025127509313e+01
2.304183218291106527e+01
2.312533934690954496e+01
2.320474992398241199e+01
2.327921634442092369e+01
2.336357107812814249e+01
2.344142777740163197e+01
2.352860774347131212e+01
2.361705906410412936e+01
2.368940656027077196e+01
2.377319624750548144e+01
2.386249513784703424e+01
2.394882753420797528e+01
2.403191091335207119e+01
2.409677154375810915e+01
2.416318605196352109e+01
2.423779373402016191e+01
2.431974702021926760e+01
2.440466680039895664e+01
2.448181719158181480e+01
2.455826127467407360e+01
2.463385778805758264e+01
2.470366257509799013e+01
2.477191348433902363e+01
2.484609738154128422e+01
2.491745604638106570e+01
2.499065111225643676e+01
2.506215103871432959e+01
2.514029026122407373e+01
2.520430332192136902e+01
2.527424937057988785e+01
2.535224733147151355e+01
2.543052781559938325e+01
2.551304614827097694e+01
2.560333386993939442e+01
2.568726481879224366e+01
2.576582782615635381e+01
2.584537966484734284e+01
2.592662664295581720e+01
2.601493670197049468e+01
2.610367054583955593e+01
2.619424079074424228e+01
2.627986687901457685e+01
2.636535170566678588e+01
2.645337924144522646e+01
2.653377864984494039e+01
2.660570236115719922e+01
2.668412410690319447e+01
2.676240459103106062e+01
2.683856615088706832e+01
2.691868303605054891e+01
2.699357324134344083e+01
2.707411391136129808e+01
2.715295944196167000e+01
2.724268211715760657e+01
2.732392909526608094e+01
2.740828382897328552e+01
2.749348613238924699e+01
2.758123114493143291e+01
2.766685723320177104e+01
2.775559107707083228e+01
2.784460744417614464e+01
2.793277624157272143e+01
2.801741349851619134e+01
2.810459346458589636e+01
2.819247973874620072e+01
2.827556311789030374e+01
2.834875818376569256e+01
2.843438427203603069e+01
2.851421863396326373e+01
2.858854379278364632e+01
2.867487618914458736e+01
2.876346877139553726e+01
2.885474532439084427e+01
2.893994762780680574e+01
2.900636213601222124e+01
2.907800332408824673e+01
2.915388236070799977e+01
2.922750121143776170e+01
2.929857735304128141e+01
2.937120737244417867e+01
2.944143594433895572e+01
2.951491353345059565e+01
2.959107509330659980e+01
2.966653034507198683e+01
2.974142055036487875e+01
2.982238500523710556e+01
2.990716352379869036e+01
2.997823966540220297e+01
3.004973959186008514e+01
3.013663703469352484e+01
3.021972041383762431e+01
3.030195622327297045e+01
3.038037796901896215e+01
3.045117158738624497e+01
3.053058216445910489e+01
3.060716750916948925e+01
3.067598346488300720e+01
3.076302216933456180e+01
3.083678228168244217e+01
3.091887682949965921e+01
3.100097137731689401e+01
3.107134121082978595e+01
3.115018674143014010e+01
3.122154540626990737e+01
3.129445794890904509e+01
3.136991320067443567e+01
3.145440919599976581e+01
3.154060033074259906e+01
3.163215940697415007e+01
3.171453647802761111e+01
3.179168686921047282e+01
3.187477024835457939e+01
3.196463418516863797e+01
3.205322676741958077e+01
3.214252565776115489e+01
3.222504399043272372e+01
3.230671475339556054e+01
3.237976855765282380e+01
3.245366993161884039e+01
3.252898392176608411e+01
3.259229067437274807e+01
3.266266050788564002e+01
3.273995216068664860e+01
3.282091661555889317e+01
3.289933836130488487e+01
3.297239216556215524e+01
3.304855372541815939e+01
3.312669294792787866e+01
3.320454964720137525e+01
3.328438400912862249e+01
3.336379458620147886e+01
3.344348768651058634e+01
3.351866041503971871e+01
3.358677006266262310e+01
3.366476802355423814e+01
3.375110041991519694e+01
3.384025804863863129e+01
3.393068703192516722e+01
3.401348788783301558e+01
3.408809556988965994e+01
3.416962507123437831e+01
3.424282013710976003e+01
3.432237197580075616e+01
3.440616166303547629e+01
3.449362415234142532e+01
3.458348808915549455e+01
3.466685399153583091e+01
3.474866601611681460e+01
3.483231444173337366e+01
3.491271385013310891e+01
3.498534386953598130e+01
3.505853893541138433e+01
3.514148105293735824e+01
3.522866101900706326e+01
3.530778907284368984e+01
3.538027783062845799e+01
3.546194859359130191e+01
3.553853393830168272e+01
3.561554306786644020e+01
3.569749635406554233e+01
3.576970258861404517e+01
3.583738845138258000e+01
3.591934173758168214e+01
3.600440277937951095e+01
3.609087643735858109e+01
3.617353603164828968e+01
3.625845581182798583e+01
3.633037952314025887e+01
3.641770075082807523e+01
3.650812973411465379e+01
3.657525055041068640e+01
3.665381355777478944e+01
3.674113478546261291e+01
3.682082788577174171e+01
3.690362874167957585e+01
3.698303931875243933e+01
3.705510429168283082e+01
3.712646295652258033e+01
3.720799245786732712e+01
3.728825060464892260e+01
3.736186945537867388e+01
3.743520578287218825e+01
3.750444552344010418e+01
3.758625754802105945e+01
3.767357877570886870e+01
3.774804519614740173e+01
3.782067521555028122e+01
3.789952074615064248e+01
3.797638861409725308e+01
3.805325648204389211e+01
3.812913551866363804e+01
3.820473203204715418e+01
3.828499017882874256e+01
3.837330023784345201e+01
3.846189282009439125e+01
3.854780143160093786e+01
3.863484013605251022e+01
3.871439197474351346e+01
3.879789913874198248e+01
3.887872233199607308e+01
3.896095814143139791e+01
3.904729053779236381e+01
3.913079770179082573e+01
3.921133837180867943e+01
3.929442175095280732e+01
3.936465032284760923e+01
3.944801622522795270e+01
3.952008119815835130e+01
3.959412383374247923e+01
3.967946739877655915e+01
3.976156194659375842e+01
3.985015452884470477e+01
3.993747575653252824e+01
4.001914651949536506e+01
4.009742700362324541e+01
4.017443613318800288e+01
4.024650110611837306e+01
4.032181509626560967e+01
4.040885380071718913e+01
4.049349105766065549e+01
4.057699822165913162e+01
4.066657963523691421e+01
4.075644357205099766e+01
4.083246387028886204e+01
4.090495262807363730e+01
4.097941904851212769e+01
4.105487430027749696e+01
4.112990576718851798e+01
4.119956929261079637e+01
4.127121048068678988e+01
4.134793708701529624e+01
4.142734766408817393e+01
4.150407427041665898e+01
4.157359653422081180e+01
4.164396636773371085e+01
4.171829152655406148e+01
4.179812588848130162e+01
4.187979665144418107e+01
4.196118489117078809e+01
4.204794107238608092e+01
4.212396137062392398e+01
4.219828652944432434e+01
4.227939224593467316e+01
4.236134553213378950e+01
4.244442891127785344e+01
4.251903659333449781e+01
4.258757002581178597e+01
4.265652724314344368e+01
4.272873347769193941e+01
4.280659017696541468e+01
4.288317552167582392e+01
4.296385745331179606e+01
4.305033111129087331e+01
4.313906495515989548e+01
4.322469104343022650e+01
4.330805694581057708e+01
4.339001023200967211e+01
4.346490043730256758e+01
4.354784255482852728e+01
4.363827153811509874e+01
4.372516898094853843e+01
4.380570965096639924e+01
4.388992312305547472e+01
4.397060505469145397e+01
4.404351759733057747e+01
4.413112134825467336e+01
4.421929014565124305e+01
4.430110217023219832e+01
4.438715204335692022e+01
4.446628009719349706e+01
4.454117030248637121e+01
4.461563672292489713e+01
4.468869052718214618e+01
4.476471082542003188e+01
4.483324425789725609e+01
4.491971791587638307e+01
4.500421391120173809e+01
4.507571383765962025e+01
4.515286422884247486e+01
4.523283985238785476e+01
4.531253295269694092e+01
4.538459792562733242e+01
4.547234293816951123e+01
4.555260108495109961e+01
4.562975147613397553e+01
4.570012130964686747e+01
4.578263964231845762e+01
4.586261526586382331e+01
4.593976565704667792e+01
4.601790487955642561e+01
4.609957564251927664e+01
4.618068135900960414e+01
4.624836722177811055e+01
4.632339868868912447e+01
4.640054907987193644e+01
4.648094848827168590e+01
4.655117706016641677e+01
4.662903375943992756e+01
4.670745550518592637e+01
4.679322285507438295e+01
4.687333974023783867e+01
4.695712942747256591e+01
4.704416813192412405e+01
4.712668646459570709e+01
4.720454316386922500e+01
4.728211733990643495e+01
4.736251674830616309e+01
4.743712443036280746e+01
4.752147916407000849e+01
4.760300866541474107e+01
4.768510321323196166e+01
4.776733902266728649e+01
4.784830347753950974e+01
4.792729026975800366e+01
4.800783093977587157e+01
4.809232693510123369e+01
4.817583409909970982e+01
4.825637476911758483e+01
4.833437273000919987e+01
4.841011050501078472e+01
4.849305262253677284e+01
4.857105058342839499e+01
4.865554657875372158e+01
4.873151799414497276e+01
