1.551328673054159536e-02
1.250244175063715442e-02
1.039019460984229662e-02
8.675000503684861600e-03
7.294781062031104393e-03
6.140859821418489899e-03
5.177978601784418052e-03
4.380863812516420062e-03
3.744987861310243582e-03
3.213216036180068132e-03
2.760120152110944088e-03
2.405084055966798078e-03
2.116955888368328344e-03
1.927710958958761154e-03
1.780049516357254608e-03
1.654644267964017765e-03
1.563863164972514137e-03
1.484596619510171163e-03
1.415010174135909000e-03
1.349187085202453989e-03
1.293880299302028981e-03
1.260885937749442335e-03
1.232876779538155318e-03
1.209569476137127304e-03
1.190883758359221126e-03
1.173468829057277901e-03
1.157238803281544466e-03
1.147645429729810419e-03
1.132623277947195995e-03
1.111502185989152354e-03
1.097563797933193662e-03
1.088449503371503998e-03
1.080925071816568259e-03
1.074677512512974779e-03
1.070790295342270021e-03
1.066346384068406119e-03
1.061036933936527734e-03
1.058624466290240557e-03
1.057126259122822187e-03
1.056876550563966375e-03
1.055542454080389634e-03
1.053833491219315771e-03
1.041661824447092342e-03
1.035385779643085329e-03
1.033136301604569698e-03
1.031023000561505972e-03
1.030512695828491102e-03
1.030029607500255193e-03
1.029521233818746087e-03
1.029137644570534598e-03
1.028840331227785700e-03
1.028657193055783478e-03
1.028011259383774557e-03
1.027165070920341454e-03
1.026795366095847265e-03
1.026636626960776739e-03
1.025713253584900186e-03
1.024948625444736068e-03
1.024090796245573668e-03
1.023354265704966683e-03
1.022933828553315976e-03
1.022488229829461017e-03
1.021461604185226572e-03
1.020024091296287605e-03
1.018980266220603998e-03
1.018385771884135291e-03
1.018089944740790606e-03
1.016310585379898287e-03
1.016194838875827088e-03
1.014154996682368548e-03
1.013927153296788862e-03
1.013388961686902687e-03
1.012760331901199585e-03
1.012500651857929776e-03
1.012486614570002469e-03
1.012291320001806319e-03
1.012066980253774036e-03
1.012215854109836362e-03
1.011694013984334138e-03
1.011445167651910072e-03
1.011413293425796967e-03
1.011103940832337993e-03
1.010801213801945739e-03
1.010358879841087403e-03
1.009876184049926821e-03
1.009595279919653062e-03
1.008994438159855874e-03
1.008336787075126513e-03
1.008017687758155489e-03
1.007059866043489996e-03
1.006710165517736956e-03
1.006603277332778065e-03
1.003750722228137840e-03
1.002207613502306000e-03
1.000695449444659020e-03
9.996740885983058673e-04
9.992115014458057345e-04
9.988921578228085636e-04
9.988518386950398856e-04
9.981650396450702893e-04
9.976265687158297930e-04
9.975718499359675744e-04
9.971055390733951640e-04
9.969428197349979905e-04
9.964469510773009062e-04
9.960479817103717534e-04
9.951351746677636161e-04
9.937451608442856785e-04
9.898509308500795436e-04
9.864723952130690417e-04
9.856072274552851818e-04
9.857518186911840615e-04
9.849832804567132307e-04
9.838179701773871067e-04
9.832414297751405387e-04
9.827328252370775077e-04
9.808408223845083325e-04
9.801160733040991790e-04
9.797304898098632957e-04
9.798050315041656379e-04
9.797964110407769451e-04
9.791843033957710937e-04
9.788147998753950283e-04
9.788363101538041875e-04
9.768169177809306065e-04
9.766461820083691646e-04
9.755290581369225125e-04
9.749217762214491085e-04
9.743836964034062941e-04
9.726430564496879464e-04
9.716726930562665952e-04
9.713850749752453700e-04
9.706646497012042830e-04
9.707918459969613239e-04
9.700717852460981555e-04
9.700604772146791425e-04
9.700026392155532921e-04
9.699597569138460008e-04
9.673679188366429574e-04
9.635552977018101975e-04
9.631076623628431147e-04
9.626945389513630802e-04
9.622209090076599015e-04
9.624858760393654100e-04
9.617590784736374920e-04
9.611652450011684860e-04
9.609683442403837896e-04
9.607715576946990362e-04
9.604018736239136036e-04
9.594425741743997779e-04
9.592753665695971524e-04
9.575785359695999184e-04
9.572293711955898697e-04
9.558302886304809133e-04
9.544128105249707851e-04
9.537880488830875834e-04
9.529296542290157258e-04
9.521652726015927088e-04
9.489292732909402738e-04
9.472138014315164460e-04
9.468176066348464939e-04
9.459351521435981373e-04
9.449050966219833163e-04
9.414130395761906257e-04
9.413280399664022144e-04
9.414995737702981388e-04
9.414202422964864725e-04
9.408695672183436855e-04
9.392422837008389345e-04
9.378116464254252155e-04
9.372145951370864378e-04
9.363585151565269023e-04
9.366883263204602104e-04
9.359500500372231260e-04
9.351246129304177515e-04
9.338452048663210521e-04
9.335822965886887963e-04
9.319622682965270771e-04
9.299247346068950041e-04
9.258407156983610754e-04
9.239482936199809333e-04
9.239506042125055375e-04
9.224602657291301614e-04
9.216576137057092867e-04
9.214771745675079916e-04
9.209027800390697134e-04
9.190149492185813477e-04
9.189008494043023750e-04
9.192668316080640587e-04
9.194442025402681413e-04
9.184671547548357504e-04
9.171479922794470788e-04
9.146361465972376341e-04
9.143606911509653649e-04
9.130792713147196232e-04
9.133155504438658819e-04
9.127225821016340728e-04
9.111731803306603828e-04
9.102344750203078105e-04
9.090232096035281246e-04
9.068971133344719488e-04
9.069447337382105121e-04
9.073201119544854840e-04
9.063348246593623493e-04
9.048630797198092043e-04
9.038281015529671739e-04
9.041872455087112152e-04
9.034162933063607376e-04
9.034208871437532547e-04
9.030650327836711646e-04
9.027633235083113968e-04
9.018121499030311685e-04
8.987852878683514788e-04
8.959131689760240630e-04
8.949208038661817400e-04
8.920740321797498290e-04
8.913532576310499592e-04
8.903057133748712004e-04
8.895432136778686025e-04
8.900125927349487182e-04
8.894417595218775041e-04
8.893512210445499904e-04
8.884283101428843820e-04
8.844416755918245877e-04
8.838258411618600844e-04
8.834772259187466262e-04
8.819908979970591222e-04
8.807904525180804091e-04
8.811805351653664116e-04
8.787109366748654862e-04
8.791342883694433985e-04
8.793769581916027409e-04
8.789600922542565621e-04
8.786530162705349055e-04
8.778355071207483758e-04
8.778562437412739013e-04
8.763943942277877420e-04
8.771358499470989457e-04
8.763101782433750740e-04
8.690141928245103580e-04
8.674676147011959985e-04
8.613106800989900422e-04
8.544409093478843578e-04
8.537571254231335945e-04
8.541334150932644240e-04
8.539046249670199235e-04
8.543833454553624585e-04
8.517500691312327159e-04
8.511279600861256433e-04
8.493178331960420406e-04
8.474524988301739481e-04
8.473194280646162207e-04
8.466548661391959168e-04
8.438098209177556999e-04
8.406554159204032012e-04
8.404883652556051875e-04
8.387095922486317379e-04
8.265027254547138887e-04
8.258160855250184324e-04
8.157148897331640332e-04
8.145130860958340203e-04
8.142203520318183488e-04
8.127686786964898047e-04
8.126268588749507556e-04
8.140697745444055566e-04
8.114113081089716593e-04
8.112123834482723320e-04
8.095912104706548150e-04
8.030685853663147630e-04
8.019432279940092540e-04
8.001395115178839895e-04
7.996077745299274208e-04
7.998848122975862375e-04
7.984305798763084673e-04
7.970209856042768590e-04
7.980044829335843429e-04
7.960450977916139984e-04
7.947082292094409051e-04
7.962315474624215338e-04
7.951275583760161790e-04
7.932229600409260997e-04
7.928008374931604053e-04
7.911004099971731323e-04
7.915252972900381359e-04
7.919390452687068279e-04
7.889042246948616693e-04
7.894077402146300413e-04
7.899842960211256662e-04
7.914766809534451572e-04
7.900310932892709061e-04
7.906516672113748706e-04
7.890188695861475015e-04
7.875297183304897372e-04
7.895093493222182660e-04
7.887064490092701068e-04
7.855259938185284738e-04
7.856912697330808515e-04
7.855969661778482898e-04
7.804120852694759096e-04
7.825502609649083409e-04
7.844455212100923808e-04
7.787077866116960375e-04
7.744938006555360244e-04
7.708943409308110844e-04
7.687561374938603692e-04
7.691943051409247433e-04
7.719293660748592027e-04
7.723050245053738987e-04
7.715852468485047237e-04
7.687169994427093828e-04
7.679316927784352216e-04
7.674200211141231397e-04
7.664113926759445403e-04
7.695962290308593773e-04
7.674051310841038332e-04
7.669831857768504447e-04
7.668684877358041951e-04
7.676784679945083175e-04
7.672672330838054824e-04
7.667004303505583996e-04
7.687446571703951664e-04
7.676857652029685274e-04
7.670687790451248328e-04
7.706749461607648091e-04
7.696423853536791572e-04
7.671833596574179461e-04
7.626422265083932124e-04
7.663003438408682449e-04
7.635945852741280251e-04
7.653504255188337468e-04
7.635269449657670340e-04
7.622606965241147080e-04
7.628712371912096338e-04
7.647921823150456884e-04
7.638755776057392938e-04
7.664548613041024389e-04
7.634053343849747739e-04
7.632876016107000309e-04
7.622272416476030561e-04
7.636764650897963445e-04
7.656443672962547206e-04
7.646197514669211522e-04
7.620561861270731688e-04
7.627795216737781733e-04
7.662174557458853929e-04
7.595852079217612013e-04
7.581342076482490075e-04
7.558473248345539243e-04
7.575283274125112079e-04
7.584791586296808427e-04
7.584399184896159279e-04
7.581152911403121232e-04
7.526189313840805743e-04
7.578583877766849287e-04
7.585950598595940985e-04
7.578646706794384385e-04
7.549678899351036339e-04
7.546151205377679564e-04
7.501208756188674056e-04
7.500797077989050567e-04
7.468466207157169016e-04
7.509497221272674839e-04
7.521932958138815954e-04
7.573981396261099917e-04
7.548115532775318427e-04
7.567214803504156064e-04
7.586361515431114255e-04
7.555121047672729408e-04
7.592798063660153749e-04
7.565605098694991402e-04
7.578732795384888728e-04
7.602662083855275853e-04
7.628772556585904563e-04
7.603300738421714519e-04
7.636893184203802452e-04
7.688153665289656569e-04
7.701895506955900488e-04
7.634096616494956584e-04
7.679071773932795008e-04
7.736810942074038352e-04
7.775742135744012802e-04
7.840211622317902647e-04
7.818274294257322992e-04
7.865769347642685792e-04
7.866103576206351236e-04
7.930233783216393290e-04
7.989755972117912504e-04
8.010915817724908366e-04
8.080595272473180398e-04
8.102127301083776600e-04
8.081629688497474640e-04
8.096915532570811772e-04
8.068480851882318863e-04
8.113240007944017484e-04
8.123622302130641733e-04
8.061216132210454778e-04
8.053277246909927578e-04
8.071493628197322183e-04
8.008620872844844944e-04
8.039063618888517412e-04
7.995514129413865047e-04
7.962249747050406364e-04
7.944003287783223946e-04
8.043055217856709361e-04
8.070662906269063849e-04
8.081498367460941560e-04
8.103051926306670477e-04
8.147005155457786099e-04
8.167250250196581365e-04
8.259241429249972654e-04
8.238090178441066173e-04
8.366003184215574113e-04
8.376892845356992238e-04
8.399814089484548048e-04
8.434784747576959830e-04
8.535400963072884957e-04
8.559638014569818931e-04
8.576707566701573509e-04
8.537284661023563596e-04
8.487747449986687148e-04
8.541148651979554906e-04
8.580909844462762800e-04
8.630196710179313495e-04
8.651533952398394621e-04
8.734195491009851204e-04
8.739820464611717512e-04
8.900482037490112068e-04
8.921825781253423480e-04
8.929952423636263988e-04
9.014181042152608460e-04
9.098059851599549913e-04
9.051727158717543312e-04
9.238869874799432577e-04
9.291963374355284924e-04
9.335379118213105306e-04
9.358828888116791722e-04
9.344601817286591608e-04
9.383216320637753323e-04
9.444689836035958814e-04
9.523194252113618627e-04
9.602772193942851232e-04
9.638011577226018216e-04
9.685065375255638275e-04
9.725109286254182044e-04
9.981905368054277278e-04
1.002815039737818287e-03
1.010651843441335435e-03
1.022521667952538960e-03
1.031760599155610598e-03
1.041623839362362802e-03
1.031389919568519165e-03
1.049239773398396962e-03
1.055202808521190846e-03
1.054770277387670789e-03
1.064821452560870806e-03
1.081618576369359477e-03
1.101939096282793283e-03
1.112019444833951256e-03
1.122301935300386863e-03
1.135496699821092730e-03
1.145845597120584251e-03
1.167373445113442610e-03
1.172325456771482069e-03
1.196629217021220708e-03
1.213403752951766092e-03
1.218402536191159988e-03
1.228781894312027615e-03
1.231344527494334772e-03
1.243600642409768047e-03
1.263164999104619129e-03
1.257761603688480967e-03
1.273650198199818622e-03
1.288180988150941378e-03
1.304971817123059359e-03
1.315122065750649232e-03
1.331526652366170826e-03
1.361304238279910372e-03
1.372142667485549061e-03
1.378631421790421988e-03
1.396520205511881220e-03
1.400081188237968250e-03
1.430342058382156126e-03
1.458573140206059337e-03
1.501870917906027213e-03
1.519657061760180516e-03
1.556395421217066132e-03
1.581364441125957627e-03
1.584935162571549094e-03
1.595825844726329401e-03
1.620744682770354278e-03
1.629657666322536927e-03
1.668942356630092510e-03
1.698107357688423283e-03
1.737689590574486610e-03
1.785686829313220831e-03
1.803910106748273130e-03
1.828144705497128679e-03
1.881532463090371601e-03
1.916259038824603923e-03
1.923112554948480223e-03
1.965128492684157374e-03
1.993889179562147694e-03
2.017042326858528231e-03
2.047085226244972980e-03
2.089426757405376828e-03
2.118792805279924325e-03
2.174372122871800345e-03
2.224367680737496852e-03
2.208166476660367548e-03
2.224602613550277861e-03
2.309019104975633917e-03
2.377740250685247015e-03
2.419404539730957843e-03
2.478430730439607019e-03
2.509943958981996400e-03
2.570568492186882902e-03
2.578034303002138886e-03
2.602918922333188195e-03
2.653738960309382465e-03
2.701528070226276966e-03
2.781983827414159349e-03
2.781252426577324362e-03
2.853130283387181939e-03
2.939442067929727391e-03
2.957543476583871303e-03
2.990065828867408387e-03
3.048296491756716329e-03
3.114452585261825741e-03
3.222916232397067884e-03
3.242004605077499976e-03
3.309341232312267879e-03
3.410993910047563100e-03
3.456859328226955658e-03
3.542957042466190511e-03
3.651524162713957068e-03
3.782472736009431184e-03
3.771340501687504669e-03
3.798988841227788488e-03
3.884294246327723351e-03
3.976489472393414902e-03
4.123248389275503689e-03
4.201803420996756168e-03
4.348199750938595669e-03
4.450716334354473322e-03
4.505840029076847372e-03
4.578122936954498803e-03
4.690480450746316483e-03
4.795528707862444298e-03
4.922224526948784304e-03
5.154223289610306534e-03
5.329090770794950305e-03
5.416160330955669712e-03
5.434782163638101314e-03
5.525238773167731252e-03
5.729575785438475316e-03
5.893441942560856753e-03
6.086954165180236132e-03
6.185169596098524618e-03
6.356329418830267315e-03
6.654167702920991273e-03
6.859474299919470289e-03
7.076330919697623213e-03
7.322135422214077517e-03
7.494425079140056359e-03
7.634899391888340034e-03
7.919711458619653824e-03
8.125410823783199218e-03
8.450851224092597452e-03
8.770878607300781893e-03
8.951312931174040116e-03
9.231662751865906194e-03
9.406905122143514181e-03
9.428934822794551168e-03
9.880694375864657736e-03
1.015494909452588357e-02
1.046373071516029998e-02
1.069589520688814591e-02
1.104658891163933822e-02
1.136075325083826804e-02
1.133738843733030771e-02
1.162349594744463595e-02
1.220620089196121881e-02
1.273106552765977846e-02
1.311626736506990923e-02
1.361375086827342970e-02
1.392481393335175989e-02
1.426522546756329654e-02
1.467383014089834042e-02
1.520592550218462582e-02
1.550344624895687654e-02
1.601346665536764954e-02
1.641515929622493555e-02
1.662164774451580299e-02
1.725187466638397615e-02
1.799111741539838674e-02
1.870984491719260637e-02
1.945708973798343511e-02
2.010846036909763254e-02
2.112200044890092179e-02
2.199369645415626129e-02
2.292047025003039404e-02
