5.981094795351203919e-01
3.301183826425346801e-01
1.806902481345716294e-01
1.398039728478859267e-01
1.304861187920275944e-01
1.279327799987835523e-01
1.267962654738354900e-01
1.252607545576504000e-01
1.245323502910172797e-01
1.244538465538338745e-01
1.243304350902244421e-01
1.241388540017948489e-01
1.240157284953245509e-01
1.235906540872076381e-01
1.234847532971259376e-01
1.234176430423090248e-01
1.230626626857593414e-01
1.227053496895341017e-01
1.226065853126314248e-01
1.223479723776155492e-01
1.222982684896565808e-01
1.221518190157460104e-01
1.220373684326195030e-01
1.220795818094792401e-01
1.219233081470668528e-01
1.218642661239446867e-01
1.217608053144440539e-01
1.217919094374375066e-01
1.216385813448191550e-01
1.214409191730841386e-01
1.212107693325907148e-01
1.212172695993481986e-01
1.211373453346146628e-01
1.208963853429713131e-01
1.207666500733274445e-01
1.207211121884254890e-01
1.206077019015955876e-01
1.205054059030016139e-01
1.203604294896872401e-01
1.203238496218480141e-01
1.203126195238223423e-01
1.198954549610935505e-01
1.198118332706170769e-01
1.197341935600268609e-01
1.194217158802578505e-01
1.194418307519281852e-01
1.191310873200184250e-01
1.187462801743882773e-01
1.185169855716654702e-01
1.185312895654682397e-01
1.182993080384908829e-01
1.180498871938726185e-01
1.179187067102456798e-01
1.177623170101706751e-01
1.175813308968102211e-01
1.174575592856753892e-01
1.173271990954673494e-01
1.172594767109829544e-01
1.171958775481522080e-01
1.169093805649923518e-01
1.168107899162518781e-01
1.166186936094519427e-01
1.164839302903404455e-01
1.164637444409328398e-01
1.163052052478654591e-01
1.160941435147091333e-01
1.156719285737867198e-01
1.154697544628683903e-01
1.152737443556501318e-01
1.148816881621135128e-01
1.147691832341801582e-01
1.146774768330631605e-01
1.142549068863783629e-01
1.140532232508535276e-01
1.139010115197102435e-01
1.137581956559777507e-01
1.135091736828655329e-01
1.133176344210116704e-01
1.131373469784616309e-01
1.129584456671384463e-01
1.129942535087144762e-01
1.126683515880920750e-01
1.125659461551151291e-01
1.124974749341507568e-01
1.122361963779724831e-01
1.121418796785730448e-01
1.119758523820127832e-01
1.117225586769292067e-01
1.115058599307453824e-01
1.111374350817500162e-01
1.111407320679025784e-01
1.109983335576363583e-01
1.109578344170352310e-01
1.109276705729278084e-01
1.106763862635675721e-01
1.103658573203769172e-01
1.100058648866330813e-01
1.096048802423043589e-01
1.089277024339159877e-01
1.090071899342990175e-01
1.087918746309324697e-01
1.086831064482326192e-01
1.086022811176720476e-01
1.083808539846467800e-01
1.082603801121288511e-01
1.079195059707247356e-01
1.074663995504232666e-01
1.069090919851399674e-01
1.066973112479553260e-01
1.065202900663269198e-01
1.058953400436211112e-01
1.055470919828415816e-01
1.051001916246394607e-01
1.049643643752404681e-01
1.049245214713896146e-01
1.047427798125849241e-01
1.046511182143140678e-01
1.043914382567724675e-01
1.041986844323345845e-01
1.038645986316573677e-01
1.038369916122521414e-01
1.036717619141964697e-01
1.035026579806588298e-01
1.032161760857996241e-01
1.030594935184972749e-01
1.027061481097839013e-01
1.024927391338508326e-01
1.021922271264157356e-01
1.019115102224635028e-01
1.014962696579576329e-01
1.011262247918958551e-01
1.001031195179625660e-01
9.975352313300563101e-02
9.928947832071122193e-02
9.965504416352219397e-02
9.957464337045646152e-02
9.850987189732630933e-02
9.831497496206199893e-02
9.766090748836754598e-02
9.794269003757430370e-02
9.763284369924422890e-02
9.741614912393582737e-02
9.724481951561841919e-02
9.709461474147232374e-02
9.664085864797285208e-02
9.614998353606865611e-02
9.531816152889555083e-02
9.546484934645767251e-02
9.507611407802940562e-02
9.475468187098004536e-02
9.480579626742693944e-02
9.460019963693547251e-02
9.407959144027071285e-02
9.344917540170523396e-02
9.338003228089811203e-02
9.335052275511029896e-02
9.263739465501462378e-02
9.241893385282172468e-02
9.267157176865992163e-02
9.243166552343050346e-02
9.215441858175656142e-02
9.245123693055576353e-02
9.216283669176163207e-02
9.183068397199470323e-02
9.180810716166573626e-02
9.220926489103296875e-02
9.243543427086012287e-02
9.207637277140116872e-02
9.165377018138741450e-02
9.159346446154903454e-02
9.175230663795952424e-02
9.157692359021238349e-02
9.196541874229942348e-02
9.126034824126912082e-02
9.081604097028769806e-02
9.056377831033990411e-02
9.037847670046249282e-02
9.048886790963450721e-02
9.063681553390223744e-02
9.001273760280749381e-02
8.956336457939051421e-02
8.940682839918868974e-02
8.913935056729498096e-02
8.919171818863382006e-02
8.962945706631098020e-02
8.945290595092190988e-02
8.945933673271094788e-02
8.944601583594607996e-02
8.925501153494545814e-02
8.869689763940591387e-02
8.806190275665291833e-02
8.769943351975226231e-02
8.838440792730271889e-02
8.835874951309141689e-02
8.822259764176663965e-02
8.877710169235636384e-02
8.907900206807135846e-02
8.880582222084007493e-02
8.941399384596845912e-02
8.820098696730081789e-02
8.895621456687387296e-02
8.932218285637223698e-02
8.955957023159626107e-02
8.982294702496133876e-02
9.053567504189795334e-02
9.017346353197319697e-02
9.000334843708256150e-02
8.943712685149488029e-02
9.016065908749597291e-02
9.011731048072596506e-02
9.039857132128766015e-02
9.154247907458326616e-02
9.056922647533206805e-02
9.098074759423527280e-02
9.096231598060275370e-02
9.155552462304744621e-02
9.092724010070100948e-02
9.095361050643184508e-02
9.035008706109547150e-02
9.085964066866170086e-02
9.046377560952635621e-02
9.120989102856986996e-02
9.135336595431740869e-02
9.161975406067306149e-02
9.153548271876174591e-02
9.273685084324720385e-02
9.295906729096040100e-02
9.459274390257188525e-02
9.640946041907194619e-02
9.667207622428375391e-02
9.671682194103577157e-02
9.742017093533060501e-02
9.864606245606984125e-02
9.926008076245888823e-02
1.011026127234878197e-01
1.017642683935917475e-01
1.023790328505604086e-01
1.036176040460749237e-01
1.042407352531326548e-01
1.057776347658345995e-01
1.060736334669822034e-01
1.067259414368184334e-01
1.081612213514944604e-01
1.087831516253242314e-01
1.109137655750951357e-01
1.109049890318964393e-01
1.123456150483534560e-01
1.130952171102669324e-01
1.136610616057044804e-01
1.148130481861178998e-01
1.180883742908643425e-01
1.187008718580893490e-01
1.229630227054721719e-01
1.244679648727685245e-01
1.263517396662485748e-01
1.286087304040631762e-01
1.299472225564787808e-01
1.320084916660788643e-01
1.345468315328345321e-01
1.358624902818491575e-01
1.378415727160072768e-01
1.396105276459550237e-01
1.417596637606120813e-01
1.429276473130483560e-01
1.461169641548671627e-01
1.509159393354493894e-01
1.521224115953427602e-01
1.577151243856271257e-01
1.594517711905552859e-01
1.637985272315738428e-01
1.683387119700726353e-01
1.691005182920461147e-01
1.726621674140388085e-01
1.746253354413220826e-01
1.804362783732631204e-01
1.827970675658847077e-01
1.876987634111010883e-01
1.885355415826781567e-01
1.930033039802852846e-01
1.974646824629540665e-01
2.035053757318724121e-01
2.056572374104358170e-01
2.146305478165206337e-01
2.207398940452079683e-01
2.247662787716276089e-01
2.301067258426218731e-01
2.338789353191728648e-01
2.380182893429387825e-01
2.440952607486677750e-01
2.508656562254988898e-01
2.601764272525535215e-01
2.656964629276495349e-01
2.672929885929196114e-01
2.750245285222976399e-01
2.768744698728485276e-01
2.860920533101040664e-01
2.950823940227824682e-01
3.050336040268592508e-01
3.130198345755979550e-01
3.229499873733412407e-01
3.342929372955274481e-01
3.462365951151268884e-01
3.556742927934605780e-01
3.661646390156579889e-01
3.812886226368261133e-01
3.973751477139408350e-01
4.077764039204250235e-01
4.191895742477189657e-01
4.305956146956733677e-01
4.474776301315556148e-01
4.605723444989245907e-01
4.782379777677733812e-01
4.896234857351047243e-01
5.076379008422038375e-01
5.286476962358747089e-01
5.562871561687604549e-01
5.750160395709743577e-01
6.002334108800860824e-01
6.342541975858905223e-01
6.657821524176823491e-01
7.086127163554424291e-01
7.713697520804345675e-01
