1.434927008479442529e-03
1.602309698198909893e-01
3.226594542402135835e-01
4.877113687114158491e-01
6.540245476301573824e-01
8.172434244376045598e-01
9.929740445646330071e-01
1.168065624038242545e+00
1.335085111047605189e+00
1.525244596454470747e+00
1.716144023670559182e+00
1.903310108121934574e+00
2.090240756543102929e+00
2.276078309109742737e+00
2.464909262631882036e+00
2.650326393716015971e+00
2.829941708341473738e+00
3.011104174022579905e+00
3.198640229378578059e+00
3.387471182900722688e+00
3.576470305015865492e+00
3.770228598313057233e+00
3.953711790577630669e+00
4.144745752668137939e+00
4.331642767370719405e+00
4.519279723882509536e+00
4.706765328660578618e+00
4.897345235549928510e+00
5.088362380781102701e+00
5.268078596562316029e+00
5.436090278270400589e+00
5.624954865511111457e+00
5.798499293929044285e+00
5.984824535415376623e+00
6.159596594562248839e+00
6.337177069212310165e+00
6.529556380046815711e+00
6.713745880401988053e+00
6.905940205784204977e+00
7.087489459229191269e+00
7.271998479911051305e+00
7.433720656240753399e+00
7.605583398728660072e+00
7.792766300039320804e+00
7.969926353206886915e+00
8.152820955395920777e+00
8.330081909719284639e+00
8.479174624714302055e+00
8.658066814389824728e+00
8.829139164490603875e+00
9.003087197531767671e+00
9.173789576727926942e+00
9.350361039819963693e+00
9.525688055323771053e+00
9.710348427739342370e+00
9.882480239976034753e+00
1.006468535093374328e+01
1.023663217771813017e+01
1.042050215774657573e+01
1.060906404151985427e+01
1.080105656459044283e+01
1.098156317275879168e+01
1.116084215019822246e+01
1.133850670914480752e+01
1.151321150085447087e+01
1.166343094542263792e+01
1.181252366041766422e+01
1.198848971657488427e+01
1.216755007484339401e+01
1.234471012801092726e+01
1.250227854009340689e+01
1.267873228517032480e+01
1.284665988258190339e+01
1.300222708840760966e+01
1.318416312961648806e+01
1.336083549386434477e+01
1.353622977680534945e+01
1.372218504738705214e+01
1.388383995627953027e+01
1.406696999449874497e+01
1.425980336053438258e+01
1.444443009923136145e+01
1.462271688197201769e+01
1.480206312684865111e+01
1.494703571131507225e+01
1.511982338106450818e+01
1.529227471362790780e+01
1.545712482578749736e+01
1.559447937299077758e+01
1.575759734864242390e+01
1.593583368080520124e+01
1.612458055003078172e+01
1.631405054420630663e+01
1.648402979845251792e+01
1.665871777330287884e+01
1.680727234880029286e+01
1.696869182166257417e+01
1.711722958030071595e+01
1.728403044813914491e+01
1.745478327791321504e+01
1.762945443590427530e+01
1.781031419811791494e+01
1.799188026842213972e+01
1.816596283633791131e+01
1.833405860234256934e+01
1.848681739266528368e+01
1.865217201060390906e+01
1.882474106118257495e+01
1.900983867194007715e+01
1.916365692439861235e+01
1.931870280758620240e+01
1.949347486673315899e+01
1.967537727422357108e+01
1.985203282161224081e+01
2.003191720598653802e+01
2.021792292714629014e+01
2.040843556659856617e+01
2.059316320645142184e+01
2.077910166017401039e+01
2.093867127851334331e+01
2.108078499689881724e+01
2.121696236395112578e+01
2.136571874176016195e+01
2.154040671661068984e+01
2.169927002685947315e+01
2.186748351087925002e+01
2.203816907321623475e+01
2.220328825512476101e+01
2.235495394959282578e+01
2.251600345155063465e+01
2.268904337418963024e+01
2.286188149451714580e+01
2.301445529938747470e+01
2.319020273637392293e+01
2.337800786147879251e+01
2.355326760954554288e+01
2.371895856467029162e+01
2.388570898193090741e+01
2.403587797592128439e+01
2.420314971582031305e+01
2.435703523571607576e+01
2.452055681599104986e+01
2.467656126015856088e+01
2.484228584900191450e+01
2.503269758729838301e+01
2.522136037222763960e+01
2.538737084767901919e+01
2.553294883908026947e+01
2.570938576729812297e+01
2.586409531329956835e+01
2.603114843402762446e+01
2.620111087141470563e+01
2.637371355571191245e+01
2.652246993352096638e+01
2.668535247314257219e+01
2.686569091271810095e+01
2.702376383057965725e+01
2.719571065736416671e+01
2.738010196003109797e+01
2.756893291355331144e+01
2.774600888242454033e+01
2.792395932797935032e+01
2.807789529845298659e+01
2.823469013500771396e+01
2.838618766088276857e+01
2.855712547610921703e+01
2.873579904661399453e+01
2.889356926100817091e+01
2.905618273088093773e+01
2.920951329441986388e+01
2.937308532527273996e+01
2.954898411399284441e+01
2.972659822236166960e+01
2.988295582057463307e+01
3.005397772009763457e+01
3.020687104529460498e+01
3.036250551855759383e+01
3.053638628416164735e+01
3.070722319823234514e+01
3.085915796244923825e+01
3.100263384643795206e+01
3.116158124098317828e+01
3.133110644002845646e+01
3.149513252608248237e+01
3.165370994972310825e+01
3.180863811489554038e+01
3.197947502896629857e+01
3.213583262717914124e+01
3.230352478856070775e+01
3.247700194954161645e+01
3.263561300690075484e+01
3.280165711607076418e+01
3.297484839044355454e+01
3.313308947689819206e+01
3.327863383458087299e+01
3.343729534251797020e+01
3.359523372550513898e+01
3.374552043751049979e+01
3.391287626170595360e+01
3.407702006577502374e+01
3.426485882459852661e+01
3.442308309419379242e+01
3.456771934147425185e+01
3.473616826152426995e+01
3.491487546574767009e+01
3.509354903625245470e+01
3.527632592042650828e+01
3.543562646901708746e+01
3.561197931293839503e+01
3.577918378540009314e+01
3.595306455100416088e+01
3.613106544713650692e+01
3.628626268205731975e+01
3.645176865172930292e+01
3.660277848868428663e+01
3.678247788760599946e+01
3.693353817513891357e+01
3.710203754576642865e+01
3.725380414138994922e+01
3.741123801859777842e+01
3.758175541234135864e+01
3.775671245694032052e+01
3.793420884729350462e+01
3.810254004932791361e+01
3.827336014653893415e+01
3.843915200281907119e+01
3.859846936826853181e+01
3.877919459560749260e+01
3.894639906806884966e+01
3.912461858337204035e+01
3.929431195100983842e+01
3.945098906954910944e+01
3.961020553384275900e+01
3.975469042938909325e+01
3.991182160312952476e+01
4.007016359073963940e+01
4.022362868915251966e+01
4.038607399043183221e+01
4.054811568708791469e+01
4.072154239749048088e+01
4.089681896241613401e+01
4.107118741693953012e+01
4.122747774771482909e+01
4.139419453125641013e+01
4.155489087916847524e+01
4.173226955150665418e+01
4.188790402476925578e+01
4.203590364390940692e+01
4.219545644538909102e+01
4.236262728413182543e+01
4.254109905232448341e+01
4.269617856923014187e+01
4.286072597792215078e+01
4.303157970885181527e+01
4.321121184033624019e+01
4.337670099314899375e+01
4.353384898374860512e+01
4.368531287590464274e+01
4.383765124474432895e+01
4.401254102190593187e+01
4.417419593079812046e+01
4.435397941401630817e+01
4.451011839305793671e+01
4.467367360705109292e+01
4.483741380649655639e+01
4.501359848182438839e+01
4.518911048278015841e+01
4.535934198991564159e+01
4.552955668019180280e+01
4.570547228577076737e+01
4.586352838677255050e+01
4.601014902345009716e+01
4.615456665155925009e+01
4.632967504789194635e+01
4.649304527643285212e+01
4.665212720585215322e+01
4.681886080625311308e+01
4.698741062745860120e+01
4.715510278883971296e+01
4.732373669434162622e+01
4.748022882742855444e+01
4.764464170124600173e+01
4.782447563504201327e+01
4.797525003596675219e+01
4.813280163118958654e+01
4.828742709289409873e+01
4.846747964586101887e+01
4.863776160357448930e+01
4.879808798058207486e+01
4.896423299090752579e+01
4.913495218696269262e+01
4.930607498764104690e+01
4.947070648062942411e+01
4.963007429665674408e+01
4.978784451105051545e+01
4.995023936175191182e+01
5.011253331129746869e+01
5.029004651850992502e+01
5.045641014800619217e+01
5.061550889428480104e+01
5.078705211644584239e+01
5.095272625471088901e+01
5.112886047946088297e+01
5.130139589632054253e+01
5.146069644491062434e+01
5.161559097636397553e+01
5.178689876249471524e+01
5.194458489259201883e+01
5.210074068849294804e+01
5.226671753022528577e+01
5.243610819439560089e+01
5.260509525394284225e+01
5.278255801057757424e+01
5.294806398024965688e+01
5.311434352544953441e+01
5.328333058499675445e+01
5.344557408396445908e+01
5.361609147770797534e+01
5.377818362494201665e+01
5.395475508803379938e+01
5.411422380521695885e+01
5.427839574903629938e+01
