2.142904979175402815e-03
5.865391632825850063e-04
2.006153435229562996e-04
1.367682113363568371e-04
1.222081166692476199e-04
1.184364631875537576e-04
1.173100069965707625e-04
1.155875856883885382e-04
1.144350369721363827e-04
1.143579664699388178e-04
1.141840023079546660e-04
1.140534062667027072e-04
1.139089114256078045e-04
1.136007075530657081e-04
1.134894094147837970e-04
1.132713381849408465e-04
1.129960916962273123e-04
1.126968683415892727e-04
1.125836431004971201e-04
1.123755997784473335e-04
1.122468882387267746e-04
1.121800339645708612e-04
1.119786612412425379e-04
1.118820963123635584e-04
1.117666504310714976e-04
1.116593764433083789e-04
1.115283905477938324e-04
1.114423525070508874e-04
1.113539007581092850e-04
1.111330334763905724e-04
1.109121737688566152e-04
1.108395142784902502e-04
1.106419730080275972e-04
1.104494229717402056e-04
1.103515137412982151e-04
1.102080796447389911e-04
1.101377164840670284e-04
1.099924765431968304e-04
1.099088703028006976e-04
1.096782916784467383e-04
1.095258785237967797e-04
1.090691076034921655e-04
1.089098058317013585e-04
1.087985327392482888e-04
1.083618747615135793e-04
1.082763931037667468e-04
1.081221907405372081e-04
1.076950323020950043e-04
1.075490814893037859e-04
1.072998096683011046e-04
1.070401572426342830e-04
1.068685904633988315e-04
1.066745691850976295e-04
1.065868256034494286e-04
1.064350566934474694e-04
1.062375214255212834e-04
1.061014119358345706e-04
1.057920053608414835e-04
1.055937837913369451e-04
1.054506116842619730e-04
1.052536761013602714e-04
1.050345455920990848e-04
1.048296657561205024e-04
1.046517145690044565e-04
1.045110059849538683e-04
1.042275224322330166e-04
1.038734182940534472e-04
1.036216934840887197e-04
1.034571083893061252e-04
1.031887437976157859e-04
1.030210461583932715e-04
1.027926725447282430e-04
1.024249177944201690e-04
1.020862480716465696e-04
1.019899615540088356e-04
1.016231855862818558e-04
1.013416954584314212e-04
1.010055547601488018e-04
1.006808212407205608e-04
1.004479861544727205e-04
1.003553719079599920e-04
1.000010028350219377e-04
9.972782169373525915e-05
9.956957240652156355e-05
9.911125589899283947e-05
9.882412564517479398e-05
9.868380965578470859e-05
9.842307201513546201e-05
9.819888559940031549e-05
9.787173652389463338e-05
9.777630886008043562e-05
9.769647080286180546e-05
9.759945592383848965e-05
9.727321705098318635e-05
9.710593300003810804e-05
9.685530417109824140e-05
9.644555665292537609e-05
9.605360487800214788e-05
9.536644274974136442e-05
9.513286233901020001e-05
9.495209090330584652e-05
9.470840950399675418e-05
9.449653118789702437e-05
9.430663540720080138e-05
9.395049829849710314e-05
9.334984987168545422e-05
9.283373902488650418e-05
9.245808389604369165e-05
9.203390851557344591e-05
9.174148495162388981e-05
9.120248082508344194e-05
9.064328062062117458e-05
9.031235783181983763e-05
9.005636077644340795e-05
8.975830310872007949e-05
8.971495336747659988e-05
8.955793588722439050e-05
8.939910654551245963e-05
8.927818549678186990e-05
8.888801008301906194e-05
8.868543943694536414e-05
8.824775128157119879e-05
8.810402188845243101e-05
8.770716233435070660e-05
8.739742105200583267e-05
8.702667279640496282e-05
8.668888342921662882e-05
8.633425117576847474e-05
8.606119767075983481e-05
8.550288758281607824e-05
8.501754365277296242e-05
8.370512472562223114e-05
8.303948077266094254e-05
8.252073275301691668e-05
8.251627401841727142e-05
8.237264524635553589e-05
8.124581471489823227e-05
8.066768187747438458e-05
7.993234918320985980e-05
7.934609289036331130e-05
7.911248617725170722e-05
7.889541371709505647e-05
7.843716860096548596e-05
7.839725959524223610e-05
7.802249530590094138e-05
7.741731925464785875e-05
7.667313667461585496e-05
7.631847648488930178e-05
7.603532169997813872e-05
7.556666009788985618e-05
7.471157821208102197e-05
7.422896288888301526e-05
7.370280677484047644e-05
7.311236394109664753e-05
7.278231632295236483e-05
7.252201681871552280e-05
7.181401596760932896e-05
7.147023618409032982e-05
7.164000743294703794e-05
7.143688404074480887e-05
7.122333062486736061e-05
7.119618973371216774e-05
7.063198695081795530e-05
7.028052163914904238e-05
7.006297317475888495e-05
7.019329244499634393e-05
6.992726595205808846e-05
6.938989974582474300e-05
6.898637099136685187e-05
6.832054499959667744e-05
6.815279197282601809e-05
6.800935113602651081e-05
6.805671891722491862e-05
6.751407567337546151e-05
6.722971730004583370e-05
6.675295505772158835e-05
6.622157479021195637e-05
6.606318733023526177e-05
6.595008068458667414e-05
6.530507944891797032e-05
6.467188565326981587e-05
6.474317406894687860e-05
6.416639198562590601e-05
6.425147174043612127e-05
6.361191612472654714e-05
6.338480769820180707e-05
6.362622478300938909e-05
6.329759433247615153e-05
6.295115289197256148e-05
6.248245210709498225e-05
6.232075378804818790e-05
6.196091487938653274e-05
6.205465150865991373e-05
6.186915126028367672e-05
6.152199512367178863e-05
6.182600449904416358e-05
6.168374421636214618e-05
6.102726725615702122e-05
6.125296468360051443e-05
6.024887304207423178e-05
6.072326628728419602e-05
6.068423876609634174e-05
6.106533269422846156e-05
6.084598676850634712e-05
6.108184970450594134e-05
6.083062639641755633e-05
6.063054308169860384e-05
5.992658097296681255e-05
6.010855684348906516e-05
5.996152895035786326e-05
6.022018515957588660e-05
6.073849667700592685e-05
6.019455279939192133e-05
5.994995649796078984e-05
5.875557135969192884e-05
5.879648013284345399e-05
5.846109148900865835e-05
5.790869078258301941e-05
5.767735926200636467e-05
5.794852586421285332e-05
5.790295935967509786e-05
5.810039366318860442e-05
5.830304548696884037e-05
5.870275642613462138e-05
5.840403555268933107e-05
5.936283498129294123e-05
5.963732795508265832e-05
6.080089230200389242e-05
6.324400861971378159e-05
6.325244780814035168e-05
6.283101482280569784e-05
6.369321364237812274e-05
6.436936438353139792e-05
6.492748572133326835e-05
6.725582505360119606e-05
6.795314341628749051e-05
6.952747253727676409e-05
7.094768804399845447e-05
7.168616264848007020e-05
7.423491392939621377e-05
7.449848740822504487e-05
7.560881070058721285e-05
7.696394211550480595e-05
7.748466397100524415e-05
7.962130666412415040e-05
7.968656857738415844e-05
8.130779858305307829e-05
8.183619682956076832e-05
8.198182409567310390e-05
8.406668374516125639e-05
8.739675667974739891e-05
8.967101170937599795e-05
9.508074989883292182e-05
9.723465921499311031e-05
9.949106404540385444e-05
1.032679290460302102e-04
1.051433996107346185e-04
1.081530073397409225e-04
1.132387431462501332e-04
1.149777909228085772e-04
1.181406213798442029e-04
1.206786473585168344e-04
1.242461727678484244e-04
1.246922900058281675e-04
1.301447497648650813e-04
1.370598423566428295e-04
1.397423675438422763e-04
1.496770210714571032e-04
1.553066015825759296e-04
1.632242765812632170e-04
1.726513887995942561e-04
1.738823846714569461e-04
1.827922539472717203e-04
1.862519931272304261e-04
1.970455348235322711e-04
2.035242818727459133e-04
2.146482249768488185e-04
2.181271544317916892e-04
2.269897388250337095e-04
2.370527100044887074e-04
2.518811745787913879e-04
2.587902921442785027e-04
2.785780673562077169e-04
2.958454694132264806e-04
3.059185550760940508e-04
3.223849255106019628e-04
3.327261605667657606e-04
3.490975111193869761e-04
3.672551998301869366e-04
3.858944696034870259e-04
4.094037647383008119e-04
4.271443728100278729e-04
4.320597255906853456e-04
4.555558973827867979e-04
4.564746927906993814e-04
4.933979409730671712e-04
5.302996434257522661e-04
5.662744239712200764e-04
5.952438811296071773e-04
6.453925421867773033e-04
6.797128377244387142e-04
7.269993875123355711e-04
7.652425592239983426e-04
8.130085091593503618e-04
8.776023870643922609e-04
9.535097514043155672e-04
9.995469702600327192e-04
1.062657654483413700e-03
1.137280185204409379e-03
1.209467811557597694e-03
1.292548725336251049e-03
1.386109773821746867e-03
1.466232055071221493e-03
1.580937541005302547e-03
1.717011332833800292e-03
1.872467961948356963e-03
1.999570257227929054e-03
2.190057949381212996e-03
2.418797529407386727e-03
2.656614305284226568e-03
2.995950494678028403e-03
3.511716111224584894e-03
