1.000000000000000 0.118043827827341 0.000001373191284 0.014145834704623
3.526917251111111 0.416330812751438 0.000014915264581 0.042926971563998
6.053834502222222 0.714617797675535 0.000036419050537 0.070414282315522
8.580751753333333 1.012904782599632 0.000074451764622 0.099292149465684
11.107669004444444 1.311191767523729 0.000119855594994 0.128602463494256
13.634586255555556 1.609478752447827 0.000171375676939 0.156670653411254
16.161503506666666 1.907765737371924 0.000226347600815 0.182289273697649
18.688420757777777 2.206052722296021 0.000268819744248 0.199978337717700
21.215338008888889 2.504339707220119 0.000310343044752 0.216631287643079
23.742255260000000 2.802626692144216 0.000351691321577 0.232531172786605
