6.324624608223875510e-01
3.635118462874933898e-01
1.976551274809744130e-01
1.383550307635640075e-01
1.262539725238610300e-01
1.199863293611885401e-01
1.166635620018527525e-01
1.148865338647832579e-01
1.143189179427242658e-01
1.142539097746277515e-01
1.142612163893684391e-01
1.142504805390732597e-01
1.142299845656062629e-01
1.142450142560855891e-01
1.142439424766045070e-01
1.142009786866857168e-01
1.141986284826537051e-01
1.141818127222729989e-01
1.141628698682072424e-01
1.141615048704965191e-01
1.141267527375500468e-01
1.141207252039538045e-01
1.140907072716042803e-01
1.140634617479538704e-01
1.140666683417711214e-01
1.140613302893635078e-01
1.140574151477876663e-01
1.140306044453617690e-01
1.139571528325511729e-01
1.139373357240371504e-01
1.138986224488219567e-01
1.139013779365355694e-01
1.138659289838423461e-01
1.138826402555648820e-01
1.138769598764667046e-01
1.138681848926051260e-01
1.138519827575444621e-01
1.138043141366189143e-01
1.137604124761377317e-01
1.138517420740207398e-01
1.137169785601148675e-01
1.136957073187455924e-01
1.136678803628446283e-01
1.136612859528105257e-01
1.136057329232705582e-01
1.136319659267455429e-01
1.136636113402472587e-01
1.136420278063633021e-01
1.136101547166340764e-01
1.135805193428206517e-01
1.135944701637640608e-01
1.135733383064560648e-01
1.134974110879569537e-01
1.134476090227385381e-01
1.134595420911678337e-01
1.133761197816252481e-01
1.133493739728418659e-01
1.133652001672824650e-01
1.133636640262031814e-01
1.133341056165608207e-01
1.133305114333283126e-01
1.132987102779367400e-01
1.132972170497460601e-01
1.133042741131029957e-01
1.132763549432731776e-01
1.132712183316812865e-01
1.132869055901027378e-01
1.132513435399892798e-01
1.130957914353271782e-01
1.130525737743482001e-01
1.130335038138260001e-01
1.129920334306121626e-01
1.129728539214558958e-01
1.129821194624475861e-01
1.129226076244568416e-01
1.128873463460782628e-01
1.128587574372544589e-01
1.128542027823275923e-01
1.128506192088584853e-01
1.128512228609324097e-01
1.127953509195136345e-01
1.127963185976006699e-01
1.127791250953468771e-01
1.127507430022283430e-01
1.127359067234556672e-01
1.126991489338614455e-01
1.126379378172974594e-01
1.126058945524360672e-01
1.125815623956559902e-01
1.125818617630771623e-01
1.125576466800302100e-01
1.125859533776536608e-01
1.125293715559271823e-01
1.125337462588710119e-01
1.124980944855318854e-01
1.124578788747583047e-01
1.124322095255099740e-01
1.124268371828009982e-01
1.123768212250142728e-01
1.123858532432576024e-01
1.123607205046644741e-01
1.123408940356109276e-01
1.122771559135489344e-01
1.122447138586438742e-01
1.122314397632611510e-01
1.122196955789265815e-01
1.121994593946781249e-01
1.121885078472741187e-01
1.121309911229995959e-01
1.120820337851908405e-01
1.120738391906295484e-01
1.120044665916634791e-01
1.119483977745539538e-01
1.119222887238915110e-01
1.118996916766733796e-01
1.118084029085817249e-01
1.117935190530951611e-01
1.118420493298183382e-01
1.117686266194667516e-01
1.117488911013769792e-01
1.116886549361716247e-01
1.116463600104979498e-01
1.115782681235899521e-01
1.115600071397781223e-01
1.115433941745129082e-01
1.115159790386643091e-01
1.113984361451966221e-01
1.113604589126694494e-01
1.113733110409654836e-01
1.113169971552702003e-01
1.113361114540525054e-01
1.112783868252084779e-01
1.112214188153677064e-01
1.112011375644670896e-01
1.111583876147071298e-01
1.111281380540155017e-01
1.111170230031280626e-01
1.110832178525787972e-01
1.110305324214526101e-01
1.110055739644175282e-01
1.110352265854644832e-01
1.109518667527147340e-01
1.109162733318966587e-01
1.109125329087958661e-01
1.108005098296817315e-01
1.107549284460570688e-01
1.107365563860127911e-01
1.106745229487670068e-01
1.106423770622315533e-01
1.105899426683071007e-01
1.105139874296138525e-01
1.104929545299596916e-01
1.104486863362084959e-01
1.104196339078593325e-01
1.103262879189350759e-01
1.103956657588835294e-01
1.103049046091979513e-01
1.102156776771761743e-01
1.101473839264753840e-01
1.101071389332707179e-01
1.100989822368902277e-01
1.100443176364726411e-01
1.100216153452893558e-01
1.099100043562856316e-01
1.099084353328786678e-01
1.098299974250109695e-01
1.097796158613267153e-01
1.095280578991016524e-01
1.095159895097402580e-01
1.094277869207915255e-01
1.094652673288762090e-01
1.093981287730984714e-01
1.093955679198108238e-01
1.093160998146112534e-01
1.092857187395266383e-01
1.092471259249696153e-01
1.091674508773543273e-01
1.090869059821657772e-01
1.090164871778312866e-01
1.090298428248638457e-01
1.089430658009907654e-01
1.088677432257194877e-01
1.087880465351421660e-01
1.087868937239917788e-01
1.086766974695643206e-01
1.086966218708448756e-01
1.086037412399299823e-01
1.085365400889781312e-01
1.084904150967896247e-01
1.082837988480459535e-01
1.082948885707918779e-01
1.083414678908475037e-01
1.082797267848840950e-01
1.082243572212593791e-01
1.081999430550761448e-01
1.082044636039627972e-01
1.080391541691951007e-01
1.080487170745938197e-01
1.078301869970990923e-01
1.077505786227947598e-01
1.076029289504771974e-01
1.075972929477191781e-01
1.074939993373976582e-01
1.074575610874771298e-01
1.074229378587517186e-01
1.073905765002638596e-01
1.073141857996101067e-01
1.072103886471282574e-01
1.071609365005316422e-01
1.070559288364286848e-01
1.069548758159505897e-01
1.069245738391317452e-01
1.068146497758177133e-01
1.067900423744075622e-01
1.067581688717386817e-01
1.065419617128089691e-01
1.064949845488020880e-01
1.063189188195775847e-01
1.061576948838331841e-01
1.060193862841119078e-01
1.058560152021645606e-01
1.058750087190532263e-01
1.058146286404389458e-01
1.057571690074279591e-01
1.056910867237471352e-01
1.053833725869516569e-01
1.051927373389174025e-01
1.053170463767902493e-01
1.052167815622156721e-01
1.050761143875114795e-01
1.048806028934866352e-01
1.047889212324979863e-01
1.048542097590884209e-01
1.048776731491308373e-01
1.047332946448961827e-01
1.047413646054571323e-01
1.045759713781885675e-01
1.045100679201756005e-01
1.044186602759548527e-01
1.042908189006796493e-01
1.041814217601975401e-01
1.042772390893844381e-01
1.039925056928297231e-01
1.038823751996244688e-01
1.038505725797474188e-01
1.036733527788184922e-01
1.035723530490031685e-01
1.034335452169118097e-01
1.033803001977340041e-01
1.032580888930653973e-01
1.031415329880106257e-01
1.029606038971297571e-01
1.027056119715636928e-01
1.027502361707436085e-01
1.027052660876839885e-01
1.026425687748696719e-01
1.024136500072339862e-01
1.022746912596063790e-01
1.021644467785904620e-01
1.020411117141634683e-01
1.017722846400934411e-01
1.017214551927841382e-01
1.017633095851876307e-01
1.016184453113324754e-01
1.015175626502111406e-01
1.015405749904109006e-01
1.013813136026175538e-01
1.012349271009125307e-01
1.009616050054898823e-01
1.009526767720833884e-01
1.008372377118240126e-01
1.008599219113299472e-01
1.006843108447001978e-01
1.006532302886055802e-01
1.005049628625113156e-01
1.003705797586234016e-01
1.003260590415953751e-01
1.002865060802011349e-01
1.000155148850201126e-01
1.000807720930229211e-01
9.996081407801944707e-02
9.980481787653086578e-02
9.967179528588121507e-02
9.957344200672628431e-02
9.946085778378262188e-02
9.928133473004063791e-02
9.922930162930471143e-02
9.898558887672496975e-02
9.879238234086085146e-02
9.863787348820295120e-02
9.845361590463636015e-02
9.841632908749395336e-02
9.823377666002200415e-02
9.793368686199463435e-02
9.798537740055056344e-02
9.781932838520078499e-02
9.759255148050072215e-02
9.748224242235577208e-02
9.727610862131799707e-02
9.706462035893816120e-02
9.713707334259014115e-02
9.692225674640424227e-02
9.683252564276301211e-02
9.676135809028106605e-02
9.665395676201425645e-02
9.648247807173369883e-02
9.634574267524888269e-02
9.629284831664096378e-02
9.626783705860694762e-02
9.605430344149427924e-02
9.599745387933489305e-02
9.591990274464695654e-02
9.568970259358784702e-02
9.566820083667419705e-02
9.573951825287593809e-02
9.556334376371211636e-02
9.521983615580570381e-02
9.492414820995040414e-02
9.467687484786239949e-02
9.466395358568358009e-02
9.430346758749708069e-02
9.407468435800890594e-02
9.422908280571647144e-02
9.400138894795354028e-02
9.399978785016861738e-02
9.358296007336736055e-02
9.392627706839197510e-02
9.380492714471984350e-02
9.399715550865689329e-02
9.360045948050708942e-02
9.402626027715402235e-02
9.301315174661854701e-02
9.280321919801681751e-02
9.280058441920334411e-02
9.261836702346125383e-02
9.268765770037208640e-02
9.236092756723765507e-02
9.244770723807646529e-02
9.231753119821187181e-02
9.221874498390250641e-02
9.196771399562303495e-02
9.149759434063545194e-02
9.178444262451582181e-02
9.188322787851067874e-02
9.191876451114810997e-02
9.135581825056172944e-02
9.128952208797586065e-02
9.087288506029841950e-02
9.071844238102211300e-02
9.091349868653982036e-02
9.072575952985080516e-02
9.019966131550538613e-02
8.996187916514222782e-02
8.979665961348021197e-02
8.976217095401868573e-02
8.960917900657421054e-02
8.917311049307800885e-02
8.889387438162131561e-02
8.866491388138440788e-02
8.814640310950500046e-02
8.815989744180935395e-02
8.791461304135658739e-02
8.804725271334809533e-02
8.770039135229812377e-02
8.757035612854278950e-02
8.776844849585509201e-02
8.739388854014863706e-02
8.735950253146228250e-02
8.740758153291729171e-02
8.711371653626692746e-02
8.743230570821894365e-02
8.729797729503624426e-02
8.713582621913118498e-02
8.625016748723962623e-02
8.608532462897169890e-02
8.604440116461517518e-02
8.613391526788090335e-02
8.618922995031495782e-02
8.627975000642275349e-02
8.632552098327611612e-02
8.576064924510240495e-02
8.564632658920495745e-02
8.530637327444000328e-02
8.480112757270633073e-02
8.493576233165739398e-02
8.510745877489141187e-02
8.493914924665384170e-02
8.551150951874000872e-02
8.513703784392723239e-02
8.509094297392578998e-02
8.545305183468708543e-02
8.503215314653708723e-02
8.563470591297170365e-02
8.499547570367700644e-02
8.462932638335191049e-02
8.404174298045263836e-02
8.404017310531758378e-02
8.274950410763834419e-02
8.306143690155931569e-02
8.298066303148766976e-02
8.320351893083995087e-02
8.311246713801836994e-02
8.377178930286978409e-02
8.374736315613179327e-02
8.375964216648851268e-02
8.458267828936577581e-02
8.516992325161625021e-02
8.415416936473057996e-02
8.416693159624681619e-02
8.356044794501338302e-02
8.416250728907155587e-02
8.387582701613613412e-02
8.407759632421650531e-02
8.351091266944257741e-02
8.424776023702089389e-02
8.473310402875340597e-02
8.449465876752595972e-02
8.543932532054179796e-02
8.621928207700585434e-02
8.655636295419522064e-02
8.632605284657821065e-02
8.672746390008376216e-02
8.631853985709041222e-02
8.679285987310222938e-02
8.720450976396988685e-02
8.743269407860750075e-02
8.773705554963646958e-02
8.791341503001115498e-02
8.894609606658294976e-02
8.978851882333624412e-02
9.057311094088803249e-02
9.087524006115672848e-02
9.091161870011597868e-02
9.275088126392379284e-02
9.383344765571409452e-02
9.330923108469693639e-02
9.393864118717969169e-02
9.562120938045988450e-02
9.831155492942568463e-02
9.964940615904875620e-02
9.947902749439969938e-02
1.004186245464449845e-01
1.009288332757332374e-01
1.013278694007848785e-01
1.016846313223216947e-01
1.019489365256562863e-01
1.032007354642084929e-01
1.038847920985783019e-01
1.048140990668057493e-01
1.054525052123842510e-01
1.084616377665968967e-01
1.096067909432249382e-01
1.117462813509211145e-01
1.130098901765086150e-01
1.134808895024717462e-01
1.151827376504247907e-01
1.159090674033446261e-01
1.172388449383144349e-01
1.186324280684853266e-01
1.192811115736463617e-01
1.233568775702783837e-01
1.253132266639594428e-01
1.282232383640696805e-01
1.306640348946705721e-01
1.328124756747892377e-01
1.348347980186695994e-01
1.364851382681596392e-01
1.361212099936073006e-01
1.379676731792337796e-01
1.398971130747578562e-01
1.440099192253520566e-01
1.457810431914159655e-01
1.493980744744174971e-01
1.519109047021623415e-01
1.537059069047622684e-01
1.578096676621889294e-01
1.602398417776538242e-01
1.647705807585989057e-01
1.697562129479659176e-01
1.744049257393866792e-01
1.771326831583599770e-01
1.813383250216949460e-01
1.856057815153718260e-01
1.889436248732169754e-01
1.932993501318941709e-01
1.982383629874537034e-01
2.009924961701029800e-01
2.072634282027576991e-01
2.097272122070548972e-01
2.146687491834811667e-01
2.227809315068340068e-01
2.284234663553563749e-01
2.360361796870851792e-01
2.422834402681983690e-01
2.467641717708149163e-01
2.513937593490687128e-01
2.590972484481918192e-01
2.677677825533299472e-01
2.723563924179502882e-01
2.792472304142025186e-01
2.868624268725498139e-01
2.965039058071713973e-01
3.076408979427917578e-01
3.116299302195243426e-01
3.187972557498141568e-01
3.300761735657669060e-01
3.384567421558228872e-01
3.464042724608435431e-01
3.539664176163009879e-01
3.629428412106139312e-01
3.734815883515504309e-01
3.797110804663085815e-01
3.956108563093064800e-01
4.101141079668592093e-01
4.216581852264862373e-01
4.341254533408355210e-01
4.494612437866370991e-01
4.645268265379330352e-01
4.781302284908572897e-01
4.988621478997506964e-01
5.164924728500052131e-01
5.362917393837121072e-01
5.642144885265506504e-01
5.836761534355117131e-01
6.175644511901856593e-01
6.460468861539793162e-01
6.863778138038958421e-01
7.463345640948759740e-01
8.291267879684143249e-01
