1.491927471470239682e-03
1.615228614331568058e-01
3.251439447772007107e-01
4.900012588047916728e-01
6.547230954971996475e-01
8.213754842159691760e-01
9.871980742567407763e-01
1.151293328273925720e+00
1.332949831864244095e+00
1.530118490333045811e+00
1.722630115404922613e+00
1.919798773873727438e+00
2.117594015017752351e+00
2.314305437480311589e+00
2.511287814613243796e+00
2.705154213036959021e+00
2.900815686151842154e+00
3.096121531261872839e+00
3.296473907107480450e+00
3.491949098886495850e+00
3.686188059981959420e+00
3.882645462441050910e+00
4.081101155594094365e+00
4.281622878108683139e+00
4.481230128610784291e+00
4.683343709813776456e+00
4.882781613646899110e+00
5.079459166775673218e+00
5.270158782489485105e+00
5.460502770198434774e+00
5.652353943261297253e+00
5.847151748364395552e+00
6.045692114851933141e+00
6.248466148063946513e+00
6.446498474544540613e+00
6.636148140910665738e+00
6.827999313973525553e+00
7.020341592376420081e+00
7.212395981442054627e+00
7.407346198547231531e+00
7.600721491630903159e+00
7.789947791324587811e+00
7.977277408325704755e+00
8.168027828040200333e+00
8.360149955773428232e+00
8.552356756841138719e+00
8.744174060570204077e+00
8.940174227023051756e+00
9.131144797407223734e+00
9.327551395865620876e+00
9.525651461013799448e+00
9.723328159489545541e+00
9.902173508374810140e+00
1.009107804939743858e+01
1.027591827036458305e+01
1.046749848875708366e+01
1.065233870972420860e+01
1.085236932689877420e+01
1.105101130138768184e+01
1.124353986112647341e+01
1.143581440086177992e+01
1.162918969394544888e+01
1.182598578974251602e+01
1.201089374937723164e+01
1.220111919441790782e+01
1.239473157283817706e+01
1.258312807385385490e+01
1.277093186152812088e+01
1.295876951853617776e+01
1.314303396082878628e+01
1.333429242055021646e+01
1.352505977493161460e+01
1.371657225465651919e+01
1.390984593973882610e+01
1.409514339671218863e+01
1.427725713630874615e+01
1.445547590251877246e+01
1.464382159953376394e+01
1.484124427800603385e+01
1.501765103485799102e+01
1.520704668122066039e+01
1.539935509028978089e+01
1.557874234851578521e+01
1.575963679209567481e+01
1.595460394386774894e+01
1.613680235679881037e+01
1.632057569375135131e+01
1.651247767081491702e+01
1.669465914907906168e+01
1.688495233278731789e+01
1.706032607495850328e+01
1.724406554257725688e+01
1.743039601423139828e+01
1.762224718729423145e+01
1.781763770573877537e+01
1.800230858003691736e+01
1.818548920364801802e+01
1.837591786469140942e+01
1.856986893644962677e+01
1.876756256959221858e+01
1.895851620530945425e+01
1.914105331157841050e+01
1.931935675112293538e+01
1.950228335473054742e+01
1.969686100916392846e+01
1.988740821287567684e+01
2.007688853257278438e+01
2.026469232024700773e+01
2.044443520647783430e+01
2.061267945388502199e+01
2.078720646271128913e+01
2.095646679013234603e+01
2.113104460295935283e+01
2.130724814380848642e+01
2.148155500196511980e+01
2.164229719193644641e+01
2.183170977296603965e+01
2.202015707798235056e+01
2.219392202679817316e+01
2.237249642101308211e+01
2.255982603801417952e+01
2.274366711363429872e+01
2.293074271063192526e+01
2.312503247572804455e+01
2.331083797270837010e+01
2.349230819496280276e+01
2.366874882114851530e+01
2.384688291402407145e+01
2.402894584961991598e+01
2.420481069713115829e+01
2.437877886194982580e+01
2.454614250667830078e+01
2.472771433693408127e+01
2.490667822848761759e+01
2.509769960287251678e+01
2.529088861462025406e+01
2.546714295947016282e+01
2.565093323108961343e+01
2.580166703292435315e+01
2.597627871508515085e+01
2.614851954388021937e+01
2.633881272758845071e+01
2.652737857527307597e+01
2.670712146150394872e+01
2.687834621028513382e+01
2.703951176692899239e+01
2.722902595595990149e+01
2.742001346101094938e+01
2.758573444305033107e+01
2.776944004133526178e+01
2.795480523697622743e+01
2.814076314595861916e+01
2.832208095621093236e+01
2.851151047190742105e+01
2.869875541557401633e+01
2.889035256863336087e+01
2.907116233887883539e+01
2.924777231173352021e+01
2.941898012584780986e+01
2.960048421743604052e+01
2.978507041839970881e+01
2.996494878196567413e+01
3.015271870030616341e+01
3.033461228923304631e+01
3.049437226852437277e+01
3.065961907989060720e+01
3.080229198028192528e+01
3.096526954628383521e+01
3.111210837473204549e+01
3.129855738905440887e+01
3.148861348742612520e+01
3.167667129510388691e+01
3.185675287467264027e+01
3.204448892367930313e+01
3.223059924466375747e+01
3.239208655997867226e+01
3.256138075673351295e+01
3.272982822014344606e+01
3.289663302086429297e+01
3.305329395611328636e+01
3.321854076747951012e+01
3.338505767886311304e+01
3.356317483707171334e+01
3.374684656602288158e+01
3.394171210979357767e+01
3.413522288021234630e+01
3.432236621587763636e+01
3.450466623681006695e+01
3.468515424838444261e+01
3.483048589147869478e+01
3.501559706711614695e+01
3.520390889479735108e+01
3.537261037821075860e+01
3.553873779225569507e+01
3.572278208387864851e+01
3.589907029806235528e+01
3.606220027606639178e+01
3.623394999952145668e+01
3.641936599916305539e+01
3.659899034272562801e+01
3.677116343285314315e+01
3.695027973640877406e+01
3.713256282267435182e+01
3.731235651290589317e+01
3.749936437123596278e+01
3.767682107743566888e+01
3.786906174783713652e+01
3.802787338578215071e+01
3.817794673560784702e+01
3.834793525370555045e+01
3.853050622930835090e+01
3.868344153783984751e+01
3.882415001687103029e+01
3.897745788807431921e+01
3.914114671008588431e+01
3.932341286168450978e+01
3.948945560239499031e+01
3.964613347231087204e+01
3.982003389846202879e+01
3.998316387646605108e+01
4.013977400771436521e+01
4.032524081135672844e+01
4.048007280258067908e+01
4.066625086223273655e+01
4.084697595914371249e+01
4.101984337061404062e+01
4.119433651010657371e+01
4.138484984448441395e+01
4.157592202287008121e+01
4.175774787312935388e+01
4.192668644187934035e+01
4.209403315194091277e+01
4.226639252340427078e+01
4.243871802553388761e+01
4.260418498756976646e+01
4.276888988959532156e+01
4.294854810249173482e+01
4.310878225245623696e+01
4.327082841177868744e+01
4.345510978873821273e+01
4.362592810551387856e+01
4.380519682107166091e+01
4.398278900460645247e+01
4.417545304168044851e+01
4.435553462124929069e+01
4.453312680478404673e+01
4.471744205107736292e+01
4.489621966129499953e+01
4.504932431649547198e+01
4.518332666743513215e+01
4.532569474382236052e+01
4.548242341773901387e+01
4.564822907311283728e+01
4.581506774316747510e+01
4.596967958372179908e+01
4.614234377918926100e+01
4.633165475221755258e+01
4.651778200786888107e+01
4.669672896475560719e+01
4.686893592421682797e+01
4.702441143278301183e+01
4.718672854677591744e+01
4.732970627117135365e+01
4.748611318641687973e+01
4.765764275920226822e+01
4.784737709890283242e+01
4.803238666653902555e+01
4.820098654195117405e+01
4.835779988920217676e+01
4.853979508613051763e+01
4.870693858018925937e+01
4.885663936734314206e+01
4.901900728533690454e+01
4.917856404862535413e+01
4.931803629697298419e+01
4.948428225368620303e+01
4.965227248108991631e+01
4.982461491788641439e+01
5.000058137339912889e+01
5.015336426992841723e+01
5.034057534426137437e+01
5.052700742391679967e+01
5.069735157001931469e+01
5.084087120375551905e+01
5.101290881654782083e+01
5.116349020638040912e+01
5.134169203792360747e+01
5.149034287572993662e+01
5.165243983905318714e+01
5.181343604902806277e+01
5.197836110172327295e+01
5.215444609990411351e+01
5.229540859893869253e+01
5.247008801976714665e+01
5.266309075017909436e+01
5.283390906695478861e+01
5.299946070232516604e+01
5.315952550562066392e+01
5.333381542911034501e+01
5.351149228597972751e+01
5.369198029755417423e+01
5.385323052753246742e+01
5.402901070170924669e+01
5.417258113944618714e+01
5.434841211762348223e+01
5.452502209047830917e+01
5.469795724061620490e+01
5.485720917990057899e+01
5.501847634454581737e+01
5.517578079713693739e+01
5.533176434571004165e+01
5.548366663956068834e+01
5.564195330283192931e+01
5.582100186772002104e+01
5.599405556052619204e+01
5.615616945851632380e+01
5.630399049764464081e+01
5.647260730772354975e+01
5.665741365935675589e+01
5.682626755477222957e+01
5.699764471555565137e+01
5.717029197635628890e+01
5.731790979948172549e+01
5.746242857856489650e+01
5.764400040882071607e+01
5.781219385222716056e+01
5.796196237804869611e+01
5.811969019731222375e+01
5.830371755426828173e+01
5.848976013658520401e+01
5.863710700504038442e+01
5.880313281108382029e+01
5.896602570375126362e+01
5.913003628443394888e+01
5.929762007983215710e+01
5.947761698606640834e+01
5.962801209456320350e+01
5.980777191546095395e+01
5.998116430160506241e+01
6.013152554076816614e+01
6.028806793334884162e+01
6.046179901283099412e+01
6.063800255368014547e+01
6.081488348120529253e+01
6.097218793379636992e+01
6.111619867287258501e+01
6.126723729871146418e+01
6.143653149546629066e+01
6.159327710404982525e+01
6.176749928887196006e+01
6.195071378181685873e+01
6.212051601857863403e+01
6.228185092189146133e+01
6.246565812817777896e+01
6.262470685145947158e+01
6.278892064814498042e+01
6.295663992087825989e+01
6.313316522039853851e+01
6.329162123033869136e+01
6.344318483085146454e+01
6.362616223845994767e+01
6.379435568186640637e+01
6.395746872520346926e+01
6.411468850446010492e+01
6.428189973718649242e+01
6.446189664342081471e+01
6.463474712022424740e+01
6.481682699048724317e+01
6.498076983250234662e+01
6.513700740107886134e+01
6.529189019630354096e+01
6.545346218495299695e+01
6.561166417488979619e+01
6.577045887816787229e+01
6.594026111492965470e+01
6.611368737040774590e+01
6.627319332969548782e+01
6.642194577550327494e+01
6.658373791482235049e+01
6.675365869425242238e+01
6.691131877484839663e+01
6.709241643443105829e+01
6.725485209109233153e+01
6.740004825685147694e+01
6.756712401224268660e+01
6.773186278360195445e+01
6.789485728427085576e+01
6.807676780786457016e+01
6.824983843533770766e+01
6.843240941094059338e+01
6.860967983580451346e+01
6.875824600027614508e+01
6.890362844737110493e+01
6.905813867992409882e+01
6.921942277923621134e+01
6.937435637846164127e+01
6.952075490557051296e+01
6.968015925685703849e+01
6.985234928165138513e+01
7.001619051566505902e+01
7.017903260433179469e+01
7.032411022742266482e+01
7.048263397603039948e+01
7.065184349945072029e+01
7.081058739872824503e+01
7.098944968228045127e+01
7.115224096694659295e+01
7.131274607158141521e+01
7.148214187633755046e+01
7.165133446509101134e+01
7.183480297803950521e+01
7.200004978940565081e+01
7.217273091954014319e+01
7.234461612033041433e+01
7.251050644903885711e+01
7.268904697392001424e+01
7.285254951459563699e+01
7.303620430888020110e+01
7.321550689377158960e+01
7.337812883176862044e+01
7.354798187253119579e+01
7.371006190118767165e+01
7.387095650316091167e+01
7.402104678765373080e+01
7.418480334833306244e+01
7.435533377577142744e+01
7.453472103399757032e+01
7.471334623221332549e+01
7.485432566591484260e+01
7.501352680119846639e+01
7.517042482178405294e+01
7.534818635198797665e+01
7.551427989669900853e+01
7.567500515200359246e+01
7.582868558587857422e+01
7.597811541836229310e+01
7.614610564576582874e+01
7.630217386767370158e+01
7.647387278712771774e+01
7.664396291322677257e+01
7.681850685672023360e+01
7.699042592684415354e+01
7.715900886758946342e+01
7.732557658297368164e+01
7.749302490103686125e+01
7.765056643896457444e+01
7.782294274509484922e+01
7.799535292055912805e+01
7.815919415457280195e+01
7.832146046456496435e+01
7.849344727335645189e+01
7.866350353012182950e+01
7.881781054667212061e+01
7.895960284438467625e+01
7.913595879723592930e+01
7.930083304593080129e+01
7.947021191602006240e+01
7.963693204340636100e+01
7.980382151746171360e+01
7.996690069146498558e+01
8.014628794969129899e+01
8.030703013966240178e+01
8.045359801344031325e+01
8.061644010210719102e+01
8.076800370261985051e+01
8.094249684211247597e+01
8.111900520696570993e+01
8.129033156374853775e+01
8.144667074032643939e+01
8.159320474477053153e+01
8.174356598393335105e+01
8.190256390321464153e+01
8.206823408125313790e+01
8.223876450869151711e+01
8.240018408533873639e+01
8.258067209691323285e+01
8.274818815364380953e+01
8.292478119183172680e+01
8.310442247006129435e+01
8.325996571729528739e+01
8.341489931652067469e+01
8.356238166231099740e+01
8.373040575904830973e+01
8.390935271593491507e+01
8.407348183928596086e+01
8.423000729719976221e+01
8.439991114196284627e+01
8.457176247341946862e+01
8.473121762870680129e+01
8.490432212551364444e+01
8.506538607415603792e+01
8.523635680293391204e+01
8.539769170624694539e+01
8.554864565875128335e+01
8.571766890083586077e+01
8.588152706951646564e+01
8.605767980636522907e+01
8.623493329656230344e+01
8.638422765171081608e+01
8.654808582039106568e+01
8.671956458917567545e+01
8.688045919114949811e+01
8.704487620383764579e+01
8.721799763531153360e+01
8.736649606111571131e+01
8.752925347644803367e+01
8.770063063723127073e+01
8.786157604320570158e+01
8.802756797991541760e+01
8.819129067126067412e+01
8.835323522258207163e+01
8.852352856468401399e+01
8.870140863755614191e+01
8.886721429292987295e+01
8.904326542177722104e+01
8.921142499584985330e+01
8.936397080704286111e+01
8.952962405041476757e+01
8.969808844849139007e+01
8.985932174380276649e+01
9.002831111655379459e+01
9.019552234928030998e+01
9.035836443794694617e+01
9.052933516672482028e+01
9.069149986871579472e+01
9.086678893755237141e+01
9.103230670358907162e+01
9.119325210956314720e+01
9.135715940546009506e+01
