2.404795989187095018e-03
7.100864830006889958e-04
2.293127268612756931e-04
1.295123943150596922e-04
1.131597341772334312e-04
1.065468353463281943e-04
1.026960431814103727e-04
1.007097926349007360e-04
1.002344630116116251e-04
1.001835762187292791e-04
1.001295257530940042e-04
1.001170259211858017e-04
1.000957896568886073e-04
1.000867463279910295e-04
1.000798405716153797e-04
1.000587767353136782e-04
1.000505232317169926e-04
1.000417888216573805e-04
1.000264851609658663e-04
1.000144140723795827e-04
1.000029561208123338e-04
9.998955032097057776e-05
9.997609400348450050e-05
9.996896268943850387e-05
9.995676319815539283e-05
9.994749110187091802e-05
9.993842537652482066e-05
9.992361608990058420e-05
9.989127798255136189e-05
9.986068853945384203e-05
9.984232345420524380e-05
9.982435832516212929e-05
9.981681407075841629e-05
9.980998241820568438e-05
9.979204321507329368e-05
9.976732979447472437e-05
9.975652868259990761e-05
9.971718859936010875e-05
9.969543924239628009e-05
9.962701131641457522e-05
9.960182020112091287e-05
9.957848585594514441e-05
9.956131319715980749e-05
9.954214996600063996e-05
9.952925949435872856e-05
9.952176734928076752e-05
9.950704040621519272e-05
9.949339585352605603e-05
9.948105576099347048e-05
9.946626413260387686e-05
9.945828403498286631e-05
9.944278844335579777e-05
9.936000356551547463e-05
9.933404385424797283e-05
9.931212877729313736e-05
9.928017627033842519e-05
9.925838754693782327e-05
9.924434683427556074e-05
9.923289897170312339e-05
9.921746946099917761e-05
9.920881327536612191e-05
9.919280808940411610e-05
9.918052405080460504e-05
9.916418737007488761e-05
9.915103374038825013e-05
9.913903230546264051e-05
9.912657549286236190e-05
9.905925819898010157e-05
9.891520873289005996e-05
9.888515910658050335e-05
9.886711145335400628e-05
9.884932355850121479e-05
9.883505138608416089e-05
9.879885428321067125e-05
9.874147809977811929e-05
9.872447697893367081e-05
9.869707171184787940e-05
9.868039619991697412e-05
9.866439889104704046e-05
9.864129791440381890e-05
9.862180655932323932e-05
9.860905547543764285e-05
9.859375680113638993e-05
9.857867242515326860e-05
9.856050081864404784e-05
9.853471048670327248e-05
9.850918314383556146e-05
9.848665142210296481e-05
9.847029083346459490e-05
9.845091309687127384e-05
9.843444553069382631e-05
9.840827398486663821e-05
9.838897252111353372e-05
9.835905681967941196e-05
9.833941257431716638e-05
9.831962117031988455e-05
9.829380126057261013e-05
9.826800118577057254e-05
9.823273743451432240e-05
9.821226287820225293e-05
9.818781324297944188e-05
9.814911466596800316e-05
9.811974492733029725e-05
9.810001681126852236e-05
9.807773161655808359e-05
9.804524671174046091e-05
9.802548470430880515e-05
9.799276240458437660e-05
9.796081484791550539e-05
9.791384861976782305e-05
9.785361994085566267e-05
9.781904367224527003e-05
9.775789496521075184e-05
9.771646041614739800e-05
9.768521833840648825e-05
9.765606863466762581e-05
9.762572686367776865e-05
9.760391956990972784e-05
9.755700259762696233e-05
9.752153474253276899e-05
9.747383929388086111e-05
9.743708539511301424e-05
9.741112504986903923e-05
9.740232991808385997e-05
9.736117541992576928e-05
9.733248973027005873e-05
9.728842509207394861e-05
9.725530746876361455e-05
9.723208221713040887e-05
9.719771522513920303e-05
9.714114752521762499e-05
9.710245693666470020e-05
9.704960505783533542e-05
9.702220153526632006e-05
9.699331047573252359e-05
9.695733412644722698e-05
9.693712416808176514e-05
9.691238847691443809e-05
9.687247906948315669e-05
9.685012392079124055e-05
9.680619311270777174e-05
9.677169338445438509e-05
9.673108432864964662e-05
9.664586986023377714e-05
9.652383728618849936e-05
9.647331841395313215e-05
9.643284180423894697e-05
9.639368680289676417e-05
9.632121415498132047e-05
9.628594332265710636e-05
9.625348682905940714e-05
9.623077816906173195e-05
9.617941700809170158e-05
9.611906837893214749e-05
9.606286149301383769e-05
9.602696034068486884e-05
9.596000537012950801e-05
9.588698159493144594e-05
9.584513368809610364e-05
9.578457138517058574e-05
9.573641997972407271e-05
9.551974211102949325e-05
9.547422707310358032e-05
9.542749834389614423e-05
9.539333294863062019e-05
9.530613790232914865e-05
9.523715323959937795e-05
9.515158924612349047e-05
9.510016704740158091e-05
9.506055439749980587e-05
9.502760892744984182e-05
9.496658764595968297e-05
9.492760174175755839e-05
9.490407486930228418e-05
9.487347466190583403e-05
9.474898331122433715e-05
9.466739801911990752e-05
9.458309815783300263e-05
9.450623273004318326e-05
9.444868210256236773e-05
9.440450406481087312e-05
9.432822099692010013e-05
9.426862390593535100e-05
9.422812658660218246e-05
9.417766079562590290e-05
9.413790056307567392e-05
9.409160891677132538e-05
9.401263602305615574e-05
9.394232189525528599e-05
9.383775508219927041e-05
9.378672145185497583e-05
9.373119014838476382e-05
9.363613698912544281e-05
9.355605962515399976e-05
9.352183399609953116e-05
9.342423271338302015e-05
9.329300672526811807e-05
9.325447751582195352e-05
9.317908225828518175e-05
9.312583929608080925e-05
9.302592524628534778e-05
9.294550087792284945e-05
9.285363774052197213e-05
9.280611518069361524e-05
9.275818159819537939e-05
9.272970862275738233e-05
9.265729265281255080e-05
9.255771952799094220e-05
9.249358897787936338e-05
9.238094417704139423e-05
9.224922836810745517e-05
9.213734237129861816e-05
9.197766056166476487e-05
9.189930738274817003e-05
9.176355509732424861e-05
9.167827753909432579e-05
9.157082603434858054e-05
9.135985977063224277e-05
9.129151290038674401e-05
9.117759255477891032e-05
9.098684648961267052e-05
9.094158593369886727e-05
9.087782202707222947e-05
9.084673478623809780e-05
9.074901607074513886e-05
9.034314076128385329e-05
9.023170021077998025e-05
9.017597563423000392e-05
9.009746085782649818e-05
8.992985178635718574e-05
8.976974416141434820e-05
8.969650550317766365e-05
8.957033789806050897e-05
8.941548476934880541e-05
8.931003588652341844e-05
8.923331731382833424e-05
8.912557691570825117e-05
8.900362223153071963e-05
8.885787763500524439e-05
8.871976714670588989e-05
8.866625254085021897e-05
8.859771482886181246e-05
8.851861128592000314e-05
8.841822843205416238e-05
8.839229181538587807e-05
8.834031205153470223e-05
8.822076731513500691e-05
8.809189298362748012e-05
8.793626452511274462e-05
8.774933443565088799e-05
8.761002605297063604e-05
8.741134125542273097e-05
8.718545873741643398e-05
8.706269913138863338e-05
8.698068754081891211e-05
8.682761980443845951e-05
8.676564556335125699e-05
8.665507422103998862e-05
8.654392206151838014e-05
8.645211395730807258e-05
8.625651890254668617e-05
8.602092655293021219e-05
8.590630043468410273e-05
8.577505980754182428e-05
8.560905059935837544e-05
8.556377966728054643e-05
8.548538112056089074e-05
8.532093642709891147e-05
8.496503937002863730e-05
8.488979928603870189e-05
8.475159455590158440e-05
8.456928036180371528e-05
8.425683980735977673e-05
8.411625671023555345e-05
8.397801669930482276e-05
8.365264210788065139e-05
8.345176833871613463e-05
8.329628687012983394e-05
8.307793611434461441e-05
8.298718788163871041e-05
8.279278090258690057e-05
8.276284008725739983e-05
8.257884363408578841e-05
8.231879493070588967e-05
8.223976525270012574e-05
8.203193817078059246e-05
8.192967529924995813e-05
8.167525454144069325e-05
8.145451555072772906e-05
8.122834268783766295e-05
8.105549699216438471e-05
8.096183920131600918e-05
8.076467484317586241e-05
8.057312493535516830e-05
8.052768493388179783e-05
8.045170830601149200e-05
8.017649739971531434e-05
8.001135842528556239e-05
7.974542526142366699e-05
7.957702653993450306e-05
7.942662671390244851e-05
7.934314716517982516e-05
7.912983911687877217e-05
7.880344623964978925e-05
7.867749587493412424e-05
7.848759788362707004e-05
7.829950979580229667e-05
7.801362095598387062e-05
7.783254510103574373e-05
7.759390845420434629e-05
7.745833303547722314e-05
7.714131244886994411e-05
7.692228361396859335e-05
7.685410471983502353e-05
7.666650012698810975e-05
7.632997817751379505e-05
7.581468271160978227e-05
7.560444000509200307e-05
7.541469762072100383e-05
7.519616907704011852e-05
7.477961961366145528e-05
7.463188700812982618e-05
7.462676843203024666e-05
7.435267554869636473e-05
7.431036853630784678e-05
7.402583946247519699e-05
7.389882313652934532e-05
7.370643837025577395e-05
7.370237690622256129e-05
7.337243116274118609e-05
7.313176355973588071e-05
7.264856322742944386e-05
7.238373572092214733e-05
7.222095464330754338e-05
7.206149309038768064e-05
7.198873828804707375e-05
7.170523097472912165e-05
7.168302724408777524e-05
7.146551920386502211e-05
7.122460837305425298e-05
7.081820156751315388e-05
7.046576671124396975e-05
7.047299611392222147e-05
7.030681681027574879e-05
7.020200687636327856e-05
6.979603776768129658e-05
6.946203652281613674e-05
6.907862500851822546e-05
6.867474655888251736e-05
6.844811297833890270e-05
6.833776716964744963e-05
6.789932746743558198e-05
6.762863161010357099e-05
6.751739879711330403e-05
6.731054667534343923e-05
6.691803097032459724e-05
6.660890753378714379e-05
6.640366054538005219e-05
6.614767433582260285e-05
6.544658837217157761e-05
6.538835515242320871e-05
6.509611430414316492e-05
6.506732593549036786e-05
6.475511520513335543e-05
6.449934058555913856e-05
6.454236788685657766e-05
6.402809633267529373e-05
6.401743640678097267e-05
6.404627574501386164e-05
6.355468443226763799e-05
6.351812744944430606e-05
6.326273363438810772e-05
6.286659304788173538e-05
6.235247294424914105e-05
6.190721199379774892e-05
6.173150568082617429e-05
6.179959243396388824e-05
6.140345653088326869e-05
6.130637779305072113e-05
6.132065825492779513e-05
6.081320910883768969e-05
6.070864963981819940e-05
6.043914054848091620e-05
5.996055078691904581e-05
5.997602938938259326e-05
5.944940147286809930e-05
5.892066487362411823e-05
5.912241511174091437e-05
5.882602526451665017e-05
5.827130532158358612e-05
5.833936392723384644e-05
5.819226613167645092e-05
5.835226878009105197e-05
5.772826902211443384e-05
5.738566635078544968e-05
5.643212556265993760e-05
5.591402978900421723e-05
5.508813332062659777e-05
5.531463084518381605e-05
5.542355310402785726e-05
5.465000755527651369e-05
5.445745820554284125e-05
5.474611823273715255e-05
5.459600781828093856e-05
5.431938506479515343e-05
5.457692885577566808e-05
5.470769039635638658e-05
5.326272195197056982e-05
5.340048725727270098e-05
5.293446659636072237e-05
5.308996583979939347e-05
5.292034548392004508e-05
5.292228305095363961e-05
5.288732922140655565e-05
5.306582815841148445e-05
5.326015372566299234e-05
5.331020507023431548e-05
5.394732079283520433e-05
5.404852763892975569e-05
5.362678800599115223e-05
5.357639233820858947e-05
5.362698921318984779e-05
5.302944867691480489e-05
5.333097419288196903e-05
5.378440146224806715e-05
5.398779966601717728e-05
5.446062690949962415e-05
5.465227969069753417e-05
5.530819743071451074e-05
5.616490417397772050e-05
5.698459595591440056e-05
5.739421097984235420e-05
5.704028446214118916e-05
5.878657669138276739e-05
5.945120562547160303e-05
5.905316874635353183e-05
5.949461217634861133e-05
6.062410267565748051e-05
6.284746822682959913e-05
6.411527136034991304e-05
6.359705670658027596e-05
6.437425571761006850e-05
6.458050103593121775e-05
6.491357336465410175e-05
6.583952432698515430e-05
6.643276516905337965e-05
6.758673948070506306e-05
6.853669954085504779e-05
6.902441683744017017e-05
7.105001177235525901e-05
7.389917709929023470e-05
7.486249571042998202e-05
7.698964283130155370e-05
7.848328930179187374e-05
7.923460137037018894e-05
8.144387885777453233e-05
8.265519319797689070e-05
8.497024328914540238e-05
8.754133723860079504e-05
8.970884521481686650e-05
9.410693887511188867e-05
9.657979005958090650e-05
1.007385482530460404e-04
1.036327891427259103e-04
1.083673877983850665e-04
1.097901770959104232e-04
1.150369106614663214e-04
1.144674738827024339e-04
1.183737718739067638e-04
1.214532333635282398e-04
1.276777109959999267e-04
1.316777086734528129e-04
1.364552513900120858e-04
1.413605505259538325e-04
1.433531738245508982e-04
1.484815681287021542e-04
1.559187743316584247e-04
1.646810399164129934e-04
1.750819174644636673e-04
1.835237786687412187e-04
1.887538452798880767e-04
1.995875942536599098e-04
2.081804297934611585e-04
2.160814818942177198e-04
2.253222605987709377e-04
2.371669274982983781e-04
2.455279023229519210e-04
2.597562669946901215e-04
2.663462104140176855e-04
2.780761119262813792e-04
3.016884442707363991e-04
3.158891633902263405e-04
3.328445662744787515e-04
3.565805485543618782e-04
3.723534846322470570e-04
3.826044967384613295e-04
4.073085891655160132e-04
4.319017372495494384e-04
4.518764323686638024e-04
4.785125951729745459e-04
4.981407099701186088e-04
5.286600925227705021e-04
5.679952804829651539e-04
5.831369753457781501e-04
6.123040133234967496e-04
6.656727807502246363e-04
6.937438731518082635e-04
7.280720530764429443e-04
7.684557734709485588e-04
8.068442420096436909e-04
8.478356649792896400e-04
8.755259479525827945e-04
9.407573831931143570e-04
1.015882281515917418e-03
1.082261074366019796e-03
1.162205581803559462e-03
1.241177811811865770e-03
1.322482095087457047e-03
1.396236051649152538e-03
1.523722797070729872e-03
1.647428459084659003e-03
1.780996203198361751e-03
1.971194536585482108e-03
2.124666539086194402e-03
2.345498827552671035e-03
2.584343390352527442e-03
2.905383475125273857e-03
3.357377228018791713e-03
4.080111214303852422e-03
