2.872366475124067953e-01
1.153330534331250268e-01
7.348320158525586954e-02
6.915218103024103891e-02
6.901134980421921861e-02
6.876841035795629165e-02
6.877403275240177860e-02
6.878402602056082893e-02
6.875631332599844991e-02
6.868651531452742154e-02
6.865455433581248157e-02
6.867497863644003719e-02
6.864289205466132804e-02
6.861593104554153388e-02
6.854933885833876250e-02
6.855490654491191993e-02
6.851881115268440570e-02
6.853323066762759264e-02
6.846748865232711589e-02
6.849968839349165894e-02
6.848262425061982239e-02
6.845416772156860674e-02
6.838938919920241333e-02
6.838073442991256246e-02
6.832853143205061541e-02
6.831270367213554406e-02
6.830397766543581939e-02
6.829182867921947120e-02
6.825824586758214019e-02
6.825700571843038023e-02
6.826665984039999302e-02
6.827817982413719733e-02
6.821208077213339327e-02
6.818893436804296382e-02
6.818326257858797756e-02
6.817311542761721188e-02
6.814742159114416109e-02
6.817166108079128484e-02
6.815333799976586171e-02
6.810743591469820002e-02
6.807814054999966613e-02
6.805239804580404117e-02
6.795850632619225562e-02
6.791332496137546249e-02
6.790204437576248531e-02
6.790221867762670505e-02
6.790598049032250949e-02
6.785310593712039207e-02
6.776120102979246718e-02
6.774886548451107549e-02
6.773094422184024188e-02
6.756837999975859321e-02
6.756987979485529205e-02
6.751387913831249921e-02
6.750582118939063569e-02
6.749826594028363047e-02
6.743112529736804139e-02
6.741027310701075415e-02
6.736633980354897466e-02
6.729221311729778610e-02
6.722435470768249599e-02
6.719173666089950370e-02
6.715824164549159814e-02
6.709705400361523631e-02
6.707772227588222613e-02
6.706909204500827171e-02
6.702687117252680016e-02
6.703589289464849388e-02
6.699381907123042046e-02
6.697592016322496955e-02
6.689394329950897056e-02
6.687324946367989575e-02
6.687626252893509593e-02
6.684306322844142667e-02
6.678060872494144540e-02
6.673799339237992956e-02
6.673506913159850396e-02
6.666307271674469515e-02
6.663940315660113467e-02
6.659471509878396589e-02
6.649884339690112500e-02
6.638370465609309823e-02
6.623801278234535406e-02
6.617615822949809989e-02
6.610428393199362096e-02
6.599015668416208236e-02
6.598570200552383858e-02
6.591666750692407040e-02
6.587836060007068451e-02
6.564058575430313514e-02
6.557854822906028502e-02
6.549026160550432130e-02
6.547299185975145874e-02
6.544259168024668671e-02
6.543606206343295650e-02
6.534352297680524890e-02
6.529100511976294874e-02
6.522321076562712094e-02
6.519614070073347090e-02
6.518553111604179218e-02
6.514351439211089889e-02
6.510054050455481300e-02
6.507163123946692329e-02
6.499680083363831851e-02
6.491385240892745545e-02
6.488193815649931362e-02
6.482664033893469069e-02
6.474803833160389099e-02
6.471625684694946867e-02
6.469747696533725834e-02
6.438902842799107407e-02
6.404552590296803960e-02
6.404262205912371331e-02
6.395515892050394891e-02
6.390594784594828826e-02
6.384571045988908511e-02
6.376777337303572712e-02
6.366595931109739204e-02
6.360719487276936257e-02
6.355336123003570148e-02
6.348770414570600873e-02
6.329770364084377765e-02
6.317129282476272034e-02
6.298739181495374706e-02
6.287150543685819659e-02
6.282967148810507385e-02
6.282484698160623049e-02
6.275368643985682060e-02
6.271753889157415107e-02
6.264987082589444645e-02
6.264630139900016770e-02
6.257800026873398813e-02
6.248917375811438579e-02
6.248741170017146213e-02
6.245865973891991108e-02
6.227030007125216454e-02
6.222047944131334912e-02
6.208159537282808421e-02
6.194865008465590822e-02
6.199336423760722775e-02
6.187398234902092425e-02
6.173305841471452005e-02
6.163543533069424513e-02
6.149744369972537372e-02
6.145876836345256361e-02
6.140604582743525164e-02
6.126930310400997837e-02
6.115605149888237585e-02
6.106638978172714005e-02
6.105178664011706030e-02
6.099792386263189203e-02
6.091376918667718021e-02
6.090916992581718592e-02
6.075490220701610516e-02
6.071487972032760250e-02
6.069379504851358381e-02
6.034225390526858773e-02
6.020814168441939590e-02
6.008103585431055077e-02
6.005840396070674658e-02
5.992210488642506216e-02
5.971270109167563234e-02
5.960757966878110770e-02
5.951459602479808320e-02
5.943422110258240326e-02
5.937151064742269418e-02
5.923808030606314556e-02
5.915925836164252077e-02
5.915770025549853955e-02
5.909400806478422308e-02
5.892255026249403060e-02
5.887144066129187947e-02
5.877991508008503091e-02
5.858406443003649766e-02
5.832312526381343981e-02
5.803791552744026055e-02
5.791038515582164897e-02
5.791451183145090997e-02
5.792127771965531469e-02
5.775639667435666924e-02
5.769662004056640842e-02
5.761225344255160863e-02
5.752564406132754798e-02
5.734186007153347503e-02
5.715726301942452431e-02
5.704627866074831605e-02
5.689017499163810665e-02
5.673517206752869135e-02
5.663593336180146320e-02
5.648830171298210856e-02
5.645099362930324632e-02
5.626862153802329042e-02
5.618533112313404965e-02
5.609341238458358248e-02
5.611056506755848772e-02
5.599946022118582056e-02
5.591113026511506517e-02
5.583949048241530766e-02
5.562644901122271168e-02
5.541061121359529967e-02
5.545870200070266570e-02
5.530710994658356167e-02
5.520046897957043425e-02
5.518784946401856378e-02
5.497603555013316767e-02
5.477889716972422773e-02
5.466749825468631557e-02
5.446512162988673827e-02
5.428932142737875888e-02
5.424027647618182013e-02
5.385719371714210724e-02
5.367325734735346049e-02
5.345855075633907522e-02
5.354806912683159753e-02
5.332287057057929353e-02
5.314960285112923372e-02
5.297316426545801982e-02
5.299983596089861970e-02
5.282049377032552173e-02
5.270565650894826204e-02
5.243643369265007376e-02
5.220956423348241393e-02
5.224737894245651271e-02
5.210066746727790715e-02
5.210924731202315474e-02
5.182392379566049673e-02
5.157852399955487749e-02
5.167820447878884726e-02
5.157701433581356187e-02
5.164407174292546393e-02
5.152272207685400923e-02
5.146270534096891724e-02
5.128791854747180579e-02
5.120871280033635620e-02
5.105841534830734413e-02
5.095538085609035983e-02
5.093855182522155634e-02
5.086261769145467015e-02
5.107083576560533800e-02
5.091064098666326504e-02
5.075465909181627044e-02
5.067076623102480248e-02
5.047097962350244327e-02
5.054607744643557776e-02
5.035094064951848442e-02
4.994518384437103553e-02
4.995992543590464102e-02
4.989460811965157339e-02
4.959978673886623196e-02
4.951004114779707782e-02
4.937846925458710262e-02
4.926067085742654589e-02
4.903642677659823812e-02
4.908976201544378026e-02
4.897519241025266590e-02
4.878246373328617297e-02
4.876272228284004445e-02
4.853076310108638686e-02
4.828007973274478504e-02
4.813661107167017256e-02
4.803646220595371441e-02
4.774352013541319911e-02
4.781393408829000269e-02
4.771670869200569237e-02
4.776098893645062266e-02
4.761494154766820336e-02
4.764556580677591080e-02
4.704096573393759528e-02
4.727214027838778920e-02
4.702508023329576847e-02
4.682971190553412294e-02
4.675697134079195155e-02
4.664507917874408105e-02
4.659342773850184277e-02
4.659813488631264072e-02
4.676684253288824339e-02
4.647674309461240216e-02
4.609758686146422230e-02
4.610123677610604431e-02
4.608862109980825517e-02
4.577407563965449344e-02
4.590981984885884881e-02
4.579318427961510951e-02
4.575732825095889245e-02
4.570661746050199564e-02
4.558725283105341530e-02
4.581872785161707901e-02
4.574740579169167543e-02
4.550697396363042463e-02
4.545771925298867921e-02
4.551425514417943574e-02
4.526247818863043948e-02
4.528439000653742413e-02
4.518445393791251097e-02
4.515685550170012164e-02
4.530589333175152889e-02
4.485662383033292566e-02
4.491553745486245169e-02
4.484133352316656967e-02
4.503001923996352573e-02
4.475875818406110929e-02
4.473223352095943156e-02
4.463435559059701629e-02
4.451707732364282299e-02
4.410023965363105841e-02
4.421307130429699694e-02
4.389942185537367564e-02
4.385529237570821165e-02
4.395518140473788499e-02
4.384304634169593207e-02
4.383999757127941127e-02
4.416058637191000447e-02
4.394679480015790951e-02
4.366333629978334102e-02
4.389700177438388140e-02
4.343431223493924437e-02
4.348412637883924958e-02
4.317323119636706091e-02
4.337152482864407160e-02
4.358549264095577802e-02
4.352720358010506163e-02
4.367785517733414197e-02
4.414877269298397161e-02
4.435205963464622370e-02
4.396577571767165682e-02
4.399529400029554560e-02
4.392502001302037162e-02
4.375216355973509524e-02
4.356416075548819739e-02
4.330753114167890799e-02
4.317148169921328910e-02
4.314344796573215540e-02
4.321595475743390119e-02
4.309997083917115751e-02
4.338146963012729646e-02
4.312253399449965385e-02
4.292697156399780112e-02
4.342410906227330003e-02
4.388823113231751782e-02
4.395963565543009599e-02
4.458600242239967731e-02
4.423915492576455805e-02
4.428159639307543971e-02
4.394573851237833922e-02
4.447245386683443963e-02
4.442846146800968204e-02
4.454839913255227019e-02
4.455157367963118870e-02
4.430993112291437691e-02
4.479034727993795595e-02
4.524489499267071724e-02
4.562576624434037248e-02
4.570047287983564771e-02
4.568005373568608668e-02
4.582558439841646902e-02
4.682125082337086630e-02
4.705098416768013075e-02
4.707794442164283527e-02
4.713652813620610588e-02
4.737782527290967244e-02
4.811465960685430004e-02
4.863224138005167729e-02
4.879494295334618065e-02
4.926737531111750196e-02
4.929658517180668387e-02
4.907221691029708954e-02
4.939563282934473359e-02
5.033688315242538375e-02
5.007843020938067269e-02
4.993958853776291062e-02
5.056381050606826438e-02
5.164749509085669876e-02
5.240915570973167514e-02
5.233759866396219679e-02
5.283602268944233987e-02
5.304135932497377331e-02
5.393711229120100314e-02
5.442767720961928096e-02
5.463674800355600852e-02
5.478629835176372642e-02
5.446280441343574752e-02
5.472182453259503282e-02
5.585107982503156876e-02
5.621260929750955537e-02
5.710979624691681078e-02
5.765989480108464627e-02
5.721483459463946181e-02
5.876602383786338341e-02
5.974843747456722032e-02
6.043571365304491183e-02
6.121675837856935948e-02
6.174292050419154243e-02
6.260479896848795967e-02
6.395147274264791071e-02
6.525878739451614063e-02
6.588407716967420447e-02
6.726010543237917472e-02
6.813070118831994482e-02
6.800452777820994998e-02
6.987140088082119393e-02
7.133981065379516040e-02
7.241907378921103033e-02
7.303543990544991704e-02
7.413123623136304297e-02
7.502780075364093304e-02
7.662378335967824639e-02
7.648092782466960060e-02
7.847489472268943944e-02
7.947332479137736438e-02
8.036454362464980072e-02
7.980268561344190659e-02
8.128814697607923689e-02
8.361150889981837364e-02
8.474805332493090537e-02
8.675943657766248263e-02
8.837203110005560636e-02
8.866304317383806588e-02
9.055117584038122058e-02
9.096466119232098080e-02
9.231154432478921867e-02
9.454102450330006957e-02
9.623055361548529807e-02
9.961387124276402383e-02
1.010246907251084042e-01
1.032313501534277145e-01
1.046140079623733843e-01
1.066141476386996273e-01
1.082261017972907385e-01
1.089236970000286991e-01
1.117521172634726029e-01
1.141922417296456493e-01
1.173455991576769636e-01
1.197420083406613017e-01
1.216932072444388141e-01
1.238381029970653385e-01
1.254023138971853135e-01
1.287451398939490066e-01
1.305126016551962087e-01
1.346052596862217787e-01
1.376711560119807665e-01
1.410500937245246500e-01
1.430125450123150010e-01
1.472513063831379088e-01
1.481676255917117324e-01
1.531885190169564315e-01
1.568989555378704215e-01
1.607778048816280170e-01
1.651755394308414004e-01
1.691739850219102781e-01
1.691802485282513091e-01
1.751828700116773163e-01
1.778078661401002181e-01
1.815724635159922107e-01
1.865098675396367756e-01
1.903359174329387060e-01
1.937142650036338676e-01
1.966991126431006098e-01
2.017589309297857514e-01
2.082574306648886375e-01
2.159598538541257773e-01
2.239010766174323874e-01
2.281084309453358383e-01
2.328912549814589894e-01
2.399174404361280044e-01
2.463019932942750456e-01
2.539803100456641261e-01
2.592607873121068329e-01
2.669431995996399132e-01
2.715268837848718309e-01
2.801894131713585923e-01
2.841003330537376081e-01
2.902597825714847701e-01
2.970925936981347326e-01
3.034368066263459784e-01
3.108624926177829817e-01
3.235337432080026554e-01
3.324554782744630899e-01
3.404115408556379618e-01
3.488228549720128191e-01
3.585274077655073444e-01
3.683180428661689265e-01
3.801452212568468547e-01
3.926737761916340164e-01
4.066673466596870679e-01
4.212988417766521110e-01
4.405253652175837864e-01
4.609084518100136085e-01
4.755635416949388627e-01
4.969946879981599341e-01
5.153219280620491283e-01
5.358167794933051953e-01
5.691097425779430008e-01
5.970188208389423101e-01
6.217854759709208201e-01
6.478203189235951509e-01
6.826623259998699789e-01
7.341138803701338089e-01
8.217776142919780424e-01
