1.492912436209222491e-03
1.628685599447120269e-01
3.258959111923822038e-01
4.890243871587766633e-01
6.868386416476822687e-01
8.770179798728857667e-01
1.075540107392862321e+00
1.275174606818811673e+00
1.476443955864137791e+00
1.672842464290904108e+00
1.869544346873844853e+00
2.069633907534054629e+00
2.272319002641531416e+00
2.477245695680734272e+00
2.678110545851167590e+00
2.874610178996660714e+00
3.075154800891134688e+00
3.276626399373917753e+00
3.478384517893084116e+00
3.677429123126473964e+00
3.876810810755611847e+00
4.076192498384751062e+00
4.275338228336864610e+00
4.471854715602139763e+00
4.671590339746799714e+00
4.874275434854255629e+00
5.072747000014851793e+00
5.273915224341429564e+00
5.471257563476283003e+00
5.665347057492160054e+00
5.866043366464697151e+00
6.069048689848122180e+00
6.263306725061871028e+00
6.456570367208172456e+00
6.655985763076870398e+00
6.854524744716628426e+00
7.047838949222283489e+00
7.247068949773325386e+00
7.447478738709483181e+00
7.640439006699603297e+00
7.838017303511470857e+00
8.035865266239937910e+00
8.228252494157283436e+00
8.423235256521882874e+00
8.625279895077424541e+00
8.826161599367637223e+00
9.027296115454657155e+00
9.225885659453778587e+00
9.417969513214933031e+00
9.611637654236115935e+00
9.805912543569643702e+00
9.996900879544631024e+00
1.019454659283564624e+01
1.039129903777791419e+01
1.058496717879909710e+01
1.078224210145478423e+01
1.097462932937212621e+01
1.116597160186267246e+01
1.135995997115980849e+01
1.156129673668426605e+01
1.175280755037266189e+01
1.194522848652957947e+01
1.213402578693222011e+01
1.232776134443255067e+01
1.252417670697908036e+01
1.271968194705707234e+01
1.291680518263469502e+01
1.311542843487338139e+01
1.330926511709245474e+01
1.350040514014551540e+01
1.369135976788092357e+01
1.388361216283996669e+01
1.407416229170048183e+01
1.426474612880057968e+01
1.445357713744277817e+01
1.464084071294474754e+01
1.483096948881057919e+01
1.502392975680069220e+01
1.521282818192204367e+01
1.540604126170898169e+01
1.559677678588714578e+01
1.578574262748762358e+01
1.597787704360817607e+01
1.616952269025487254e+01
1.635604468448619286e+01
1.654571839911774944e+01
1.673545953022847854e+01
1.692897598417158278e+01
1.712073960965678765e+01
1.729816037920290483e+01
1.748833971742809368e+01
1.767418754686792326e+01
1.785792861133431586e+01
1.804947313326231395e+01
1.823543894154071765e+01
1.841678672099734015e+01
1.860747168281622521e+01
1.879729708452593684e+01
1.898673484148054058e+01
1.917406583346172866e+01
1.935280122435131389e+01
1.953296921542285602e+01
1.972899693321432224e+01
1.991669871583083662e+01
2.011099045928424189e+01
2.031028787631451493e+01
2.050230431359659278e+01
2.068077003856960516e+01
2.085372446637209265e+01
2.103589809769832186e+01
2.119338044353595407e+01
2.137177875202981170e+01
2.156526149773339185e+01
2.173927773508250283e+01
2.192160305348683380e+01
2.211340038721171197e+01
2.230197858405714584e+01
2.248413536126353662e+01
2.265850553512821364e+01
2.283985331458486812e+01
2.301973478562000608e+01
2.321099278751167105e+01
2.339985750439352330e+01
2.356920515056150833e+01
2.374622142123278579e+01
2.393589513586442763e+01
2.412540030929817902e+01
2.432031565518369121e+01
2.451432087860071007e+01
2.470520808985703454e+01
2.489011208858883961e+01
2.507451046372700532e+01
2.525774590459986157e+01
2.544040830539992371e+01
2.561794705378457593e+01
2.580305330195383817e+01
2.597336163294970035e+01
2.614881047048073626e+01
2.632791665200566555e+01
2.650975320093612453e+01
2.667347157109515976e+01
2.684361136089315636e+01
2.702502655682893717e+01
2.721451487614289277e+01
2.740240205407707563e+01
2.758260375338815251e+01
2.776061441712689515e+01
2.793555763106433432e+01
2.812084927455123662e+01
2.829501719897842804e+01
2.848873590235906050e+01
2.867653880969430702e+01
2.886626308668528296e+01
2.905246485264074963e+01
2.923743626785169880e+01
2.940364904773923627e+01
2.956303590911283052e+01
2.974150163408584646e+01
2.991369762649791753e+01
3.008080367473418448e+01
3.021180819838581044e+01
3.037035235377007680e+01
3.055276194277335122e+01
3.073995810179624044e+01
3.092895765163638089e+01
3.111878305334610673e+01
3.130528819345770586e+01
3.149118658525698677e+01
3.165937129715961973e+01
3.181039851511868477e+01
3.198906648952911524e+01
3.217225136804258767e+01
3.232808201014107397e+01
3.247980024701146107e+01
3.261940037175461526e+01
3.280297289502322400e+01
3.299347246152441926e+01
3.316651115992589638e+01
3.335493766969324980e+01
3.353923492011270469e+01
3.372850413586944285e+01
3.390063271180238047e+01
3.407788494015066760e+01
3.425490121082194150e+01
3.443230512624832329e+01
3.460129883590077071e+01
3.477368022363052091e+01
3.492836478558343316e+01
3.508859435294644413e+01
3.523453162672970507e+01
3.537933967448721262e+01
3.555384468131018139e+01
3.574292850174924752e+01
3.592938307950147703e+01
3.609099468468697580e+01
3.623278584500251043e+01
3.641597072351591180e+01
3.659061056329709061e+01
3.674660974659350643e+01
3.691497985381369773e+01
3.707898474400904121e+01
3.725827632085155727e+01
3.743542742448103411e+01
3.760981445246542876e+01
3.776994289510960812e+01
3.793573432200248163e+01
3.810289093259801518e+01
3.824308095153372733e+01
3.839574301911211052e+01
3.854747811010217617e+01
3.870534810069489851e+01
3.888081379234562007e+01
3.906565037459826328e+01
3.920004257632706413e+01
3.934906415403136037e+01
3.950175992984932094e+01
3.967169747020992787e+01
3.985471380752535708e+01
4.004455606335487516e+01
4.022693194411851181e+01
4.040182459569641793e+01
4.055610465877440873e+01
4.070945774526406780e+01
4.085087811494427967e+01
4.099039396908845134e+01
4.112992667735249341e+01
4.129372931811038683e+01
4.147320629027055361e+01
4.164098650329834328e+01
4.182110393201038789e+01
4.200787873803858474e+01
4.219338948508263343e+01
4.236037755448034403e+01
4.250778113668508240e+01
4.265575775896257937e+01
4.283729093373683128e+01
4.299401484418405772e+01
4.314318810896639889e+01
4.333272699063969924e+01
4.351050169670134693e+01
4.368783819564851711e+01
4.386702864777227262e+01
4.403573583738831587e+01
4.420102164068747186e+01
4.434947017831908056e+01
4.449904794197636448e+01
4.465467633463735808e+01
4.483196227122517996e+01
4.498745583092787825e+01
4.516693280308810898e+01
4.533693775992785646e+01
4.552371256595594673e+01
4.569241975557188340e+01
4.585691341524108111e+01
4.601247439142303364e+01
4.617550174267063312e+01
4.633667514074161886e+01
4.647223027673587126e+01
4.661633045146226806e+01
4.678888038038987673e+01
4.695831229715677324e+01
4.714343539944569272e+01
4.732481688714184287e+01
4.750286125912014512e+01
4.767546175040714473e+01
4.784452287653862612e+01
4.801171319537372284e+01
4.820034195457844817e+01
4.834627922836165226e+01
4.850885151837508857e+01
4.868146886378176674e+01
4.883753546355731601e+01
4.898138282648683628e+01
4.914139329029256942e+01
4.933398276764737034e+01
4.950641471773638358e+01
4.968038039272608586e+01
4.986277312760948632e+01
5.003987366887963617e+01
5.017903558650838391e+01
5.032937178555604163e+01
5.050844425884133670e+01
5.068249420442997177e+01
5.084833619368217228e+01
5.100389716986401822e+01
5.116845824601227832e+01
5.135423865897291051e+01
5.153273809218538304e+01
5.170992290405459357e+01
5.187247833994809554e+01
5.204221363087118846e+01
5.219406670069977139e+01
5.233327918068770401e+01
5.248675024601589456e+01
5.264890118303460298e+01
5.278983278324105299e+01
5.294035437760655327e+01
5.309561197963211043e+01
5.325644829530745739e+01
5.341661044619125676e+01
5.358223333188612258e+01
5.374084490374943357e+01
5.390279359133080561e+01
5.406140516319404554e+01
5.424494397822300584e+01
5.441265677477150575e+01
5.457072901480162841e+01
5.473038554209193762e+01
5.489905902346831112e+01
5.508391245984070395e+01
5.526180514474091154e+01
5.543577081973057830e+01
5.561128707374074764e+01
5.576787615122957931e+01
5.590820100312352992e+01
5.605290792616221296e+01
5.621065993791641802e+01
5.637744575787664303e+01
5.653022580429365718e+01
5.669112953644803810e+01
5.683925784580358709e+01
5.701293700075687099e+01
5.718046440198779123e+01
5.736108745429349653e+01
5.753527223284038428e+01
5.771314806362069305e+01
5.790261952881495233e+01
5.808499540957841845e+01
5.826403417462413614e+01
5.841672995044205408e+01
5.857802132735158551e+01
5.873112160204441778e+01
5.889883439859313796e+01
5.908441256211626325e+01
5.926700754643708535e+01
5.942684946904488186e+01
5.956862377524065977e+01
5.972312294187585024e+01
5.988087495363007662e+01
6.003682357456688123e+01
6.018921597622868092e+01
6.033616449719923480e+01
6.049956263908212861e+01
6.067189346445243103e+01
6.084408945686443104e+01
6.099993695308265984e+01
6.117474533406178949e+01
6.133484006846644121e+01
6.151890136120876917e+01
6.168302423024254466e+01
6.185658540635733971e+01
6.201248346493488128e+01
6.217106132855866463e+01
6.233086954292696191e+01
6.248494735656748134e+01
6.264050833274929886e+01
6.278765910315719623e+01
6.294537740667179548e+01
6.310528674575873254e+01
6.329320763193245369e+01
6.346440923127693168e+01
6.362792535199837829e+01
6.380345846012831856e+01
6.396148013779905028e+01
6.414576053409881240e+01
6.429107420544984564e+01
6.445942745855029443e+01
6.462467955360983751e+01
6.481088131956511234e+01
6.497456598148454532e+01
6.512711007022433307e+01
6.528828346829531881e+01
6.546214801856649501e+01
6.563609683943620610e+01
6.579396683002890711e+01
6.595042107455944347e+01
6.612062828083655575e+01
6.629717263615368950e+01
6.646729557183185477e+01
6.662206440438366428e+01
6.677952989610146517e+01
6.695575402314270264e+01
6.712892755450239690e+01
6.731464055098389565e+01
6.749689845290896528e+01
6.765220661729404128e+01
6.779682926973379153e+01
6.796048022341362582e+01
6.813151328156030218e+01
6.829610806594821781e+01
6.846215230463785417e+01
6.861257277428444468e+01
6.877067872255418024e+01
6.891644745513954717e+01
6.907130055829028947e+01
6.922472106125917435e+01
6.939270352372432171e+01
6.956816921537516407e+01
6.973783708981900986e+01
6.990752181838270474e+01
7.007808296117538305e+01
7.025026209946764766e+01
7.042834017968544913e+01
7.059736759757741709e+01
7.075739491550291405e+01
7.092217509520837382e+01
7.107643830416657238e+01
7.122101039424697433e+01
7.139588619170530137e+01
7.156975074197634967e+01
7.172408136741366036e+01
7.190070999332957058e+01
7.208559713794154789e+01
7.225332678860996793e+01
7.242857337670344009e+01
7.260339861180239041e+01
7.277274625797031149e+01
7.292611619857962069e+01
7.308108728056895131e+01
7.324783939228944973e+01
7.340483296865339469e+01
7.355629839372690526e+01
7.371244926410132337e+01
7.388250478330016335e+01
7.406614472304769947e+01
7.424049804279242437e+01
7.440399730939439848e+01
7.456129425991430537e+01
7.471490015820079122e+01
7.488736581652929658e+01
7.504629761666846832e+01
7.519843720653352648e+01
7.535521167933971753e+01
7.551670530568705431e+01
7.567497979515458439e+01
7.585032750796676737e+01
7.601994482005126486e+01
7.619443297275445559e+01
7.637123013986847297e+01
7.652080790352542294e+01
7.667764979281133719e+01
7.682805340833822072e+01
7.697506934578785831e+01
7.714320349533100796e+01
7.731548375834196918e+01
7.747793806951692375e+01
7.764135306551948190e+01
7.781963339517483291e+01
7.799789687071029221e+01
7.816207030210350126e+01
7.832870443498570978e+01
7.849970378489254585e+01
7.867286046213254735e+01
7.884450026859175864e+01
7.902026933439859135e+01
7.918831921334277979e+01
7.935249264473621622e+01
7.951246940030218013e+01
7.968559236930238399e+01
7.984024322301563359e+01
7.998496700017423677e+01
8.013505038742501085e+01
8.028029664229721618e+01
8.045249263470908829e+01
8.063082352672367392e+01
8.079624416298126732e+01
8.096658620221668912e+01
8.111387180558267573e+01
8.128008458547013504e+01
8.144781423613851246e+01
8.162516758920547488e+01
8.177828471801815624e+01
8.194800315482135034e+01
8.212092387438430308e+01
8.229082770650525447e+01
8.245805173358003515e+01
8.261966333876549129e+01
8.278006144732630389e+01
8.294640906017205850e+01
8.311526793686614667e+01
8.328586278789835262e+01
8.345355873032730187e+01
8.361520404375221460e+01
8.377127064352764307e+01
8.393771938109200903e+01
8.410856704392107019e+01
8.427644838166750674e+01
8.445253767575059101e+01
8.462018305581995037e+01
8.478663179338445843e+01
8.495697383261979496e+01
8.511836633424820775e+01
8.528213526676633194e+01
8.544762331950317957e+01
8.561973504131621837e+01
8.578915010396328000e+01
8.594971675372197240e+01
8.611236356443939144e+01
