4.780053230953588863e-04
7.833727829373738488e-05
3.830231236519632433e-05
3.435540081380334304e-05
3.423862921992635217e-05
3.405819880217196799e-05
3.403413435150705823e-05
3.402999627443578163e-05
3.402526385261538881e-05
3.399463515517980086e-05
3.398868373127716263e-05
3.397657043988617869e-05
3.396530754608445590e-05
3.394335822591764215e-05
3.391084959229763565e-05
3.390231796296359098e-05
3.387963548045710044e-05
3.387152730892456059e-05
3.384904784142637102e-05
3.384173499313353824e-05
3.383396870059464628e-05
3.382322033519155033e-05
3.380384843354801471e-05
3.380012225694351637e-05
3.378444428863415597e-05
3.377629355514955901e-05
3.376335598057289512e-05
3.375129631324272361e-05
3.374222825882709895e-05
3.373660488556100908e-05
3.373180638896918209e-05
3.372249415522277002e-05
3.369760271387242179e-05
3.368541630367840624e-05
3.367862996468982067e-05
3.367010566126210993e-05
3.366394260701618995e-05
3.365441917639204933e-05
3.364937174043935731e-05
3.362608135089825993e-05
3.361361275004484808e-05
3.360162894403851823e-05
3.357601062183325887e-05
3.355968567126146987e-05
3.355149670751492630e-05
3.354362996767522092e-05
3.353683154951685153e-05
3.351866235024941542e-05
3.349083951658823156e-05
3.347328307944632739e-05
3.345632628617716713e-05
3.336242764157601703e-05
3.334559452132180099e-05
3.333062602224509788e-05
3.331738472410982859e-05
3.330440935296868216e-05
3.328534086095029561e-05
3.326302022535065369e-05
3.322483639513059632e-05
3.321380392545774095e-05
3.318568588929349662e-05
3.316222511030852553e-05
3.314491506172554340e-05
3.312694871048826905e-05
3.311502448406377399e-05
3.309856703031917666e-05
3.308667302313613812e-05
3.307905962107743635e-05
3.304729919248424787e-05
3.302737197983706340e-05
3.300484498701599723e-05
3.298238572480049254e-05
3.296266634373187451e-05
3.293167148510093493e-05
3.289758623971113379e-05
3.285599602633527169e-05
3.283536207530567775e-05
3.279315350443905489e-05
3.275716078325199241e-05
3.272878826273728536e-05
3.269111015379159481e-05
3.261016132673549356e-05
3.248216057614828305e-05
3.244999017167781206e-05
3.242021982265385878e-05
3.239810061620521786e-05
3.237368595429316681e-05
3.235750230713048945e-05
3.233577905727176566e-05
3.212541338480261389e-05
3.208957655058117307e-05
3.204883777338248218e-05
3.202630151366017767e-05
3.200786954387222958e-05
3.198560769658318555e-05
3.194825314510023209e-05
3.191932388524594495e-05
3.189299640838403704e-05
3.187156662894636660e-05
3.183571956449182227e-05
3.181550559015849754e-05
3.179214149331758117e-05
3.177724170781092247e-05
3.174687811999882465e-05
3.172851434389552347e-05
3.171633066370315747e-05
3.168858010698924531e-05
3.165747301437977937e-05
3.161037766667839787e-05
3.155672052079529753e-05
3.130425920145896564e-05
3.112086271216913205e-05
3.109865687605955397e-05
3.104819037212376391e-05
3.101688156220798058e-05
3.099576008727134566e-05
3.096661943240893171e-05
3.088649478311839577e-05
3.077850908442929121e-05
3.075029650878111239e-05
3.071702156680671469e-05
3.059975959240309921e-05
3.053590292062384628e-05
3.046481755515556474e-05
3.037076138273835324e-05
3.033627336128058794e-05
3.030619123799972072e-05
3.027134565243586471e-05
3.024667965216886270e-05
3.021292133029130321e-05
3.017679112319575921e-05
3.014918346789647973e-05
3.011042597834372910e-05
3.007765319873772407e-05
3.005756493930542312e-05
2.997902572577624097e-05
2.992771882128976337e-05
2.985073828493197583e-05
2.978451284786597911e-05
2.975868959847862355e-05
2.965424951135847822e-05
2.956045833313605348e-05
2.947230947970748093e-05
2.944547379895236616e-05
2.941244782607731323e-05
2.932892825184175655e-05
2.927233313304520773e-05
2.921703688874656207e-05
2.919147630436954731e-05
2.915659463005932690e-05
2.910398099834569981e-05
2.906982817179970893e-05
2.904599459664799176e-05
2.899221945314010111e-05
2.896881395262200610e-05
2.894427790993610463e-05
2.881585538495456340e-05
2.874132165095228693e-05
2.864653078107183838e-05
2.858602076351444675e-05
2.844676728335363553e-05
2.835410188130542788e-05
2.831005385037157164e-05
2.828035483685046805e-05
2.824849355471075377e-05
2.821669853919452818e-05
2.817701145500385094e-05
2.815273903177833059e-05
2.811762562413248160e-05
2.804855949857082873e-05
2.793966403350729290e-05
2.792124420804420058e-05
2.777586477130922262e-05
2.760785227648677594e-05
2.746184359563236523e-05
2.739342917299042346e-05
2.734549302782407875e-05
2.726967124105934753e-05
2.725406788696166388e-05
2.719451544996837367e-05
2.718389712753567820e-05
2.707217499454617478e-05
2.698505104746683138e-05
2.686357438770198630e-05
2.676302833687625951e-05
2.669575048457234590e-05
2.661930572443565641e-05
2.649856620429373290e-05
2.638054137924492927e-05
2.626330272669807851e-05
2.619756411166867963e-05
2.611789416704609804e-05
2.607906899265228490e-05
2.604066073898342226e-05
2.600986563859792973e-05
2.595018044715187392e-05
2.588681236085642570e-05
2.583361006842478869e-05
2.570292347053365005e-05
2.559573197806203009e-05
2.554366841312456508e-05
2.548345036993066972e-05
2.542438693295575436e-05
2.536464870298061434e-05
2.529055094981272938e-05
2.520634535714995751e-05
2.511834600861002101e-05
2.499951367538624602e-05
2.492667519377315711e-05
2.479879325648046647e-05
2.453310185516842430e-05
2.446235335334933446e-05
2.440234233308779185e-05
2.435680637717990222e-05
2.417579046377975362e-05
2.404727735982062570e-05
2.398182483945753552e-05
2.393668118686090483e-05
2.385840734638270335e-05
2.382757205589080369e-05
2.368499821092892609e-05
2.356282768158127116e-05
2.346403451585171883e-05
2.332643094167124681e-05
2.326053177530342591e-05
2.297059252216776982e-05
2.286619514051622791e-05
2.284413472362916106e-05
2.279410011942580697e-05
2.278745977670120916e-05
2.276612383077150880e-05
2.267442300354016458e-05
2.260615297732414730e-05
2.250238568101510170e-05
2.238715921444372011e-05
2.234921057321609966e-05
2.223531773468490969e-05
2.213932152756672666e-05
2.216073728251246488e-05
2.205955861229503162e-05
2.201204626815204499e-05
2.199231791641273088e-05
2.191406678597530345e-05
2.188948405490074266e-05
2.180137826693635586e-05
2.154053479648021291e-05
2.141921574247963959e-05
2.140048050494038691e-05
2.120257439253843719e-05
2.115935359361266732e-05
2.108799252565864884e-05
2.098932315050097198e-05
2.096366856615102114e-05
2.088989202087227024e-05
2.068954340668023689e-05
2.063093464668816325e-05
2.052272992226235654e-05
2.043248526622235732e-05
2.031563736676266440e-05
2.024132444050077625e-05
2.011405381501935990e-05
2.003343934725280548e-05
1.994113561939632936e-05
1.992160301267210148e-05
1.989733117665143321e-05
1.981437627909132752e-05
1.977236685751900265e-05
1.963097785789576127e-05
1.968005953495006075e-05
1.957667610753202812e-05
1.948876480748978706e-05
1.942472678177413917e-05
1.919784057230270038e-05
1.916670319333310064e-05
1.917323882100124491e-05
1.903440938260027253e-05
1.888197064051632421e-05
1.880263331756488863e-05
1.876599995376955794e-05
1.869217401078026886e-05
1.854622718080065907e-05
1.855037860543273779e-05
1.851315273156176305e-05
1.837834921967739237e-05
1.819205752945628760e-05
1.811546149461413521e-05
1.814431798181305504e-05
1.802945760015416959e-05
1.785321088964438076e-05
1.784636163927346396e-05
1.784413092745835920e-05
1.776791140296054238e-05
1.766894849025566066e-05
1.755573659756053166e-05
1.750559618853129537e-05
1.759647206742257584e-05
1.743007086619557586e-05
1.747818681245052308e-05
1.731641906227490691e-05
1.727996059621582012e-05
1.717895670658726366e-05
1.715017971494548065e-05
1.703867345180291138e-05
1.694618734579658769e-05
1.682009257754710427e-05
1.680870080261000332e-05
1.665839862991232864e-05
1.660589679189822298e-05
1.661799052754819127e-05
1.656273547332744777e-05
1.655311490272411747e-05
1.655997068253825302e-05
1.647197205329390451e-05
1.628889918497006747e-05
1.629448888483973272e-05
1.598604119095367910e-05
1.584285673394519563e-05
1.565546147628570070e-05
1.558834806558921272e-05
1.562927897077338106e-05
1.565620370354572100e-05
1.573263421668247855e-05
1.580252471927017587e-05
1.591809874747236646e-05
1.570179375908562495e-05
1.575674430703662756e-05
1.563564863552122531e-05
1.569045793164798859e-05
1.564099676265413448e-05
1.547014658964560664e-05
1.529730249745750548e-05
1.515463544789951434e-05
1.519323236118108594e-05
1.508602664337318773e-05
1.510586596410864835e-05
1.505240522990657374e-05
1.491526458101086521e-05
1.506092504081021864e-05
1.519013807799919268e-05
1.534758154660179573e-05
1.550517010460128770e-05
1.523982955884573195e-05
1.516763147018622048e-05
1.506654168830588234e-05
1.525006428914588391e-05
1.517425550198544657e-05
1.517789871751133038e-05
1.519596720676796212e-05
1.519652454982997721e-05
1.539158890160066031e-05
1.553883827154862727e-05
1.577942831850090191e-05
1.565347941936241164e-05
1.550784767023268113e-05
1.545261169018363328e-05
1.586990751447347811e-05
1.582292533984885519e-05
1.585971589969927158e-05
1.575523444031479465e-05
1.575278966799063560e-05
1.618795892690270602e-05
1.656792777033112038e-05
1.672909927331801583e-05
1.686201802148773991e-05
1.689619000991916773e-05
1.667837059107770426e-05
1.682794105851428021e-05
1.705030118183045989e-05
1.693194415145810698e-05
1.693823226103627325e-05
1.747245959258812966e-05
1.764331357513843052e-05
1.805010828272789222e-05
1.790630676128896894e-05
1.843071139756156436e-05
1.847214055927324435e-05
1.908556158869005896e-05
1.946715208551371646e-05
1.943355452972100574e-05
1.953079055466590733e-05
1.955781052133069491e-05
1.972238333404865881e-05
2.023680024944292486e-05
2.055531306627904242e-05
2.134008937487561251e-05
2.171949058103235389e-05
2.126400982878464527e-05
2.211393945854831146e-05
2.274995962863341501e-05
2.325202446989209937e-05
2.402532354076854562e-05
2.464691770435924206e-05
2.553067555559172000e-05
2.662622652299144062e-05
2.773187138169503694e-05
2.804108636612440099e-05
2.922843488224327599e-05
2.988556213013097613e-05
2.987772638650358823e-05
3.107169514565090229e-05
3.167113921053280620e-05
3.287396076571259498e-05
3.313187776476326368e-05
3.390783084144518227e-05
3.466364040456465425e-05
3.631715464799510499e-05
3.606410700668988484e-05
3.832754982744930421e-05
3.908438657515589962e-05
3.997697917621000839e-05
3.937100718561301868e-05
4.147486052711412118e-05
4.335197715147010239e-05
4.410928358601535506e-05
4.655521183339129309e-05
4.768465822056939824e-05
4.891217733066787913e-05
5.091215011292114713e-05
5.079770597842106955e-05
5.257329568111494085e-05
5.544024232250202106e-05
5.815088964262484471e-05
6.172428436539190470e-05
6.343987977961318848e-05
6.639078221642271728e-05
6.825553327914042699e-05
7.074520008597884660e-05
7.243233561725097769e-05
7.283543903656731762e-05
7.630498877231488611e-05
8.026203793489586412e-05
8.544059776653219120e-05
8.955620362318255929e-05
9.162179057345366199e-05
9.391358033895388815e-05
9.613127868241388844e-05
1.012577847222098838e-04
1.037167769307952464e-04
1.096513756586575667e-04
1.154603377489070307e-04
1.200327020201777536e-04
1.234744089842885648e-04
1.301626660464293725e-04
1.330132777660254534e-04
1.410556258846748815e-04
1.497859943879971184e-04
1.579954843026733170e-04
1.664459503429185732e-04
1.765681225103629323e-04
1.777040437854492160e-04
1.913470607208427922e-04
2.009263078002359356e-04
2.078851294831004495e-04
2.189758790923082489e-04
2.300882183638206879e-04
2.365707961654958018e-04
2.445941070014256741e-04
2.543995210847015262e-04
2.704911191191385804e-04
2.871100539708746789e-04
3.096679782322721655e-04
3.219111069450873090e-04
3.430665606502211252e-04
3.662521145278927197e-04
3.786557535480755405e-04
4.030405223672360181e-04
4.199627201464964875e-04
4.477499346049149424e-04
4.650024293415159029e-04
4.964178469517413527e-04
5.082030278745661937e-04
5.333144475192577727e-04
5.533914281039418103e-04
5.744017642293655461e-04
6.082269326375643048e-04
6.533262299368738750e-04
6.834114333687210966e-04
7.200742676454432610e-04
7.601128611010801598e-04
8.047777277758995590e-04
8.485956269055002247e-04
9.066849198441749450e-04
9.668558388377490164e-04
1.034728471940530659e-03
1.105647597646268812e-03
1.209463360288897706e-03
1.319144843363585957e-03
1.398664967324442752e-03
1.525556923510155462e-03
1.645584135103316838e-03
1.769694897838439921e-03
1.978173235725720798e-03
2.149897946255131982e-03
2.301588578442018921e-03
2.496323234344550654e-03
2.788447699498728359e-03
3.234594801429280502e-03
4.047227247705805116e-03
