1.118432833035164720e+00
7.853593006651853337e-01
5.049348702708217340e-01
3.232041889212283192e-01
2.384669005852009527e-01
2.163540191903113585e-01
2.100138063785096099e-01
2.087677902530589713e-01
2.086531640484500516e-01
2.086533446917374079e-01
2.086600873420991487e-01
2.086642330393246869e-01
2.086624866269685130e-01
2.086595041872204570e-01
2.086445157590221811e-01
2.086502649983917324e-01
2.086404609796794207e-01
2.086232858161605197e-01
2.086207003863658760e-01
2.085151660976453103e-01
2.084704597091111555e-01
2.084807155552574343e-01
2.084484483024133805e-01
2.084282815874942685e-01
2.084191667187678954e-01
2.084123001560788946e-01
2.084256053954737509e-01
2.083892961944183442e-01
2.083770678842946644e-01
2.083700492202647803e-01
2.083695827318437499e-01
2.083670418857096196e-01
2.083751251331951992e-01
2.083557761369837502e-01
2.083590301559875013e-01
2.083307531294890658e-01
2.083181644359714535e-01
2.083283029067761194e-01
2.082811492853418878e-01
2.083067315585860890e-01
2.082519757494455392e-01
2.082932182165520285e-01
2.082805296012015250e-01
2.082827007376069350e-01
2.082123305340473074e-01
2.081964584654934503e-01
2.081918867872517287e-01
2.081877755835180865e-01
2.081641826806197859e-01
2.081715421912867792e-01
2.081441583666103490e-01
2.081245860227649291e-01
2.081250799443003785e-01
2.081138626363458477e-01
2.080866066975697037e-01
2.079700894756644769e-01
2.079669625513565212e-01
2.079464280818800470e-01
2.079628587363785974e-01
2.079604292632424023e-01
2.079615920664227569e-01
2.079727769850774066e-01
2.079636348172397287e-01
2.079506110706774713e-01
2.079349847532818429e-01
2.079044057523899425e-01
2.079014542424095224e-01
2.078915462595738728e-01
2.078854597227436374e-01
2.078056809390201320e-01
2.077060943357980916e-01
2.076666782644577824e-01
2.076635845557838755e-01
2.076297164700690312e-01
2.076001346176140350e-01
2.074673570849278892e-01
2.074479582865444982e-01
2.074423678663711579e-01
2.073749717317415475e-01
2.074167232115367576e-01
2.074126562296713661e-01
2.074540348527778300e-01
2.074047691790461834e-01
2.073803463057837249e-01
2.074522472062380885e-01
2.073659710443962190e-01
2.073197793760936380e-01
2.071991740853378061e-01
2.071104214997584181e-01
2.071497483686404462e-01
2.070675784263369401e-01
2.070342121057777152e-01
2.068765138914885060e-01
2.067994219631623110e-01
2.067971883149361256e-01
2.067506742231067229e-01
2.067381596177763348e-01
2.066522284162735923e-01
2.066090609693292945e-01
2.065919242515098231e-01
2.065598343618433030e-01
2.065273937458757814e-01
2.065311670734839289e-01
2.064786251934681571e-01
2.065080066234376566e-01
2.064437652359594477e-01
2.064232037241417184e-01
2.064107196693160118e-01
2.064282613424956447e-01
2.063187427672369123e-01
2.064258798285249497e-01
2.063896464517609164e-01
2.063405721048337804e-01
2.062735535573038126e-01
2.061479409206809776e-01
2.061186601813500552e-01
2.060271861109913283e-01
2.059461515413206767e-01
2.058860559868164741e-01
2.058904830283527776e-01
2.058832953796539134e-01
2.058589075395529933e-01
2.058809546334213203e-01
2.057606986878502686e-01
2.057148601351309891e-01
2.056561265991146137e-01
2.056109217649891019e-01
2.055802006918533986e-01
2.055546975880883087e-01
2.054799854667160586e-01
2.054098981978641214e-01
2.054066413102659805e-01
2.052823265870782066e-01
2.052627508098660292e-01
2.051809124888283320e-01
2.051159700774088379e-01
2.051717290593605414e-01
2.051438454262980993e-01
2.050977567301444371e-01
2.051053091842943987e-01
2.051051948861982721e-01
2.051200002857402060e-01
2.050623433798793860e-01
2.050497080504115333e-01
2.050696128813684904e-01
2.049457126782466276e-01
2.049303032216560627e-01
2.049498624922797274e-01
2.049050085995658133e-01
2.048244222563712080e-01
2.047644974277280649e-01
2.046893508189671917e-01
2.046314346774477932e-01
2.045892757928706174e-01
2.045744666370550024e-01
2.045134201408186636e-01
2.044108133422154749e-01
2.044358689656571582e-01
2.043705467200979953e-01
2.042491472139127129e-01
2.042384931338941112e-01
2.041813853032828918e-01
2.041579286319907816e-01
2.041207317189056569e-01
2.038856974755286489e-01
2.038383267737724491e-01
2.037408657001621437e-01
2.036989996376188383e-01
2.036782298150061621e-01
2.035608905571959781e-01
2.033661078116593413e-01
2.031990094643896239e-01
2.031438203512558327e-01
2.030333321001625002e-01
2.030709366820573902e-01
2.030379875191218042e-01
2.029694818668199563e-01
2.030136398472209280e-01
2.028943736878936754e-01
2.028082399196357022e-01
2.026661538326970102e-01
2.026548431358961289e-01
2.025298628893950070e-01
2.025969104170165236e-01
2.026469035445794820e-01
2.026072356652991457e-01
2.022817474235431845e-01
2.021584975439015552e-01
2.020547933394517548e-01
2.021394043177393851e-01
2.021351840668203781e-01
2.019872591366180803e-01
2.020177526490030961e-01
2.018095650532088781e-01
2.017048007046073343e-01
2.015362520929638301e-01
2.015587640304470629e-01
2.014802780226694900e-01
2.014387159527283311e-01
2.013051639426937656e-01
2.012612015910979490e-01
2.011268816045965191e-01
2.010277785242398085e-01
2.009811024517734745e-01
2.008027327256556582e-01
2.007003501233942666e-01
2.006823419168413669e-01
2.005851093776048200e-01
2.003863404002577675e-01
2.002012539000262437e-01
2.003105602038856015e-01
2.002384910039122778e-01
2.001141655981246992e-01
2.002187113274317143e-01
2.001161969458735979e-01
2.002176909738978827e-01
1.998919249255524944e-01
1.996238493664866387e-01
1.994638790422894048e-01
1.994167372360357016e-01
1.992008580224369496e-01
1.991962675980294972e-01
1.990862554536814710e-01
1.990387571233276365e-01
1.990410701192391052e-01
1.990985721439842149e-01
1.991111596858161914e-01
1.989259463367284153e-01
1.987643763723148105e-01
1.985891660030124073e-01
1.985548622125900553e-01
1.985158411079464835e-01
1.984632312724531333e-01
1.982196662851769542e-01
1.982833491002831128e-01
1.983353291707615762e-01
1.981719042913544782e-01
1.980313432248959338e-01
1.978325667631339602e-01
1.977663544078898106e-01
1.976409941504048973e-01
1.975972613264786459e-01
1.974642822175507739e-01
1.972937479460580013e-01
1.970693831918806371e-01
1.966892674644943051e-01
1.967825432583414913e-01
1.964677893349567050e-01
1.964851886077159937e-01
1.964174452105322266e-01
1.961369825969616620e-01
1.961602144443001794e-01
1.958808906355916646e-01
1.958686260640146171e-01
1.958605333145279626e-01
1.959192326734249534e-01
1.957694015302877399e-01
1.956770732555132286e-01
1.956229230150555720e-01
1.954777080171394565e-01
1.952883602175570776e-01
1.949971441417061579e-01
1.950167713972597305e-01
1.947460439224311390e-01
1.945326924204843211e-01
1.942209324800825698e-01
1.942393885076370008e-01
1.941822872854166715e-01
1.940163873757852486e-01
1.937824429794541836e-01
1.936222004596913071e-01
1.934481037826003003e-01
1.936815075684290288e-01
1.934289571370080285e-01
1.930780082813754184e-01
1.928760209761362365e-01
1.929171847835754183e-01
1.924144700035538280e-01
1.924199456067642311e-01
1.921970807117934499e-01
1.918549591535028132e-01
1.913591412747434051e-01
1.912044818564130333e-01
1.912361845978222397e-01
1.909500591965742067e-01
1.908114444913452390e-01
1.905667853158362346e-01
1.903278432875502024e-01
1.903406260020197305e-01
1.900376713835628395e-01
1.897283434869552754e-01
1.895399852382274597e-01
1.895521568905788323e-01
1.890340005706196147e-01
1.888706249671151804e-01
1.885880016458821307e-01
1.885364660510786272e-01
1.881570196237104808e-01
1.877654313167069766e-01
1.874067934410306446e-01
1.873045178311084635e-01
1.874420376008439915e-01
1.870963920860479468e-01
1.871120077174842911e-01
1.866059540517697735e-01
1.865175265410154160e-01
1.860788834670701331e-01
1.859289984730741752e-01
1.858495891322715921e-01
1.855570632657822794e-01
1.853090914296245395e-01
1.849638320366579214e-01
1.846894923231127972e-01
1.846109821380547966e-01
1.843014048675538086e-01
1.839492963842085937e-01
1.838141591570695843e-01
1.833206142518230553e-01
1.833399323769499822e-01
1.832861510797484106e-01
1.831058820659343389e-01
1.826038689510706137e-01
1.822053125314543609e-01
1.822286888042187192e-01
1.821151993228045662e-01
1.817297809294425859e-01
1.815901532207276070e-01
1.810347841603298091e-01
1.809368492856399113e-01
1.808103279293769572e-01
1.805188701983016231e-01
1.801971199841556903e-01
1.798607092323955825e-01
1.797199539581196825e-01
1.792363611983116556e-01
1.788944939071290263e-01
1.787725294342344395e-01
1.782751455730925694e-01
1.778989327797993181e-01
1.773231719281807006e-01
1.769409858614209852e-01
1.768856985662380643e-01
1.762139190104596853e-01
1.763001948808152475e-01
1.760665918235561067e-01
1.755270371212028502e-01
1.752328243167207977e-01
1.753642250311047701e-01
1.750650982453296201e-01
1.746621589842106415e-01
1.739951416675047102e-01
1.736438046320960549e-01
1.733248389949448298e-01
1.728704909908026499e-01
1.722022275084042209e-01
1.725331752049474310e-01
1.718447878253704098e-01
1.714032142093947775e-01
1.707762760947140190e-01
1.708405579082664105e-01
1.706707454682212799e-01
1.698672811907545599e-01
1.696477635076734658e-01
1.693905821033303005e-01
1.686224480060068975e-01
1.684291419343798002e-01
1.685337892664214854e-01
1.682507281228938778e-01
1.679598596527329957e-01
1.674784196455283147e-01
1.675059116960598282e-01
1.667304838967877401e-01
1.673168019805970907e-01
1.668229903815202919e-01
1.665583150431585724e-01
1.661813347015705655e-01
1.656567545090138205e-01
1.661235877860628152e-01
1.648178778555521584e-01
1.648023717001694255e-01
1.643748194109985461e-01
1.645410665480281365e-01
1.631793859350078590e-01
1.626876003876750187e-01
1.634324109472602704e-01
1.624982733332554219e-01
1.623382624985751643e-01
1.620737790599056094e-01
1.616824899209315103e-01
1.609835094881489070e-01
1.602502457881946618e-01
1.603455855657558993e-01
1.604928915931893019e-01
1.596908333340621988e-01
1.590103285037092196e-01
1.585618085391809762e-01
1.581763006841002128e-01
1.576905197519113400e-01
1.576169678925658235e-01
1.569954056126379449e-01
1.564335077958579068e-01
1.566650814385524559e-01
1.564156314727597474e-01
1.573191146512161187e-01
1.569041977706956137e-01
1.576908846890713034e-01
1.576397522644494564e-01
1.560861467402069047e-01
1.553338570809324193e-01
1.554881813816138270e-01
1.553867370146434779e-01
1.545769838457032586e-01
1.546005173065941318e-01
1.555962785099364865e-01
1.564117790948792164e-01
1.562429515500381449e-01
1.567966377156932434e-01
1.570020433733015919e-01
1.568333692360676657e-01
1.565420204419854522e-01
1.562321002200072195e-01
1.569404679990485107e-01
1.566706534112537463e-01
1.575353793607825736e-01
1.597805088018734720e-01
1.606886768371014185e-01
1.615347199000685963e-01
1.624662607279968030e-01
1.630988836022375377e-01
1.652366771933725387e-01
1.666390929540960131e-01
1.669408717842289225e-01
1.674423618014523329e-01
1.688534479100805286e-01
1.701336498590125812e-01
1.707751369162644750e-01
1.718212928498013270e-01
1.702336911920977469e-01
1.719179349782831712e-01
1.724438624412830134e-01
1.761110413195342284e-01
1.777079902643343978e-01
1.791642067198107313e-01
1.827644738286300363e-01
1.839457808258974092e-01
1.875059525491050150e-01
1.885505665762634009e-01
1.905755727144670675e-01
1.917518837047399727e-01
1.948863022361542185e-01
1.970436484815752121e-01
2.005080857074191258e-01
2.015858607850228024e-01
2.051449883224594206e-01
2.099203291306022678e-01
2.142908988330974873e-01
2.203021248340911453e-01
2.240197998098339693e-01
2.280945278617814986e-01
2.307755141637654051e-01
2.362749737411113660e-01
2.403877612554257415e-01
2.454807160854951820e-01
2.516987084106098171e-01
2.545647662307719550e-01
2.599337875515373431e-01
2.659395912704446419e-01
2.717969604297170161e-01
2.767354469595170730e-01
2.814153536252164689e-01
2.917221448352460000e-01
3.015155774516115605e-01
3.102503617521725765e-01
3.201933418844047363e-01
3.318805820425426156e-01
3.369442786026328185e-01
3.425887287115973456e-01
3.530197650154522915e-01
3.587628349015323237e-01
3.681273988666123875e-01
3.778852496371567504e-01
3.931947117081504572e-01
4.046776769003940233e-01
4.180764040187319730e-01
4.302499582954244506e-01
4.432069522262129246e-01
4.604447163972857915e-01
4.705845830849200162e-01
4.896593277374358122e-01
5.077144032219915726e-01
5.297287695515361383e-01
5.521234032630022437e-01
5.864379102634561525e-01
6.196936455351708117e-01
6.565990301577452337e-01
6.978831190825270925e-01
7.502302459613839902e-01
8.372336469035900341e-01
