1.492912436209222491e-03
1.591943618310543429e-01
3.232666685055444744e-01
4.874738081383339083e-01
6.501977852298302940e-01
8.155510050081647977e-01
9.797075822815918267e-01
1.139836024925825919e+00
1.335189577925767646e+00
1.535430825664060084e+00
1.734930492131707469e+00
1.937649295478756972e+00
2.140873722419428304e+00
2.343946462282012533e+00
2.543597815827752573e+00
2.742069380988379823e+00
2.939782510758565337e+00
3.137023725174706179e+00
3.334130106632540169e+00
3.521427390374097577e+00
3.716039362103396027e+00
3.918791873690021355e+00
4.121257865240257168e+00
4.320201345754922428e+00
4.523223523258138812e+00
4.726953573792415320e+00
4.929824064217528168e+00
5.131969827491789538e+00
5.331216682162614795e+00
5.530362412114719461e+00
5.727721605369354485e+00
5.924372925592924943e+00
6.122086055363099355e+00
6.317287921284941987e+00
6.511849330654866819e+00
6.692893735955286694e+00
6.892679922459310049e+00
7.091286320578210400e+00
7.284061193250673583e+00
7.486105831806219690e+00
7.683700982737876828e+00
7.886268099006826127e+00
8.089307130629832088e+00
8.289767481925357728e+00
8.484126641857837825e+00
8.678502655910103059e+00
8.872642712285337296e+00
9.072310919950851371e+00
9.266838621081191718e+00
9.460658449180451512e+00
9.652337804066721816e+00
9.846696963999189478e+00
1.004422469845166432e+01
1.023954454321202689e+01
1.043467899265472454e+01
1.063180222823231880e+01
1.082927940032545600e+01
1.102282956250811807e+01
1.121519993630565892e+01
1.141166586121156712e+01
1.160835088967469098e+01
1.179785606310837487e+01
1.199169274532744467e+01
1.218859687734781794e+01
1.238553471760775437e+01
1.257743317605128119e+01
1.276906196857816944e+01
1.296195482008912947e+01
1.316312304441571612e+01
1.335335294500028702e+01
1.354203226656438375e+01
1.373593636526260298e+01
1.392796965666441800e+01
1.411654785350979324e+01
1.430917103910416266e+01
1.449540651329909480e+01
1.468627687043557373e+01
1.487753487232716054e+01
1.506889399893746706e+01
1.526460148845294462e+01
1.545887637778647417e+01
1.565296587180234589e+01
1.584685311638077287e+01
1.603745380760063810e+01
1.622953766136182452e+01
1.642374513421620463e+01
1.661313232881138191e+01
1.679284525864858324e+01
1.698090097778055707e+01
1.717062525477148327e+01
1.735557981586257625e+01
1.754184899829707689e+01
1.772082034686363272e+01
1.790730863285537211e+01
1.810095991975681429e+01
1.828997632371674698e+01
1.848130174208756316e+01
1.866821138107405886e+01
1.886410426590725820e+01
1.905666003502251726e+01
1.924304719629560267e+01
1.943164224726085720e+01
1.962291710327229310e+01
1.982101787779764024e+01
2.000521400349837009e+01
2.019741583609809155e+01
2.039037610408826140e+01
2.057005532568595996e+01
2.075954364499992622e+01
2.094082400797740817e+01
2.111064356949946941e+01
2.129854760155342319e+01
2.149046291411678311e+01
2.168108045945651696e+01
2.186337206962124924e+01
2.205311320073204939e+01
2.223643291220381002e+01
2.241429188886446866e+01
2.259911161699732318e+01
2.278330774269806014e+01
2.296875107326305709e+01
2.315301461544292394e+01
2.334086808513751521e+01
2.353050809152957257e+01
2.371220980750176821e+01
2.389817561578015770e+01
2.407234354020736689e+01
2.425734866365787568e+01
2.442733676637779539e+01
2.458062243638836364e+01
2.473759915863241332e+01
2.492978413711234253e+01
2.511133416600647195e+01
2.530358656096560566e+01
2.547923764793412005e+01
2.565655729276156549e+01
2.582838249453830315e+01
2.600187625417397896e+01
2.618804431188984339e+01
2.637289774826226108e+01
2.655534104550510932e+01
2.674737433690696875e+01
2.692371644278676257e+01
2.710061473461955472e+01
2.726674324390813453e+01
2.745929901302342202e+01
2.764996712072248286e+01
2.782334290151968048e+01
2.800828060849107715e+01
2.819134750816603585e+01
2.837861108366806917e+01
2.857049268799185882e+01
2.875066067906338318e+01
2.893379499521751796e+01
2.912274398269827458e+01
2.929901867209891719e+01
2.945488302243696666e+01
2.964261851329304776e+01
2.980925264617527759e+01
2.998604981328930208e+01
3.016404362290822050e+01
3.035046449242089039e+01
3.052859313499813965e+01
3.068472715125281525e+01
3.082377109004297822e+01
3.099719743319950993e+01
3.118403965570687575e+01
3.137233133251596939e+01
3.153535868376366480e+01
3.170010515522970351e+01
3.185652569152078328e+01
3.200537872802725303e+01
3.215347332914331702e+01
3.230918599240327893e+01
3.249724171153532382e+01
3.267361752565469146e+01
3.284520676975441233e+01
3.303361642540197352e+01
3.322160472805487785e+01
3.339275576504012832e+01
3.356918214151884428e+01
3.370930474397546561e+01
3.386068589845007182e+01
3.404476404531229861e+01
3.422525226465975834e+01
3.440548767221044812e+01
3.457296451108204138e+01
3.474007055931835453e+01
3.491504748149533555e+01
3.508333331811672195e+01
3.524148982874588398e+01
3.542504549789468626e+01
3.558379190271641335e+01
3.574134166503321808e+01
3.593317270699764521e+01
3.609631803708376907e+01
3.625899145181595173e+01
3.642560873057837512e+01
3.660581042988930989e+01
3.675176455779240570e+01
3.690103894729345768e+01
3.707185290188292726e+01
3.724900400551243251e+01
3.742082920728912399e+01
3.760470510471385097e+01
3.778044046228115604e+01
3.796938944976187003e+01
3.816031036925771502e+01
3.833012993077964836e+01
3.850810688627876743e+01
3.866087007857591828e+01
3.880621745816657864e+01
3.896619421373264203e+01
3.913040135336541425e+01
3.931016484556196389e+01
3.948337208516125685e+01
3.964484885738846032e+01
3.979867385923214584e+01
3.997516765218998103e+01
4.012873984223689661e+01
4.029308181482801388e+01
4.048122180455892760e+01
4.065018180597172659e+01
4.079982698610817948e+01
4.095724191546671022e+01
4.112601652156178034e+01
4.127802127846853608e+01
4.145429596786909343e+01
4.162807624754110947e+01
4.178972156096621404e+01
4.196397375599229917e+01
4.214560805548527611e+01
4.233479300064301754e+01
4.250351704437885303e+01
4.267546022499400493e+01
4.283176278244648216e+01
4.299792499997459316e+01
4.318523913783597123e+01
4.334771030313059725e+01
4.349828245985539610e+01
4.365448389258914119e+01
4.382496076478280145e+01
4.401682551498674201e+01
4.420601046014449764e+01
4.435090277850093088e+01
4.449163212926983846e+01
4.463443453677261630e+01
4.479397308522433718e+01
4.495322511363957574e+01
4.510814563326950832e+01
4.526815609707522725e+01
4.544043636008618137e+01
4.559950299318379052e+01
4.575914266635425776e+01
4.591603511799925030e+01
4.607510175109698025e+01
4.625232027120561185e+01
4.642109487730078143e+01
4.657795362070621792e+01
4.675358785355483349e+01
4.693884578880215486e+01
4.711847444804051577e+01
4.729372103613399503e+01
4.747493398263226538e+01
4.765682109392201227e+01
4.782141587830994922e+01
4.798033082432949925e+01
4.813405470145443132e+01
4.826989635748508078e+01
4.841042345881662357e+01
4.857346766418400819e+01
4.874534342832014744e+01
4.891238206007716371e+01
4.908041508490168070e+01
4.924433570449804876e+01
4.940923386304206844e+01
4.958958724943119023e+01
4.976970467814330590e+01
4.993546239679648124e+01
5.010462464764673740e+01
5.025093271206529266e+01
5.039326320421401562e+01
5.055310512682191870e+01
5.071758193237125312e+01
5.088436775233152076e+01
5.106608632242334522e+01
5.124022053861099835e+01
5.142945604612803834e+01
5.159597220017164432e+01
5.175985911152853447e+01
5.194589233628593661e+01
5.211729618506795703e+01
5.227519988390022121e+01
5.242905859398347701e+01
5.256833849045074203e+01
5.272278709472659131e+01
5.288638748604709150e+01
5.304975191969043635e+01
5.321449839115645375e+01
5.336373907241797809e+01
5.351193479825270316e+01
5.366243953849832593e+01
5.383119729047362512e+01
5.399936514825655820e+01
5.417282519965263532e+01
5.433983012316997474e+01
5.452288016872503107e+01
5.470946957943549194e+01
5.489164321076155773e+01
5.505874925899789218e+01
5.523497338603900175e+01
5.541972569769265533e+01
5.559498913990599078e+01
5.576408397427709218e+01
5.591423477800722708e+01
5.607296432870903402e+01
5.623604224231618076e+01
5.640742923697828815e+01
5.656079917758775366e+01
5.672241078277329507e+01
5.690040459239214243e+01
5.706245440469212582e+01
5.721403780860408261e+01
5.736292455335019014e+01
5.751440683254350716e+01
5.768072073714971992e+01
5.783178166334817405e+01
5.801805084578271021e+01
5.818926929924703728e+01
5.834742580987612826e+01
5.852070046595453334e+01
5.866908158710698018e+01
5.884009779113385719e+01
5.902001297040841621e+01
5.919333818884631171e+01
5.936184312902474147e+01
5.953240427181739847e+01
5.969676309852827245e+01
5.986745907427925317e+01
6.004482928146592258e+01
6.020101386008005306e+01
6.035406357241355835e+01
6.051719204837990418e+01
6.069039928797899108e+01
6.086990996837877788e+01
6.102791479192979551e+01
6.117498129173876720e+01
6.132784560875457913e+01
6.147176038816328258e+01
6.162373143683033305e+01
6.178782059762463064e+01
6.196787060985748496e+01
6.215102178013126633e+01
6.231669522818557283e+01
6.248260463391684283e+01
6.265070507522056431e+01
6.281877180828463025e+01
6.299307456567007790e+01
6.315549516860533430e+01
6.330197177422173382e+01
6.345097649780618809e+01
6.362844782971170332e+01
6.379526735791166914e+01
6.396780043271931504e+01
6.412720414821272641e+01
6.430443952244117156e+01
6.447611303713976838e+01
6.463391561125332885e+01
6.479084177113789167e+01
6.495921187835816113e+01
6.512498645113115003e+01
6.530512073396293715e+01
6.548951910910115259e+01
6.566424321948123577e+01
6.583278186789937081e+01
6.599350020473620759e+01
6.615460618632812384e+01
6.630162212377767617e+01
6.644921110130002262e+01
6.659374948314091114e+01
6.674914191812479203e+01
6.691891091728746233e+01
6.708064050131143574e+01
6.723050478500509541e+01
6.739631306601764038e+01
6.755937412550484567e+01
6.771633399362906403e+01
6.787599052091928797e+01
6.802169183702541488e+01
6.818038767948775103e+01
6.835576910053954691e+01
6.853018983676349762e+01
6.870597575669033574e+01
6.888026165995593431e+01
6.904097999679267161e+01
6.920699052724272349e+01
6.935874247235277323e+01
6.953363512393065093e+01
6.969366244185614789e+01
6.986282469270648221e+01
7.002748689357346734e+01
7.019936265770958528e+01
7.037297439618377837e+01
7.054747940300669029e+01
7.071686075741416744e+01
7.088676458953506199e+01
7.106536514746623823e+01
7.123533639606644385e+01
7.139930757802201811e+01
7.156919455602320568e+01
7.172529486403820442e+01
7.187994571775152508e+01
7.204649558003485765e+01
7.222106800333682486e+01
7.239117408489521210e+01
7.256080825109953025e+01
7.272223446096751331e+01
7.289143042005734685e+01
7.306207583344891532e+01
7.321070976639785499e+01
7.337988887136796734e+01
7.354736571023950376e+01
7.370783123527947112e+01
7.387898227226466474e+01
7.404517819803223233e+01
7.420387404049445479e+01
7.436637891402889977e+01
7.453818726168580611e+01
7.469181001409199894e+01
7.484089900827535757e+01
7.499871843650862502e+01
7.516880766394707791e+01
7.534213288238483130e+01
7.552535146913803032e+01
7.567610902118035199e+01
7.584432744132250548e+01
7.601027055529335996e+01
7.616787087996961247e+01
7.633875225103804496e+01
7.650570661219587976e+01
7.667333513814573109e+01
7.683690182122654733e+01
7.699780555338105614e+01
7.716873748680890799e+01
7.733518622437337342e+01
7.751663512854865701e+01
7.768328611555044461e+01
7.784053250371130162e+01
7.800052611339727093e+01
7.816702541332101362e+01
7.833038984696433715e+01
7.849228797218637510e+01
7.864754557421204595e+01
7.881928650538948489e+01
7.897178003177027961e+01
7.914802101293120984e+01
7.932842496167974389e+01
7.949323884962470288e+01
7.965987298250682613e+01
7.982943973223210321e+01
7.999622555219215769e+01
8.016968560358837692e+01
8.033448263741368578e+01
8.050153812329061509e+01
8.066562728408474925e+01
8.083730079878333186e+01
8.098443471507152935e+01
8.114924860301647414e+01
8.132129290835074187e+01
8.148121910155715852e+01
8.165028022768871097e+01
8.181784133715923701e+01
8.198493053127555186e+01
8.215127814412161911e+01
8.231575494967066220e+01
8.248294526850580155e+01
8.262953985296073256e+01
8.279339305607803112e+01
8.296001033484040477e+01
8.311412185672062947e+01
8.328439647947664071e+01
8.344422154796487234e+01
8.361388942240857602e+01
8.377920893394750124e+01
8.395285438066105144e+01
8.412971896425423779e+01
8.428860020203421755e+01
8.446190856635236344e+01
8.462100890768944339e+01
8.478833405948307700e+01
8.495621539722947091e+01
8.511733823294092360e+01
8.528516900832813974e+01
8.545606723351654921e+01
8.561563949020786879e+01
8.577952640156458131e+01
8.594745830167039458e+01
8.611293660451218557e+01
