7.326605334258322333e-03
3.169092259503267488e-03
1.384797885043499103e-03
6.128480490157768275e-04
3.867615213547115241e-04
3.324651401304484733e-04
3.180461257305493956e-04
3.154111972949891359e-04
3.151948514749151843e-04
3.151858561750054029e-04
3.151811894220394043e-04
3.151697384392590853e-04
3.151630109804682482e-04
3.151567071296018652e-04
3.151498354127633007e-04
3.151427127146353823e-04
3.151233321428546135e-04
3.151150876323165857e-04
3.151078075948601440e-04
3.149899034568202092e-04
3.149448908011427553e-04
3.149381341042085448e-04
3.149271554274823558e-04
3.149161741924980367e-04
3.149076576951000540e-04
3.149040496969158186e-04
3.148901492605515255e-04
3.148815601884571275e-04
3.148660302834931242e-04
3.148554752279896169e-04
3.148409406063143413e-04
3.148135122369017085e-04
3.147951924090814355e-04
3.147841869694813200e-04
3.147715354498666681e-04
3.146655890272080278e-04
3.146579670550892524e-04
3.146373989794037582e-04
3.146106002792268229e-04
3.145951246258265103e-04
3.145795767321754154e-04
3.145652093841333984e-04
3.145587083289020898e-04
3.145519805619624554e-04
3.144231232621742117e-04
3.143994245149460192e-04
3.143856662451048546e-04
3.143786477883635092e-04
3.143667317705087227e-04
3.143433527503326557e-04
3.143148352309145955e-04
3.143017413549251062e-04
3.142900263028433681e-04
3.142769007378153870e-04
3.142613093321382244e-04
3.141920821028638716e-04
3.141792793725626696e-04
3.141654641959974346e-04
3.141527700526516864e-04
3.141368930556187838e-04
3.141276979061410641e-04
3.141012069255742301e-04
3.140815041217252302e-04
3.140609304162191788e-04
3.140391995364995802e-04
3.139947844449391301e-04
3.139622805546218387e-04
3.139042376178017863e-04
3.138983542069928470e-04
3.138001390922807543e-04
3.137384720028630475e-04
3.137039647561464190e-04
3.136786379062146278e-04
3.136430163590646076e-04
3.136204578140509608e-04
3.135006449500039698e-04
3.134546218324120708e-04
3.134266403767578643e-04
3.133806443507990472e-04
3.133598495259814413e-04
3.133407912174628095e-04
3.133068868099957291e-04
3.132895931210335854e-04
3.132636423925938031e-04
3.132276399781221609e-04
3.131845611619529400e-04
3.131354203424832898e-04
3.128690538013475619e-04
3.128082737009684963e-04
3.127644671291016109e-04
3.127024858719908498e-04
3.126630802467239502e-04
3.125670312905616446e-04
3.124487626070819222e-04
3.124219488138899330e-04
3.124033447569987167e-04
3.123688212529857977e-04
3.123168456290662648e-04
3.122818413939191379e-04
3.122319061150277903e-04
3.121887821366141824e-04
3.121379126310025454e-04
3.120941839179002886e-04
3.120826615808200053e-04
3.119836188178182743e-04
3.119425193859738481e-04
3.118963878169174518e-04
3.118658517121784693e-04
3.118334542235648150e-04
3.117839536183990832e-04
3.115940121603704739e-04
3.115579150011086934e-04
3.114737586373392459e-04
3.114160229574471019e-04
3.113202552852433781e-04
3.112711793091767275e-04
3.111999004316794268e-04
3.110836894439472210e-04
3.110319191365864188e-04
3.109748522938063256e-04
3.109140497267787640e-04
3.108585255246954946e-04
3.107782277872629543e-04
3.107145793831332333e-04
3.106387961646753823e-04
3.105696804495552770e-04
3.104821733426328364e-04
3.103886901539679752e-04
3.103240612134401384e-04
3.099831626550968058e-04
3.098642988555437463e-04
3.098475239233925479e-04
3.097717806005471724e-04
3.097029348784766318e-04
3.096075240208645617e-04
3.095221176461363313e-04
3.093665958256868495e-04
3.091674995013219806e-04
3.091076447892300181e-04
3.090592667003326456e-04
3.090047739538068976e-04
3.089539839822807413e-04
3.088878285485766842e-04
3.088190593319914672e-04
3.087219718929559535e-04
3.086775316493086557e-04
3.086266289969134152e-04
3.085024255222333840e-04
3.084102958408178365e-04
3.083111270316202723e-04
3.082290360637634998e-04
3.081743211409071416e-04
3.081166416437239276e-04
3.080761020497968451e-04
3.080110990774696605e-04
3.079231691930834117e-04
3.077784785675692874e-04
3.077056946238074979e-04
3.075430769848111240e-04
3.074245070340674447e-04
3.073314668271896863e-04
3.072427700268655641e-04
3.071414651918719812e-04
3.070247294637651965e-04
3.068054138940400815e-04
3.066352356930471994e-04
3.064742345807184502e-04
3.063329384606376855e-04
3.061286645578623739e-04
3.059646324796436775e-04
3.056284054496062434e-04
3.053382064330146671e-04
3.051199805418084647e-04
3.049170566822275233e-04
3.048596584242701732e-04
3.047618882961156649e-04
3.046806544915282378e-04
3.046119286814581110e-04
3.044660777693591848e-04
3.043344385525076942e-04
3.041829638753957405e-04
3.039376205695491447e-04
3.037192685104794592e-04
3.036247636693039601e-04
3.035431178078067268e-04
3.033774286429370280e-04
3.031494493813591718e-04
3.029143659685460972e-04
3.027594288016357388e-04
3.026357238008479163e-04
3.024464622784845866e-04
3.023018986439690169e-04
3.020855460000185320e-04
3.019003974656355653e-04
3.017982096715843342e-04
3.016605860581136412e-04
3.016014843970142817e-04
3.014846568104274189e-04
3.013720341422006233e-04
3.011180618140390890e-04
3.008096980916346013e-04
3.005926863396177597e-04
3.004260280503517682e-04
3.002898880341512843e-04
3.001921867357606045e-04
3.000804389635184071e-04
2.998522555755272416e-04
2.997284194221232537e-04
2.994676431578451622e-04
2.992648923310406417e-04
2.989012402925150694e-04
2.986947180381310254e-04
2.985845574359521199e-04
2.983810467532264682e-04
2.982070901533367133e-04
2.980799823930472040e-04
2.977668230553145307e-04
2.974032195613640563e-04
2.972244843372324422e-04
2.969906019056784709e-04
2.966461959453895987e-04
2.965060690989076769e-04
2.963235982459776880e-04
2.961023204552636350e-04
2.959110181720777679e-04
2.956575497894514378e-04
2.955013473764128338e-04
2.951733404563352441e-04
2.950166953858562608e-04
2.948244173882538506e-04
2.946707518518762448e-04
2.945069853503849873e-04
2.943723262016585056e-04
2.941444720286128466e-04
2.939311395067527636e-04
2.935725661275126810e-04
2.933209581528649552e-04
2.931272819777564257e-04
2.928087974733643959e-04
2.925135561840892318e-04
2.923724894970686911e-04
2.920195244840540307e-04
2.917592098528497746e-04
2.914274353987745159e-04
2.911429511044392234e-04
2.905000403099130277e-04
2.901840032756600966e-04
2.898056731404310580e-04
2.893767747218576724e-04
2.890617935151782781e-04
2.887232619738745124e-04
2.885287976337104097e-04
2.881601494154810515e-04
2.878793262504675591e-04
2.876168516066907434e-04
2.873757079884666052e-04
2.869264743927095332e-04
2.867369451175723121e-04
2.865059532545914146e-04
2.862924152023483084e-04
2.861231602836355374e-04
2.856122654906093983e-04
2.853787127007577080e-04
2.849484890943595593e-04
2.846281900949539242e-04
2.840301992231631430e-04
2.837406164267176575e-04
2.832309544535509542e-04
2.828580376248581796e-04
2.823857292467015054e-04
2.820789559100158076e-04
2.818094140395264579e-04
2.812142882863794230e-04
2.808901746146610576e-04
2.804318794026011805e-04
2.799623682874927068e-04
2.796827686287701792e-04
2.789859156902671413e-04
2.786947328265603516e-04
2.785309071179902386e-04
2.779920231469763781e-04
2.773119634334073004e-04
2.769160949207332095e-04
2.765149686966736050e-04
2.760980924506616671e-04
2.759031181491253888e-04
2.754531632949355638e-04
2.750732818203728385e-04
2.747543898669404269e-04
2.742523085796571094e-04
2.737048009230569822e-04
2.731310880563325954e-04
2.727405044452273371e-04
2.721110373241168441e-04
2.716556983068215336e-04
2.710750617858924448e-04
2.706300401230106564e-04
2.702338935146429027e-04
2.695514390393566090e-04
2.686872381801354835e-04
2.682487686915042860e-04
2.675889869626233092e-04
2.671772251964794182e-04
2.669132369241681885e-04
2.664491436576452783e-04
2.659944730197642826e-04
2.652832825781726135e-04
2.650106279481925613e-04
2.646319911741516328e-04
2.640739143951170557e-04
2.630679318094761169e-04
2.623467632599685187e-04
2.621520637795512814e-04
2.616913769555603928e-04
2.611977062003917435e-04
2.607096860165155944e-04
2.598964547884694367e-04
2.591960634144005785e-04
2.586132605952353174e-04
2.583331961167504654e-04
2.580928677073289707e-04
2.573028849721129495e-04
2.565167077368953833e-04
2.563029004034468161e-04
2.557767592617781632e-04
2.548565092749904793e-04
2.543158034414237634e-04
2.535724523754618286e-04
2.531436875850346432e-04
2.523627661326528770e-04
2.521222985191458950e-04
2.509959279012027649e-04
2.507863076396894060e-04
2.502968100450909039e-04
2.495704247076181519e-04
2.489029363053142153e-04
2.483898623859492286e-04
2.471867240443463305e-04
2.466038685935354998e-04
2.460525239071191528e-04
2.454246265156158086e-04
2.447605611899339949e-04
2.439018838622948582e-04
2.429460188453617009e-04
2.417513461644194863e-04
2.409880648607873180e-04
2.395052118786320894e-04
2.387027633952601251e-04
2.375746754751670645e-04
2.370575306448331320e-04
2.361517482108685157e-04
2.349208400841876600e-04
2.342000430947895106e-04
2.331187010029936489e-04
2.320374887002896961e-04
2.316924504707699832e-04
2.309151810368109702e-04
2.302157879914916959e-04
2.287906585114692136e-04
2.280116125698592269e-04
2.275462078469898291e-04
2.266112227972484400e-04
2.251447067430452289e-04
2.243318760325342513e-04
2.235698805003396997e-04
2.232955996915241773e-04
2.229578298889643793e-04
2.216080266878053503e-04
2.209458099712942791e-04
2.200177598781445968e-04
2.201044679038602890e-04
2.198729813222418078e-04
2.191887964251189042e-04
2.182813374181553933e-04
2.178115591014760460e-04
2.167072345337091148e-04
2.146977155128842064e-04
2.145662568408741627e-04
2.116631081321882987e-04
2.095136228123538119e-04
2.074586034623342938e-04
2.069967141992443496e-04
2.048281253116834724e-04
2.030098965375191444e-04
2.029786856862704383e-04
2.008571168676892235e-04
2.005393179500358596e-04
1.995952699472576921e-04
1.986272077426264537e-04
1.977642305432702509e-04
1.954812014761860570e-04
1.953862833123588187e-04
1.948395678484586395e-04
1.935735715997027894e-04
1.911441731984866923e-04
1.904943701477213210e-04
1.886296564415325329e-04
1.876110792928894371e-04
1.870364617427060444e-04
1.847371567400041986e-04
1.838676206043606464e-04
1.833914888750208213e-04
1.825842792010731893e-04
1.819079304046811196e-04
1.802961907201911960e-04
1.811195821513841039e-04
1.812836582740371598e-04
1.785620206066730815e-04
1.764885381040402572e-04
1.764358144818430410e-04
1.770990096708766547e-04
1.757932174742329737e-04
1.757137634509975735e-04
1.772885626261278165e-04
1.771938750080815847e-04
1.763752517853422954e-04
1.749120137553299593e-04
1.747150028218774534e-04
1.752002612174171118e-04
1.732887097064528248e-04
1.729258766643413964e-04
1.727682334724257287e-04
1.713756769392410495e-04
1.738956815049285006e-04
1.762651633140629775e-04
1.795256313958373199e-04
1.791904028703121402e-04
1.793825189124296929e-04
1.807532069256792778e-04
1.837043074500707479e-04
1.845429639861676874e-04
1.862739284433197944e-04
1.872385417116693626e-04
1.894718111393514626e-04
1.906752724192757630e-04
1.917835921300743598e-04
1.929226540696910616e-04
1.897492228907723423e-04
1.924366670607474716e-04
1.945535060898467394e-04
2.003677661139154043e-04
2.031082925972340606e-04
2.066457900860303298e-04
2.123914204521467925e-04
2.162993191078848752e-04
2.217752404063104291e-04
2.240073871779419410e-04
2.281033223885115923e-04
2.320379463607233621e-04
2.391350491388758500e-04
2.453557598362059427e-04
2.502637410846386690e-04
2.547342652122303280e-04
2.615199323292262878e-04
2.717940913458904940e-04
2.812939516623888178e-04
2.909113137382660324e-04
3.022804636010674060e-04
3.122524077854803553e-04
3.212480624371142875e-04
3.372114533540660061e-04
3.479099554583037083e-04
3.656719257788480348e-04
3.825288478165922478e-04
3.990985956072265906e-04
4.115340789948573343e-04
4.288021588898724965e-04
4.472104779576612107e-04
4.592133200419493046e-04
4.794614762594225066e-04
5.089587534546455728e-04
5.442486657605851135e-04
5.762509185181268400e-04
6.113398219543973635e-04
6.574839860617560580e-04
6.866777091388919342e-04
7.161059334485187595e-04
7.637616183293855854e-04
7.889091958962141451e-04
8.344023833254639658e-04
8.776216418826790402e-04
9.524731278198735138e-04
1.002031304229167915e-03
1.062400628189941057e-03
1.119914475195413033e-03
1.177264243422695544e-03
1.262785113734082041e-03
1.331755071194440972e-03
1.439035668036632923e-03
1.565482099820679918e-03
1.700885544906765830e-03
1.845768184021026300e-03
2.065032484037949111e-03
2.272280229516512352e-03
2.541918521850181339e-03
2.843406977387721250e-03
3.293404513696081108e-03
4.093952527879246052e-03
