1.000000000000000 0.078510461801232 0.000001191211156 0.013308795579038
4.854661236666667 0.381141695579238 0.000016995570060 0.048595754846931
8.709322473333334 0.683772929357244 0.000052887329221 0.083510912669443
12.563983710000000 0.986404163135250 0.000106993412057 0.122157946810270
16.418644946666667 1.289035396913257 0.000166587302484 0.153647250760300
20.273306183333332 1.591666630691263 0.000229523441421 0.182925275779393
24.127967420000001 1.894297864469269 0.000288185353663 0.204512382694742
27.982628656666670 2.196929098247276 0.000346679808224 0.225108061886361
31.837289893333335 2.499560332025282 0.000404323390385 0.248750356705496
35.691951130000000 2.802191565803288 0.000434262836540 0.260471135917007
