1.476337606038829575e+00
1.133510323732740854e+00
8.261959809260314147e-01
5.753995018896810310e-01
4.061977771585665864e-01
3.096248197153245729e-01
2.802616039915263313e-01
2.662107000230060638e-01
2.588263654189143503e-01
2.533387863002389828e-01
2.490155114974862138e-01
2.458434026278079054e-01
2.431069226942319805e-01
2.416416219812838329e-01
2.409806641442098774e-01
2.403444831286415395e-01
2.402772392799878143e-01
2.402998183704156410e-01
2.401939870240792918e-01
2.401627402659196331e-01
2.401926282536920032e-01
2.401609735774648813e-01
2.401659831265012812e-01
2.401599189237463572e-01
2.401561600704016641e-01
2.401564401766890233e-01
2.401358344125675559e-01
2.401533582685561330e-01
2.401285588126018389e-01
2.401332990763020148e-01
2.401370698853530494e-01
2.401190100127359173e-01
2.401213519755324710e-01
2.401146591841560873e-01
2.401174918109126033e-01
2.400978093967318094e-01
2.400310907389151815e-01
2.400315343828338943e-01
2.400115808991921673e-01
2.399966364668714991e-01
2.400519352108189952e-01
2.400273296324327565e-01
2.400046541956864787e-01
2.400015316743002447e-01
2.400090020689608916e-01
2.400230725993202918e-01
2.400153607058158611e-01
2.399889762010067040e-01
2.399931196488417351e-01
2.399760724836934589e-01
2.399529114674063546e-01
2.399313924062303482e-01
2.399211281268387175e-01
2.399520534054256637e-01
2.399370287249461831e-01
2.399061675381364833e-01
2.399141898031029452e-01
2.398786722066035271e-01
2.399304421604910587e-01
2.398958928936485990e-01
2.398728743341649317e-01
2.398803295036869565e-01
2.398292956166789558e-01
2.398138703296847085e-01
2.398338645768511301e-01
2.397762580677985922e-01
2.398012636057466895e-01
2.397984430914668619e-01
2.398045516528390375e-01
2.397867698626718613e-01
2.397880702112480111e-01
2.397834381944439486e-01
2.398066387793016396e-01
2.397766435009815456e-01
2.397818831172499332e-01
2.397564784998983956e-01
2.397126305548686331e-01
2.397059795277511618e-01
2.396724572377432194e-01
2.396638309198244055e-01
2.396524917669203281e-01
2.396217478022298064e-01
2.396087105823807573e-01
2.395876358064973621e-01
2.395915480179911794e-01
2.396053009635117081e-01
2.396082869265572790e-01
2.394526930474643878e-01
2.394287606251809253e-01
2.394401456233909709e-01
2.394099443003287753e-01
2.393907075947885599e-01
2.393881486955686810e-01
2.393434925555462112e-01
2.393609191161293059e-01
2.393615100806645302e-01
2.393486411406043624e-01
2.393245447224320588e-01
2.392838273637465929e-01
2.392476893010859473e-01
2.392644533729019751e-01
2.392926244409959990e-01
2.392452337966233800e-01
2.391923633122712001e-01
2.391552828610264969e-01
2.391602817973332573e-01
2.391425608376081813e-01
2.390554439813846743e-01
2.390984257061179175e-01
2.391010343809823191e-01
2.390881090466969450e-01
2.390978492765779839e-01
2.390978854866652736e-01
2.391117268671569540e-01
2.390763991407075517e-01
2.390829081830195546e-01
2.390676139276308176e-01
2.390241011293821605e-01
2.389773966443350939e-01
2.389695018487794920e-01
2.389130495023787382e-01
2.389328522359619733e-01
2.389119571621099447e-01
2.389155572348823087e-01
2.388927781853797394e-01
2.388649631142199525e-01
2.388408771184492574e-01
2.388433681762051342e-01
2.387809115883047506e-01
2.387727505139098094e-01
2.387426493067290045e-01
2.387154242392090786e-01
2.386665014264064688e-01
2.386731951464052537e-01
2.386745824549875161e-01
2.386470343121280535e-01
2.385815529302459659e-01
2.385529741710521456e-01
2.385721640837240587e-01
2.385737004419208607e-01
2.385064893089830496e-01
2.385030684450308580e-01
2.383914901388665963e-01
2.383281342908255551e-01
2.382475196444060472e-01
2.381940239070409193e-01
2.381840548223474185e-01
2.380933708592732345e-01
2.380974680905272867e-01
2.381444037537264469e-01
2.380597571482587771e-01
2.380717004997545405e-01
2.380593410795683873e-01
2.380127748996997972e-01
2.380174017698069855e-01
2.378822722565623327e-01
2.378930369964471214e-01
2.378124223177692786e-01
2.377609411869034406e-01
2.376681016164952642e-01
2.376792296150653516e-01
2.376293639820357406e-01
2.376077616882129040e-01
2.375735322178293418e-01
2.375623709558430663e-01
2.374905533678796365e-01
2.373998138765245070e-01
2.374035800167321464e-01
2.373642091844195279e-01
2.373189970471301369e-01
2.372842171771656350e-01
2.373178966621545816e-01
2.372860717251206175e-01
2.372643653537497010e-01
2.370789669741705519e-01
2.370135597866595001e-01
2.370069369588273245e-01
2.369685168867563807e-01
2.368817994972301777e-01
2.368227479400106250e-01
2.367017283855718801e-01
2.365429484625476975e-01
2.365697143148468296e-01
2.365104011917704974e-01
2.364242656599345183e-01
2.364057456009943103e-01
2.363589506605753288e-01
2.363732230488271580e-01
2.363585183216100338e-01
2.362246570328676298e-01
2.361957179903359794e-01
2.361196453228741332e-01
2.361148236051958671e-01
2.360735082843700428e-01
2.360480660680307763e-01
2.361352574190364595e-01
2.360348953152440754e-01
2.359721900503943259e-01
2.359161125107198942e-01
2.357826610620120111e-01
2.357064741213410197e-01
2.356229778383691076e-01
2.356585327453947221e-01
2.355467912110311146e-01
2.355380560633525966e-01
2.355410619225593583e-01
2.354116735143524930e-01
2.353544968456928455e-01
2.352261654393004164e-01
2.351691543282758423e-01
2.349843780345828304e-01
2.349698909893071508e-01
2.348324326298455444e-01
2.348326165624527451e-01
2.348601841760167008e-01
2.348557987438812666e-01
2.348324983780638586e-01
2.347488285045685741e-01
2.348085386952450948e-01
2.346197814219407596e-01
2.346547600978641790e-01
2.345855258228312923e-01
2.344921271486979375e-01
2.343284307122117938e-01
2.342286170228660147e-01
2.340834990676701477e-01
2.339789477299300813e-01
2.339718723699364678e-01
2.338118994391261973e-01
2.337576013671027186e-01
2.335914717688932496e-01
2.336184355128211321e-01
2.335815053070128822e-01
2.333699304937789099e-01
2.333992715883908553e-01
2.334251546206404793e-01
2.332500452046909478e-01
2.330827951208709892e-01
2.329786130899729468e-01
2.327444837436770109e-01
2.326081499327243840e-01
2.324824060180392948e-01
2.322913506109660353e-01
2.322853873908627409e-01
2.323243578281483923e-01
2.323545745806672169e-01
2.323144650330308814e-01
2.320772081166491974e-01
2.318282971945901383e-01
2.317411668990256302e-01
2.316509155123805674e-01
2.313681850282385544e-01
2.312899908311038810e-01
2.312218415223977197e-01
2.311463390911641935e-01
2.309393489859105641e-01
2.308211161368604047e-01
2.306525427993208477e-01
2.306720405263225637e-01
2.306984740610802942e-01
2.304392077458341237e-01
2.304191414865685017e-01
2.303809253158297377e-01
2.301691652977651825e-01
2.300627316976078807e-01
2.297489023408346986e-01
2.296102310074427666e-01
2.295341596270469853e-01
2.293941571922939737e-01
2.292814638161381480e-01
2.291025761818239748e-01
2.290449020011665615e-01
2.289723454825298432e-01
2.289088048471900061e-01
2.287319241989958229e-01
2.288238110808054893e-01
2.286035656337207234e-01
2.284311989038034507e-01
2.283698266537465826e-01
2.281287991545721261e-01
2.280285662230984445e-01
2.277764879893003636e-01
2.275395691168582146e-01
2.276022272413412151e-01
2.273677436077792824e-01
2.270317933585273840e-01
2.270686432548029432e-01
2.268446986673835486e-01
2.267072913829263070e-01
2.263700129007203132e-01
2.265167785473834738e-01
2.261023644108784425e-01
2.258660454575306675e-01
2.258178824495269965e-01
2.257568594202523093e-01
2.255864679483995383e-01
2.254042862921890322e-01
2.251250232036386134e-01
2.247698574291719931e-01
2.244407731651808791e-01
2.243521013388996010e-01
2.242138871276941336e-01
2.239973813408530356e-01
2.238471107950372463e-01
2.236306702894228227e-01
2.234232535045561352e-01
2.234086037288657844e-01
2.233117013566447706e-01
2.231384086145361545e-01
2.231241391548582087e-01
2.230874378154200088e-01
2.227375463387676613e-01
2.223661868523807705e-01
2.220369349643667722e-01
2.217990642659848632e-01
2.219479488358421793e-01
2.218628836078738731e-01
2.213843372125925690e-01
2.211371436777713473e-01
2.210703497958098618e-01
2.208019626881329023e-01
2.206652015306673487e-01
2.205500411105853487e-01
2.201138788615536468e-01
2.200151433114100885e-01
2.200070677518896622e-01
2.197224579069659567e-01
2.196301735496583307e-01
2.191564970115310040e-01
2.191813703697544635e-01
2.191302819223819587e-01
2.187182783870090241e-01
2.184018556669860833e-01
2.184420297688706436e-01
2.182016164028450500e-01
2.182027307321527942e-01
2.178923533407122470e-01
2.174155365903599202e-01
2.172829533896193099e-01
2.170197161209841130e-01
2.168226384983427402e-01
2.166075792003405720e-01
2.161282140832763154e-01
2.158718617740802703e-01
2.156414962864526830e-01
2.153428874091992962e-01
2.149590770732409395e-01
2.149196094304862970e-01
2.148771132478114743e-01
2.143198131279784868e-01
2.142252721757231249e-01
2.136123866862950083e-01
2.132566818501638317e-01
2.133003119954597349e-01
2.130749917041898089e-01
2.126426895193309907e-01
2.123035062675093232e-01
2.123179061164359727e-01
2.115592066310575392e-01
2.117309211858930673e-01
2.109314251043175603e-01
2.103912593847572232e-01
2.105205662426291036e-01
2.098415468616877388e-01
2.091579910377967533e-01
2.092904833352062233e-01
2.086512035995090886e-01
2.086048224749408320e-01
2.082983940719765892e-01
2.078206177837973179e-01
2.075140948709317257e-01
2.068812706678963276e-01
2.066878446379677159e-01
2.065051315792504893e-01
2.063639428376902174e-01
2.063734947005203824e-01
2.062002878698818431e-01
2.058167366109724949e-01
2.049628784774041868e-01
2.049274331486677092e-01
2.044079989337261871e-01
2.039595869535766604e-01
2.033400303479103721e-01
2.031103633274687903e-01
2.031826775230842763e-01
2.030207763782838903e-01
2.033418584132837825e-01
2.026124225970241666e-01
2.023222764420124220e-01
2.023421532101316034e-01
2.017396513537992875e-01
2.017596615026087392e-01
2.013155779577584514e-01
2.003190942462109714e-01
2.002216201998406053e-01
2.005989111977115325e-01
1.999356739955015783e-01
1.993336174047633802e-01
1.988534931391444660e-01
1.980705169059038262e-01
1.984435322888568609e-01
1.978793044661992517e-01
1.972904547145615528e-01
1.972841395840849443e-01
1.961513926078647385e-01
1.961062054426389589e-01
1.955074611547680807e-01
1.953739253270467269e-01
1.950248035021705795e-01
1.948554232131140262e-01
1.941670729643169002e-01
1.940122742536430633e-01
1.930675805032954773e-01
1.932185956018473705e-01
1.929799839743183421e-01
1.925387705314865194e-01
1.922496779764055475e-01
1.923364536976580053e-01
1.913857380298412680e-01
1.909013970551151906e-01
1.902349681457285724e-01
1.899807423858716204e-01
1.893897186907701480e-01
1.887624153771486901e-01
1.886898721854410876e-01
1.889047256447977385e-01
1.889045729459719047e-01
1.885304779581897794e-01
1.886313866846808240e-01
1.881448739796718062e-01
1.873440584343976090e-01
1.874365575943184314e-01
1.870041235593825901e-01
1.862698201317203595e-01
1.860011382295659599e-01
1.858758324375130444e-01
1.863253712248977290e-01
1.862949247780843198e-01
1.855811990536619938e-01
1.845213473690925365e-01
1.847850616933358059e-01
1.836663564668016835e-01
1.834149219496928884e-01
1.823405511395994327e-01
1.827975214583663077e-01
1.827504545849525652e-01
1.831651235948124068e-01
1.830501489434383511e-01
1.838557390308990513e-01
1.823102123523300810e-01
1.819594422212706120e-01
1.811470867551107367e-01
1.814106452048120099e-01
1.825622322509027062e-01
1.824903347425848310e-01
1.825408488784923677e-01
1.821547665927327475e-01
1.831001711395593701e-01
1.826522810290314991e-01
1.827542675728235366e-01
1.829252757793927708e-01
1.851109683630808855e-01
1.870974005410948604e-01
1.874496755058886466e-01
1.877715172855886627e-01
1.884836672319528672e-01
1.889461458172660147e-01
1.904913472813554443e-01
1.917196934041308920e-01
1.940969353878291004e-01
1.948775311885266037e-01
1.975236622028296862e-01
1.984595633810408155e-01
2.008724758664995336e-01
2.025079901366617363e-01
2.033679174714399795e-01
2.022157954498228771e-01
2.051519332391822936e-01
2.078006545844664765e-01
2.094327103111057742e-01
2.114910153079072042e-01
2.130822706388368071e-01
2.159608222124390076e-01
2.193299327149636491e-01
2.226481501840488209e-01
2.255629992422187591e-01
2.315543478823076373e-01
2.334931628826050765e-01
2.357066272550560893e-01
2.373615459559990648e-01
2.393180199599800606e-01
2.442702252264551677e-01
2.461024812699038611e-01
2.504159449012977046e-01
2.542132797999896443e-01
2.620877528316645222e-01
2.677799993510098786e-01
2.763972256772976865e-01
2.825571534460193379e-01
2.895303370765722195e-01
2.925199958665095079e-01
3.024581705749866956e-01
3.075601464941328245e-01
3.158168308814560121e-01
3.232878556734962161e-01
3.306907381916041055e-01
3.360961614652597240e-01
3.446068565024141828e-01
3.483973922711358640e-01
3.659508428284032333e-01
3.732482557477008189e-01
3.820409286829549167e-01
3.909520242524003875e-01
4.056258024897766434e-01
4.204893692168103492e-01
4.337841923190377535e-01
4.481659344899184272e-01
4.673407333480750769e-01
4.814663287397498159e-01
4.985398580255331336e-01
5.123435774256767106e-01
5.366478567967545299e-01
5.618626179545604948e-01
5.891879527170684749e-01
6.106045526677960078e-01
6.479967847821247462e-01
6.848710636310045841e-01
7.304118890187397684e-01
8.035677214663018431e-01
