1.491927471470239682e-03
1.604051734178947586e-01
3.212320367237830321e-01
4.838878440546455773e-01
6.480508367394234304e-01
8.139072961139913742e-01
9.804580768313730932e-01
1.144248506844396163e+00
1.308411499529172239e+00
1.475521124254184580e+00
1.641767080967404091e+00
1.809147660362783849e+00
1.975783114414655151e+00
2.141233141783672522e+00
2.307343621161708658e+00
2.486392186049747988e+00
2.674433059060578710e+00
2.873481465555053571e+00
3.067178517309786301e+00
3.263568181101291543e+00
3.459365131551361827e+00
3.658294995377551651e+00
3.855108025841498254e+00
4.051311408297116223e+00
4.246972881412005130e+00
4.443650434540768579e+00
4.638634520979739051e+00
4.832822678074517597e+00
5.025960885821620927e+00
5.223265021625617344e+00
5.416962073380354070e+00
5.611675205148954682e+00
5.811959842326984926e+00
6.012887996847122274e+00
6.208261580624751197e+00
6.402178783049152777e+00
6.588356842701212912e+00
6.789030977217877627e+00
6.984607776998282169e+00
7.176950055401176698e+00
7.373255045858186918e+00
7.569678578983480399e+00
7.763324826737514783e+00
7.959477405192444621e+00
8.159965258373240715e+00
8.355745274156415547e+00
8.548104487226211745e+00
8.740836262967762949e+00
8.940900749476105247e+00
9.133581721216975424e+00
9.324501487600445060e+00
9.510645677918709850e+00
9.702717001651233630e+00
9.895770536063851708e+00
1.008465814241958292e+01
1.027772861149909112e+01
1.046956284989506791e+01
1.066178658562968984e+01
1.085368856269324134e+01
1.103863039166176030e+01
1.123486764345118338e+01
1.142692203251681349e+01
1.162041586826877371e+01
1.181208075999576046e+01
1.200069741168111648e+01
1.218961888737064925e+01
1.238626257116563067e+01
1.257303334415913376e+01
1.277174305731565340e+01
1.297309457850825254e+01
1.316731660493683620e+01
1.335828717532100640e+01
1.354432975763786651e+01
1.372629108523235431e+01
1.391404406890592860e+01
1.410770725132685754e+01
1.429681500835226338e+01
1.447713367325763301e+01
1.466036510086946265e+01
1.484813501920993772e+01
1.503419453619371282e+01
1.522865364795884702e+01
1.541522120494956027e+01
1.559542132718664931e+01
1.578476616954863054e+01
1.596522031178917977e+01
1.614525108735730896e+01
1.632958326831749929e+01
1.651967323602299942e+01
1.670564807967227239e+01
1.688938754729102598e+01
1.707639540562107783e+01
1.726126949592201143e+01
1.744524604887734043e+01
1.762419300576397418e+01
1.779191227849732115e+01
1.797355184742072609e+01
1.815483578833923417e+01
1.835134399479901646e+01
1.853740351178276313e+01
1.873336980890177372e+01
1.893265530073276182e+01
1.912316863511069798e+01
1.930599363071698349e+01
1.949613440242309181e+01
1.968121170872674597e+01
1.986373188032886716e+01
2.004923255330496090e+01
2.024066035969536870e+01
2.041379872583600985e+01
2.060910457094597348e+01
2.078361464510538781e+01
2.097184179945205784e+01
2.114904448564823625e+01
2.132296184646615345e+01
2.150013066332851253e+01
2.169745173379933334e+01
2.188884567085592181e+01
2.207451569050104823e+01
2.225422470739805902e+01
2.243120724292458235e+01
2.261023887314566139e+01
2.278383447529259342e+01
2.295739620810570614e+01
2.314391296109568685e+01
2.333567946082409605e+01
2.352045194312356458e+01
2.370734125878534115e+01
2.389848117583843745e+01
2.408592933550780302e+01
2.426287800170048570e+01
2.445134224138377022e+01
2.464614004648682410e+01
2.483282614614582329e+01
2.501544792574934206e+01
2.519647784666440415e+01
2.538009877161485051e+01
2.556250040054864670e+01
2.573015193461439765e+01
2.591118185552948106e+01
2.609754619651741692e+01
2.628560400419513599e+01
2.644886945953426860e+01
2.660793511748276430e+01
2.676386786205515378e+01
2.694186647759553921e+01
2.711805308377784840e+01
2.728192818712533096e+01
2.744897007318274618e+01
2.761926341528457840e+01
2.777871857057171923e+01
2.794413472860694014e+01
2.813087163226657950e+01
2.831461109988532954e+01
2.850668242361786398e+01
2.869545148730528794e+01
2.888845421771723210e+01
2.908172790279943953e+01
2.926995505714613799e+01
2.945250909808206075e+01
2.963382690833446631e+01
2.982308707736192588e+01
3.000692815298208060e+01
3.018900802324480281e+01
3.036770096012798703e+01
3.054461575698689657e+01
3.072698351658694094e+01
3.091549856027087273e+01
3.109198999045731782e+01
3.125781258049812905e+01
3.144482043882809563e+01
3.163093075981258906e+01
3.180220631259447472e+01
3.196105181987328336e+01
3.211532496708966988e+01
3.229002132258490576e+01
3.248131365164017836e+01
3.265941387518186190e+01
3.284440650815106011e+01
3.303088939180731387e+01
3.318882042707363667e+01
3.333770835021650925e+01
3.349751913350852561e+01
3.366085232751528622e+01
3.384565867914858472e+01
3.401180302786041665e+01
3.419806576084698690e+01
3.437784251641157596e+01
3.453916048505747227e+01
3.470195176972350026e+01
3.487094114247420862e+01
3.505473141409367344e+01
3.523103656294421882e+01
3.541208341852621544e+01
3.558574675934074349e+01
3.573431292381253854e+01
3.589617280179919590e+01
3.607998000808557038e+01
3.625181440487512674e+01
3.639877177599156255e+01
3.657155451412740632e+01
3.676247428051091504e+01
3.695434238824065432e+01
3.714446622527984943e+01
3.731001786065041159e+01
3.747682266137125850e+01
3.767060438646049647e+01
3.786038953016191044e+01
3.804536522846404267e+01
3.821135716517385816e+01
3.839235321675519685e+01
3.855690570677862183e+01
3.873934120504623024e+01
3.892226780865391333e+01
3.908866617736914861e+01
3.925982318748273059e+01
3.942600140552838894e+01
3.961167142517350470e+01
3.979837445949946328e+01
3.997486588968597232e+01
4.015489666525412105e+01
4.033545241549617089e+01
4.050403535624124629e+01
4.067505688901970728e+01
4.085623922193691016e+01
4.102214648531218444e+01
4.118964560737587988e+01
4.136522256554971477e+01
4.155129901720044927e+01
4.173944149821266336e+01
4.193108945527274756e+01
4.208954546521304962e+01
4.225375926189853715e+01
4.243360375613073643e+01
4.260152624486686790e+01
4.278524877781865854e+01
4.296257000668320813e+01
4.314476841961423048e+01
4.331397794303464366e+01
4.350352600139943604e+01
4.367595311153029058e+01
4.383937097887158529e+01
4.400080749018579240e+01
4.416835741625016709e+01
4.431446805402175215e+01
4.446250924381980241e+01
4.464560519409640449e+01
4.482314657363060206e+01
4.497929946887261821e+01
4.513303070674837869e+01
4.527319727643879332e+01
4.541935871821101500e+01
4.556374201995905082e+01
4.574287525818161981e+01
4.589213574399627049e+01
4.605966873539371420e+01
4.620074977709670350e+01
4.634078086945193320e+01
4.651131129689034793e+01
4.669779418054656617e+01
4.687391304806130421e+01
4.704513779684248220e+01
4.722745475244173008e+01
4.739630864785737430e+01
4.755611943114928408e+01
4.774050241611019629e+01
4.791137153688649875e+01
4.808667754039007036e+01
4.823702184488610811e+01
4.840690875498248857e+01
4.859310374930137044e+01
4.877968824095899691e+01
4.896440991925778263e+01
4.912974140395865419e+01
4.930174514741707981e+01
4.946975230948769564e+01
4.963013887145421421e+01
4.980950919501334084e+01
4.998163148114011989e+01
5.015598914329745384e+01
5.033681584820988775e+01
5.049149542743175090e+01
5.063464249849624110e+01
5.079543549246833578e+01
5.098511902816824204e+01
5.115951055965953742e+01
5.133449480449195335e+01
5.149728608915793870e+01
5.166722380325494157e+01
5.184517161479473657e+01
5.202427098368339387e+01
5.220697743662142898e+01
5.238130122944495071e+01
5.252988432858364121e+01
5.269047410655298336e+01
5.287043714345347212e+01
5.304250862557967849e+01
5.320111704752194726e+01
5.336531390954053933e+01
5.353486212629886865e+01
5.370779727643672175e+01
5.388647327865300696e+01
5.403612326180625303e+01
5.417522294748203393e+01
5.431718459186360803e+01
5.448500547259830995e+01
5.463665374644557460e+01
5.480589713919972894e+01
5.495993320107956492e+01
5.514065829799046980e+01
5.533188288837823166e+01
5.549467417304428807e+01
5.568105544869916201e+01
5.584156055333398427e+01
5.601976238487712578e+01
5.618060618284989260e+01
5.634224591016693751e+01
5.652122673638719164e+01
5.669489007720170548e+01
5.683988302695802730e+01
5.699488436485101772e+01
5.717015649902096897e+01
5.733486140104654538e+01
5.748618791622256907e+01
5.766020688504198688e+01
5.783028007647406099e+01
5.798131870231298990e+01
5.812680275740935087e+01
5.827171103383117412e+01
5.843814327188029978e+01
5.862159485016186267e+01
5.877815417740943360e+01
5.894228330076042965e+01
5.911970613762615301e+01
5.927890727290981232e+01
5.943871805620188553e+01
5.960349069689489454e+01
5.977767901238327397e+01
5.994526280778137561e+01
6.010085685901607633e+01
6.025765327160019069e+01
6.040708310408372483e+01
6.057905297820851587e+01
6.072526522398148785e+01
6.089906404213117241e+01
6.107071215758480776e+01
6.123775404364228336e+01
6.140035904697237612e+01
6.157878102918516561e+01
6.175447653002746051e+01
6.194349961371846547e+01
6.209601155557748342e+01
6.225290957616294918e+01
6.239775011391719772e+01
6.255024512110936286e+01
6.270394248965120454e+01
6.286510804629495652e+01
6.301314923609296414e+01
6.317460268207413066e+01
6.335573421099063296e+01
6.352805971312017874e+01
6.368595687905280300e+01
6.386856172398952225e+01
6.403904134742715826e+01
6.420293338544159667e+01
6.436943336215826150e+01
6.453093761214002200e+01
6.469352568080329036e+01
6.484634244666644065e+01
6.501424800073570509e+01
6.518195033880223832e+01
6.535475001160509123e+01
6.552091129498371913e+01
6.569188202376146535e+01
6.585485958976340726e+01
6.603343398397832686e+01
6.621160194618771300e+01
6.638526528700222684e+01
6.655007179702913334e+01
6.672822282457163112e+01
6.688115813310312774e+01
6.703722635501080163e+01
6.720877286246300741e+01
6.738689002067167166e+01
6.754324613191637638e+01
6.772205761146786074e+01
6.789152115489180517e+01
6.806525223437404293e+01
6.822374211364798668e+01
6.839545796776930331e+01
6.855870648844168613e+01
6.874026138403063158e+01
6.889890367530665571e+01
6.906513269735296490e+01
6.922082835658876832e+01
6.937432250912789300e+01
6.953802826580640328e+01
6.970906673325175973e+01
6.986906379787961896e+01
7.004208362135200616e+01
7.021933711154888158e+01
7.038460085758217133e+01
7.056359861846945591e+01
7.072727050581427477e+01
7.089202621184045938e+01
7.106501216597898463e+01
7.123837068278932350e+01
7.139506548737213620e+01
7.155929621872449786e+01
7.171561846063559642e+01
7.186194924907674420e+01
7.203330947519313554e+01
7.218898819976219272e+01
7.235530189514304311e+01
7.249694178085367469e+01
7.267920793245249911e+01
7.284496278382552248e+01
7.299942221237803608e+01
7.315610008229373307e+01
7.333016985511375196e+01
7.349612792249000393e+01
7.366064654317953853e+01
7.381805260377197442e+01
7.399611895798001626e+01
7.416336406004029413e+01
7.432590132470291167e+01
7.450517004026079348e+01
7.467014589695654081e+01
7.483305572429114250e+01
7.501019067181967159e+01
7.518962873404625213e+01
7.535169182803572596e+01
7.550396668455806548e+01
7.566789259190657901e+01
7.584214864606246920e+01
7.599706531062102499e+01
7.614075429102599912e+01
7.631709330921040646e+01
7.649029941401869337e+01
7.664965296130439754e+01
7.681185153262920551e+01
7.696751332253130329e+01
7.711755280302323001e+01
7.727839660099594710e+01
7.745214461514505899e+01
7.763789930812492912e+01
7.781367948230145259e+01
7.798277046305373972e+01
7.814314009035356889e+01
7.831558413515128336e+01
7.849492058937646277e+01
7.865379996598930745e+01
7.882868260282027961e+01
7.900674895702830725e+01
7.917887124315544156e+01
7.934399951185334032e+01
7.949192215898301583e+01
7.965017495292028116e+01
7.981110342422776682e+01
7.996823853014974759e+01
8.011462012259177357e+01
8.026957065648399237e+01
8.044634997600793724e+01
8.061025894868927821e+01
8.078383761616947822e+01
8.095846623299702571e+01
8.112205344700737442e+01
8.128398106366159936e+01
8.144480792696762705e+01
8.159146047407979552e+01
8.176202477085219300e+01
8.193113268627109846e+01
8.209995271235281677e+01
8.224636817412846312e+01
8.240460403339896800e+01
8.256571878604223969e+01
8.272749399069437004e+01
8.288286789125898224e+01
8.306047700946102452e+01
8.323342909426595781e+01
8.340316359236005894e+01
8.357899457053744641e+01
8.375460539804538485e+01
8.391451778933874550e+01
8.408997620484441882e+01
8.425664552823008080e+01
8.443215474773670337e+01
8.459565728841253929e+01
8.475651802105222998e+01
8.489944494144700116e+01
8.507139788090481147e+01
8.524158961500532428e+01
8.539726833957440988e+01
8.555938223756457717e+01
8.572661040495802354e+01
8.590157771512384954e+01
8.606563909980738458e+01
8.623166490585087729e+01
8.639899468124532689e+01
8.656237867925277385e+01
8.673306151869341818e+01
8.689614069269660490e+01
8.706336886009005127e+01
8.722754878744169105e+01
8.739401489482477814e+01
8.757025230500798330e+01
8.772039339350128273e+01
8.787624146473932285e+01
8.804385912947104487e+01
8.820976639284640441e+01
8.838253219631555169e+01
8.854942167037070533e+01
8.871036707634486618e+01
8.887083831164592596e+01
8.902909110558340444e+01
8.919432098228287487e+01
8.935621472960336575e+01
8.952642339837076690e+01
8.968372785096180166e+01
8.986230224517686338e+01
9.003083438192139454e+01
9.019860445865577958e+01
9.036002403530287097e+01
9.052840376004544964e+01
9.069590288210928009e+01
9.085818612676844452e+01
9.102704002218378321e+01
9.119211748688103114e+01
9.135807387747254893e+01
