1.315235252200898028e-02
6.825665307762278193e-03
3.601213139816577397e-03
1.797339491113909317e-03
9.230194537390745994e-04
5.879075066167793783e-04
4.966484221510167590e-04
4.605839366638995775e-04
4.417738458789830826e-04
4.287823961790608596e-04
4.186493074470994591e-04
4.111739879019510281e-04
4.055885443877297941e-04
4.018410541151263378e-04
3.996048694954498336e-04
3.988092168721880373e-04
3.985401592007718308e-04
3.985316957255548406e-04
3.983682278325783427e-04
3.983523555715015878e-04
3.983348158745392319e-04
3.983309454815882203e-04
3.983255167515330490e-04
3.983228585982722856e-04
3.983171789998998379e-04
3.983065080044367119e-04
3.983017388491175690e-04
3.982818530292174704e-04
3.982689890373716573e-04
3.982622244374723263e-04
3.982315333509911146e-04
3.982215571559645203e-04
3.982119134549859537e-04
3.982000848955700415e-04
3.981933519778351437e-04
3.981864910857783510e-04
3.980869850295240086e-04
3.980804839639179153e-04
3.980700544413345128e-04
3.980566805506653943e-04
3.980474812903587556e-04
3.980362497135461687e-04
3.980252981475713948e-04
3.980209474870788811e-04
3.980118954461818112e-04
3.979988305868915215e-04
3.979865969514300946e-04
3.979623050688430941e-04
3.979572572735623698e-04
3.979398770438003093e-04
3.979223552075215344e-04
3.979026071456519503e-04
3.978829380170842097e-04
3.978711262855026709e-04
3.978241087968380392e-04
3.978070542465152334e-04
3.977941235333916120e-04
3.977731693180681666e-04
3.977586934394552261e-04
3.977335767434023801e-04
3.977209259021293342e-04
3.976989233640458002e-04
3.976812700291709420e-04
3.976621952816428141e-04
3.976481085011334912e-04
3.976310684348914495e-04
3.976148773060100296e-04
3.976008702199155653e-04
3.975810713353602945e-04
3.975725806697441751e-04
3.975531042154153570e-04
3.975280700285303576e-04
3.975071227380929783e-04
3.974587446656263102e-04
3.972647823941260863e-04
3.972550912637453171e-04
3.972327366340820416e-04
3.972111859177843303e-04
3.971835193204891813e-04
3.971678262063445784e-04
3.971482504231111212e-04
3.971303286800822161e-04
3.971032256842828355e-04
3.970703295302940752e-04
3.970498386855537444e-04
3.969390053981856578e-04
3.969015957491661586e-04
3.968353905340641849e-04
3.968129173389401830e-04
3.967817122469468271e-04
3.967509483592519359e-04
3.967106236912201311e-04
3.966829976851673719e-04
3.966495823178507892e-04
3.966231001327381748e-04
3.965998425517210210e-04
3.965745237455704742e-04
3.965443406784400788e-04
3.965213431461235972e-04
3.964831219093851392e-04
3.964520885038912189e-04
3.964380094413046595e-04
3.964008106101219267e-04
3.963655139490524014e-04
3.963370087929088620e-04
3.963055618912391114e-04
3.962823125917260209e-04
3.962387256759649940e-04
3.962197707034675800e-04
3.961874713654513300e-04
3.961552705305829928e-04
3.961294980526539706e-04
3.961070521589467384e-04
3.960732048681186589e-04
3.960224271507683125e-04
3.959794150735454921e-04
3.959544249293774488e-04
3.959050727195634963e-04
3.958566859354502440e-04
3.957981351316186710e-04
3.957201232823875123e-04
3.956861317145642424e-04
3.956573394346589792e-04
3.956017063842575472e-04
3.955558147179446008e-04
3.955075969385522111e-04
3.954648151209093484e-04
3.954240816869393992e-04
3.953793492512847497e-04
3.953454031203666405e-04
3.952943036203771855e-04
3.952490085197464011e-04
3.952006789544539760e-04
3.951584872543638643e-04
3.951001362533002634e-04
3.950494706512241755e-04
3.949677184292943823e-04
3.948878742467932471e-04
3.948043627635592192e-04
3.947590464326398031e-04
3.946896633067144473e-04
3.946449677467134243e-04
3.945789467166224977e-04
3.944824282328554619e-04
3.943790974572126962e-04
3.943051611640583493e-04
3.942543596455545720e-04
3.942120239312927243e-04
3.941676028760805013e-04
3.941337352589303618e-04
3.940774093123135908e-04
3.939983979009635388e-04
3.939291230837440455e-04
3.938874612747748243e-04
3.938351766930977475e-04
3.937485152698283497e-04
3.936715585491802746e-04
3.935862926782445100e-04
3.935230958669350566e-04
3.934731142573339325e-04
3.934119241101195134e-04
3.933708950091783520e-04
3.933078504764165803e-04
3.932213442034581297e-04
3.931480323022850439e-04
3.930400734577182520e-04
3.928906124244035763e-04
3.928468493670860223e-04
3.927371256690704638e-04
3.926272658055578960e-04
3.925314188819515855e-04
3.924560115110809996e-04
3.923244611911250504e-04
3.921592954027909301e-04
3.920268042048275859e-04
3.919280033471517037e-04
3.918339053088208701e-04
3.917313730246109091e-04
3.916273295738521734e-04
3.914828248285478194e-04
3.913836986228191850e-04
3.911765952489604432e-04
3.910119109240830994e-04
3.909520854398770362e-04
3.908620877410967360e-04
3.907776602181427185e-04
3.906645563075408713e-04
3.905678769052965075e-04
3.904293060139162725e-04
3.902993821199671632e-04
3.901819574092887000e-04
3.900478651628311614e-04
3.899467380404395369e-04
3.899027667483926643e-04
3.898132576462631327e-04
3.896926380722842676e-04
3.896004155862254638e-04
3.895124891869218261e-04
3.894189768702429450e-04
3.892219766841039600e-04
3.890374515688136011e-04
3.889279650229437828e-04
3.887878073261517614e-04
3.886727861912267121e-04
3.885316324043983365e-04
3.883540673540889832e-04
3.882081542412198607e-04
3.881182964163244959e-04
3.879419264416223562e-04
3.877263078986210084e-04
3.875647284459924008e-04
3.873497009626359656e-04
3.872016210382307104e-04
3.870438150583901927e-04
3.869113475799762308e-04
3.868595354200617250e-04
3.867689408464413444e-04
3.866748669299454114e-04
3.865826904854341895e-04
3.864251888234893702e-04
3.863152120822036092e-04
3.861290583949107897e-04
3.859676118030122495e-04
3.857719797787370684e-04
3.856188238849744647e-04
3.854366604291215069e-04
3.852773345986818822e-04
3.850527859699975127e-04
3.848832259063072049e-04
3.847506765171372872e-04
3.845707404984291078e-04
3.842978816574114899e-04
3.841142240054907673e-04
3.839476589642277908e-04
3.837333781379988120e-04
3.835517067263774938e-04
3.833725726119969232e-04
3.832151088128932757e-04
3.829964797767236974e-04
3.827947973360950381e-04
3.824899302690866064e-04
3.822607389446699825e-04
3.820450501674340282e-04
3.819087272373269753e-04
3.817217295196785663e-04
3.814945500402838990e-04
3.811883372577331034e-04
3.808730772060388140e-04
3.805773427501391417e-04
3.803505482857306216e-04
3.801303046962796624e-04
3.793767659341299846e-04
3.790487176435151364e-04
3.788734011172069436e-04
3.785191723579671040e-04
3.782799039016648628e-04
3.780476178348614043e-04
3.776405019617495602e-04
3.774465266079148583e-04
3.772842934738706135e-04
3.769945772452840864e-04
3.766939069553072901e-04
3.762631584417550491e-04
3.758831222070814016e-04
3.755989988067411360e-04
3.753479188211548989e-04
3.751225944840131006e-04
3.749013918921750366e-04
3.746226128621279279e-04
3.743789581264526066e-04
3.742048662791720910e-04
3.739754186823251612e-04
3.737662231328965851e-04
3.734697637371244580e-04
3.733216090892996935e-04
3.730614872221519988e-04
3.727753747030331357e-04
3.725747955567939728e-04
3.722829214250339132e-04
3.720203918936913052e-04
3.716149079910308702e-04
3.708250213417372165e-04
3.703378371731999466e-04
3.699368726401612659e-04
3.697006335326042401e-04
3.692276566445291367e-04
3.688943734526256308e-04
3.683191355016328448e-04
3.678034451799463349e-04
3.674580335573943623e-04
3.672223332442533746e-04
3.667786279269728464e-04
3.663496466119899432e-04
3.659779782081247143e-04
3.656711979691839361e-04
3.653373689595225773e-04
3.649959753897350292e-04
3.641958819248063421e-04
3.636196800243922953e-04
3.633837829198564959e-04
3.630576824973083061e-04
3.626918623642914679e-04
3.623081836407650172e-04
3.618846535327587596e-04
3.614812255553706902e-04
3.611146993380213023e-04
3.608077803416278933e-04
3.604856129092271844e-04
3.601232843423773965e-04
3.596085617605071743e-04
3.593603842389892335e-04
3.590192505622746767e-04
3.585245373866797905e-04
3.580731011696674636e-04
3.577249025692244566e-04
3.574918619849001074e-04
3.569848303956383423e-04
3.565630000910754299e-04
3.561396640062942844e-04
3.554938224818900150e-04
3.549598626157921249e-04
3.545503233752924982e-04
3.539998004741610462e-04
3.531592469609783308e-04
3.526628347323898776e-04
3.523707015236993362e-04
3.514404653780429694e-04
3.508376357486223140e-04
3.499602577240306105e-04
3.495144524265574146e-04
3.491843511284869052e-04
3.482925186853224405e-04
3.477088711073433348e-04
3.473742489173140186e-04
3.467974935832856599e-04
3.463151589705152256e-04
3.458616442023178879e-04
3.453235091289006873e-04
3.447691610294573790e-04
3.438687567148440466e-04
3.432039848035863222e-04
3.421870871147503451e-04
3.416689729725893741e-04
3.408428693965742640e-04
3.403198208729177137e-04
3.398165862513125783e-04
3.390271674660258472e-04
3.386432931518417941e-04
3.382624659750484587e-04
3.372848203730314208e-04
3.368796026088885140e-04
3.366009798181393261e-04
3.356074651399267115e-04
3.345276737203169929e-04
3.338446321586445746e-04
3.328236939699825482e-04
3.320194165390595044e-04
3.313342289060274568e-04
3.304232541123430832e-04
3.300960230113445578e-04
3.291666574318533002e-04
3.283323723799807191e-04
3.277244137561611094e-04
3.269861354561971246e-04
3.261168314361060456e-04
3.250618304401177374e-04
3.236806138238780832e-04
3.224745049268115736e-04
3.214612013764743515e-04
3.201610196392385994e-04
3.187086448749462610e-04
3.174519407992299771e-04
3.169865245624064283e-04
3.159273025483236600e-04
3.152808403211595297e-04
3.146865490533282497e-04
3.141272323318259610e-04
3.134054745092897695e-04
3.121082450164441597e-04
3.117397618016263974e-04
3.106912294699341404e-04
3.094543308653903923e-04
3.089326979276984793e-04
3.082914454224193056e-04
3.078064514336396971e-04
3.072082042001541852e-04
3.060969500954129389e-04
3.050051446943665258e-04
3.042680193544740862e-04
3.036739447688511693e-04
3.020756327207281436e-04
3.013720286104186138e-04
3.005838227204947499e-04
2.988983525238684646e-04
2.979402454925850923e-04
2.967894867697602897e-04
2.956275752201802109e-04
2.938815090643712917e-04
2.918078225133229064e-04
2.909778944693204323e-04
2.903711790446650417e-04
2.892636721683947273e-04
2.884897389183202574e-04
2.876965468168117654e-04
2.850069204340466636e-04
2.842209837932043576e-04
2.838631051998834480e-04
2.833963740973477127e-04
2.822850248135725954e-04
2.819019535734104838e-04
2.801388711340534361e-04
2.793325521267656683e-04
2.783526632185822605e-04
2.781192951777978518e-04
2.770905065614271551e-04
2.759651994565044046e-04
2.750903173913531868e-04
2.743478420762463866e-04
2.709495903370768947e-04
2.690979395274419993e-04
2.663769365414935799e-04
2.650967160607711000e-04
2.637676559376257593e-04
2.624024034032067395e-04
2.615842200137767637e-04
2.613559396881291286e-04
2.612680065048628847e-04
2.594426391612226200e-04
2.582909673788013000e-04
2.575288496231877542e-04
2.554049100303193128e-04
2.549425572318124228e-04
2.536622441221096104e-04
2.526201099968174309e-04
2.513006719351576707e-04
2.497152972347925688e-04
2.499192516524413208e-04
2.490105828635536217e-04
2.483133049929954375e-04
2.468306768765160118e-04
2.466660208809041423e-04
2.438457361776710634e-04
2.422641575911158398e-04
2.397901820959012168e-04
2.400485858222227117e-04
2.398175272214361027e-04
2.404597608137149759e-04
2.383090588691930741e-04
2.374778598089356276e-04
2.347568163993849172e-04
2.342020446825928087e-04
2.323047785417865579e-04
2.324287134819132442e-04
2.335563043251922416e-04
2.322876876486708818e-04
2.310769808137661506e-04
2.308291426613962006e-04
2.304212257983531274e-04
2.314906455261556628e-04
2.305218556063104896e-04
2.295234414211118530e-04
2.322267354263986890e-04
2.347223646551779407e-04
2.359072515032450588e-04
2.367509601891184092e-04
2.379664875452757356e-04
2.379957224545470199e-04
2.408092251886280845e-04
2.432534179293434188e-04
2.472813307925541756e-04
2.502432301099632929e-04
2.544713533909549914e-04
2.555099727429526574e-04
2.617189300041361240e-04
2.646863620874983646e-04
2.654584641316273829e-04
2.637909581275124627e-04
2.688983222487085112e-04
2.707936796059341039e-04
2.751115691853943217e-04
2.798125531661286225e-04
2.813461118877700717e-04
2.881549500147647107e-04
2.969751283000668547e-04
3.033465174504474185e-04
3.119663177023933656e-04
3.233075616913767326e-04
3.276931108140476571e-04
3.376582467294711215e-04
3.439647481603167823e-04
3.507749367773933271e-04
3.616531495892138202e-04
3.692060613441156751e-04
3.822256748112991590e-04
3.920694130614477742e-04
4.230326881256747662e-04
4.419050982690493970e-04
4.636322141304964378e-04
4.880548570277366740e-04
5.077888429274474711e-04
5.128585466672210815e-04
5.486525627752341337e-04
5.619292722903272957e-04
5.932060441799934161e-04
6.170778576324671607e-04
6.463862400344270011e-04
6.714306853526713029e-04
7.103518977037363413e-04
7.382838053527098193e-04
8.043344143409523637e-04
8.538657588549863203e-04
8.968216304956959199e-04
9.408240888946093824e-04
1.016162473002179666e-03
1.098243489555274406e-03
1.175728681151166086e-03
1.251402318760496931e-03
1.359092750666366202e-03
1.472965563007710890e-03
1.575456195034496834e-03
1.642841734833388936e-03
1.784905224998893040e-03
1.964367820997648621e-03
2.137038091512357980e-03
2.297485649663760007e-03
2.558626515231120831e-03
2.824362083892065136e-03
3.197677280654016418e-03
3.786302590879637824e-03
