8.032421069802041236e-02
2.424655760748658032e-02
2.244206271704463074e-02
2.234816708663773036e-02
2.231092318611377009e-02
2.229509336644790868e-02
2.228966538301975497e-02
2.227270967078934238e-02
2.221906933682779930e-02
2.216574671207453134e-02
2.215742994303009430e-02
2.215618627053894327e-02
2.212969021553043772e-02
2.206734635319918328e-02
2.205040845922518616e-02
2.202774730738969386e-02
2.195859508865794993e-02
2.188524324921503963e-02
2.182655413924807636e-02
2.183619284866648858e-02
2.179135926596135336e-02
2.176104464930953691e-02
2.171544592200198853e-02
2.166903532642513661e-02
2.162342811972355408e-02
2.161710345147754148e-02
2.157467970040556279e-02
2.153391048203699351e-02
2.151748942120240357e-02
2.150884607772776680e-02
2.149501773436216304e-02
2.147340656509801743e-02
2.145716114317355525e-02
2.142947322709266508e-02
2.129189901214628006e-02
2.125803527970748785e-02
2.124070034657021475e-02
2.121292786418535123e-02
2.118496655378574595e-02
2.118308557262332456e-02
2.116525658614877570e-02
2.115226641017311365e-02
2.109092738539529097e-02
2.107831448340763761e-02
2.105267457945389845e-02
2.102007796549107757e-02
2.097039506986201826e-02
2.093628170443377623e-02
2.090812716924971698e-02
2.088872016388085978e-02
2.087123191018816146e-02
2.086791298147006382e-02
2.082802776135882911e-02
2.079792402092311629e-02
2.077019415832465077e-02
2.073249549445685055e-02
2.072398504586899295e-02
2.070873969411539048e-02
2.069005422816346321e-02
2.063651147946417991e-02
2.058466583271896175e-02
2.059363812882434447e-02
2.056957505003115944e-02
2.053348369625120073e-02
2.050730091139479905e-02
2.047399416698067812e-02
2.044119844531841132e-02
2.029001788743252724e-02
2.024986160935566756e-02
2.012384772703794747e-02
2.013090590275491351e-02
2.013313256902659470e-02
2.011485150712469250e-02
2.009114187455546610e-02
2.005426444830456581e-02
1.999220257702929299e-02
1.998181481366083020e-02
1.996977069985742329e-02
1.990188107902266315e-02
1.989465701673495679e-02
1.983879360365241318e-02
1.980770989712410390e-02
1.976185761423126727e-02
1.975224007310868307e-02
1.972087038104269885e-02
1.969534850680366642e-02
1.964492217436175636e-02
1.965360637870267047e-02
1.966964516984132105e-02
1.965095831743362415e-02
1.963079235835759467e-02
1.960933566110664369e-02
1.949136744599557283e-02
1.947488888298387275e-02
1.946036576339932322e-02
1.951925933030525945e-02
1.943601578692124784e-02
1.941971528481266362e-02
1.930711671641810803e-02
1.936094510318728604e-02
1.931373575243230598e-02
1.924344091911872265e-02
1.925576020564123692e-02
1.920086618203627193e-02
1.910916424980607653e-02
1.919796899619162153e-02
1.916196018892863534e-02
1.908377090395979234e-02
1.900957714178308500e-02
1.897292061472199629e-02
1.892228149973490189e-02
1.891099138843484878e-02
1.900537965630155063e-02
1.894189171188672555e-02
1.890022810775009859e-02
1.884582311291100459e-02
1.880169013534322559e-02
1.880192222759513934e-02
1.879505767850092948e-02
1.882336871652142904e-02
1.881183300804224051e-02
1.874803159744281925e-02
1.875159203394904592e-02
1.873060847646287538e-02
1.833204593615486711e-02
1.804303689757373944e-02
1.803908754131380160e-02
1.783488902469318807e-02
1.778385678397283870e-02
1.774241829109268059e-02
1.752300898194151385e-02
1.767891238807900445e-02
1.763908097049629933e-02
1.753176699232529209e-02
1.752852738027776275e-02
1.754888989993317119e-02
1.746952121520562937e-02
1.742025726868096092e-02
1.748442581303865165e-02
1.732663959895564681e-02
1.719526524111620117e-02
1.712639849925188043e-02
1.703372777747624162e-02
1.705470002475227564e-02
1.710497036500493659e-02
1.692923417422680099e-02
1.690223103496611007e-02
1.670195941193167860e-02
1.680340805627054263e-02
1.665633050586865990e-02
1.654457663745605156e-02
1.653330103505593410e-02
1.649320920178603059e-02
1.647452451184166708e-02
1.644456270177440532e-02
1.633184631640418466e-02
1.633757378256576673e-02
1.631503989442733074e-02
1.631530841651137459e-02
1.621411885023182203e-02
1.617523429425578654e-02
1.626547042558772888e-02
1.627656988704492130e-02
1.612877435649735444e-02
1.625352920088410022e-02
1.609723539763804542e-02
1.620673482645754171e-02
1.611737732111182680e-02
1.604952920700457308e-02
1.598036706297656026e-02
1.607671992772285313e-02
1.602084030676933710e-02
1.598088191276740566e-02
1.612897933265757672e-02
1.613529581181313149e-02
1.596111540821885250e-02
1.604876028244462197e-02
1.615300242379530404e-02
1.605402996127158061e-02
1.610749285627659580e-02
1.575660881375188713e-02
1.570081651683417553e-02
1.564319442989519152e-02
1.574970781602397230e-02
1.566486031356734837e-02
1.538850607039878027e-02
1.555658295264262907e-02
1.544133663428533948e-02
1.546459861235279995e-02
1.521364088652662171e-02
1.524197843406384367e-02
1.515387727280611933e-02
1.525856387107991929e-02
1.518426448222797570e-02
1.509382810680582818e-02
1.503682565734245843e-02
1.490276603669292432e-02
1.486855517373471096e-02
1.487526661765180974e-02
1.482349601164659018e-02
1.469643003408998595e-02
1.447607749003448040e-02
1.446357358060925899e-02
1.443006855882924579e-02
1.447193933337502687e-02
1.428073005221091284e-02
1.419874168380284157e-02
1.423790617897441844e-02
1.446887735382823732e-02
1.450416954801395965e-02
1.442445189937633689e-02
1.439181349473620149e-02
1.426685028418479134e-02
1.429791781262721405e-02
1.427047589456408028e-02
1.430582520426547724e-02
1.421121545849469980e-02
1.422046395746990460e-02
1.437602899700694305e-02
1.402958811039540371e-02
1.419897633427952277e-02
1.413987790174980191e-02
1.417085047464275264e-02
1.421562202391515699e-02
1.414684724636590049e-02
1.411564911232538952e-02
1.422972778014375966e-02
1.425235577372248492e-02
1.411573656331270576e-02
1.416332300337912013e-02
1.428626811782293671e-02
1.427903515202097462e-02
1.428706957011144363e-02
1.432823253685300106e-02
1.404438030033756078e-02
1.414469110444263947e-02
1.414583470462264618e-02
1.440259293712154061e-02
1.411414589600622736e-02
1.421038690790675345e-02
1.441844642361095157e-02
1.441760123143349601e-02
1.432636225355430476e-02
1.459693165031676100e-02
1.452705004842253650e-02
1.489083965736460839e-02
1.480011472527412338e-02
1.459071188416448742e-02
1.476067660855287511e-02
1.497453371776028518e-02
1.490040118619330445e-02
1.508534137813121248e-02
1.541500783490519152e-02
1.504452915584848262e-02
1.535682311019471481e-02
1.520958456968847516e-02
1.529367240519322220e-02
1.533760788553950594e-02
1.525595322414081273e-02
1.526713736238067762e-02
1.527267436764617216e-02
1.572701493371038081e-02
1.577972479606850817e-02
1.571312096460104543e-02
1.589285127692094401e-02
1.603461877906526070e-02
1.607677480373698869e-02
1.622094211219360718e-02
1.575967427365376761e-02
1.555033254956652948e-02
1.574389177780973273e-02
1.563957789859149114e-02
1.559412686279220209e-02
1.573567390841096314e-02
1.601507816564855594e-02
1.599284106073612169e-02
1.597175137249422922e-02
1.598527090107702830e-02
1.595188631966234366e-02
1.609687807848983465e-02
1.597140477742709300e-02
1.606578759518870539e-02
1.593729812621261580e-02
1.625373921913974770e-02
1.608232647281961081e-02
1.631268793534108516e-02
1.631758864340399073e-02
1.637961195005584875e-02
1.676571220343238758e-02
1.676370713636792312e-02
1.734404542633882773e-02
1.719277365920911585e-02
1.719062022191431699e-02
1.759215631105270558e-02
1.731982530821423935e-02
1.747298294178354847e-02
1.748182623614673303e-02
1.794091839795971394e-02
1.832885707377551743e-02
1.822274295193932955e-02
1.872492520806696981e-02
1.865033558180554524e-02
1.893565990362140392e-02
1.912529507845082619e-02
1.926145410389338772e-02
1.942629487637361971e-02
1.982282704348682992e-02
1.991956344966185066e-02
2.041831246195003821e-02
2.036401426329613115e-02
2.095092182352383675e-02
2.126312872735152543e-02
2.152137121429754940e-02
2.188881531394991364e-02
2.199260416872023463e-02
2.260912825031055617e-02
2.274139524466910200e-02
2.268840682415726798e-02
2.285963561061609556e-02
2.256049237401584404e-02
2.285086299971597623e-02
2.315285166326003230e-02
2.343026723469868872e-02
2.343678288458173053e-02
2.359022866076427444e-02
2.387311356197039866e-02
2.394657452776195392e-02
2.425378538643533852e-02
2.429607322921497128e-02
2.479068407745551803e-02
2.515992454074282222e-02
2.543500312701385199e-02
2.510812766266565937e-02
2.528727774091955524e-02
2.637245803247944068e-02
2.620595556435102030e-02
2.681626712755559583e-02
2.706359502014772656e-02
2.770683177138199768e-02
2.856894656936122268e-02
2.805279096117185497e-02
2.794854659094465552e-02
2.851424481243262227e-02
2.918433852159195430e-02
2.954251626745276957e-02
2.998104311735508634e-02
2.993936311919486934e-02
3.017438812572405607e-02
3.056241632367967878e-02
3.063797384911343472e-02
3.098195422096684110e-02
3.181360951607611898e-02
3.226722420840887062e-02
3.258733013627397590e-02
3.323901594545574517e-02
3.388339406155425892e-02
3.381528198098635724e-02
3.409013641819903101e-02
3.481787991395073750e-02
3.562221849239535776e-02
3.600377554683668185e-02
3.621191996876053226e-02
3.720032508744836042e-02
3.704282141309964832e-02
3.778958621458275435e-02
3.843356540456126930e-02
3.896708789908435305e-02
3.932091884355114197e-02
3.969757649744920514e-02
4.046418801313006464e-02
4.040335403244451479e-02
4.090168851321819565e-02
4.238571935707201310e-02
4.295911620516821433e-02
4.345726151272216037e-02
4.372942379423416792e-02
4.488576016715337819e-02
4.546297181120678710e-02
4.606519748234198797e-02
4.664789468994565841e-02
4.772126674924300621e-02
4.744783034270959321e-02
4.776992159640123387e-02
4.916991058843644957e-02
4.975346667453179467e-02
5.145667320093812863e-02
5.291558443522731414e-02
5.442995097407645616e-02
5.508066385973735962e-02
5.649245998113768680e-02
5.732015121303178640e-02
5.772117108206738928e-02
5.928910186248365077e-02
6.052448480797004149e-02
6.105071675875951842e-02
6.187353683518571207e-02
6.280809782441452993e-02
6.379606226642392519e-02
6.476558343566750364e-02
6.542590838333500747e-02
6.630511490023201226e-02
6.746990217319621952e-02
6.838228209329699769e-02
6.936859731489443404e-02
7.058955036711810072e-02
7.294145897720509530e-02
7.354215590155598059e-02
7.498475589472397562e-02
7.630784001593872434e-02
7.752894337621953069e-02
7.906938098287503991e-02
8.037990998779284690e-02
8.162576161279738729e-02
8.423084824492922673e-02
8.584093682904873901e-02
8.721656497373769801e-02
8.787988450998833467e-02
8.997920021840695448e-02
9.031295492318403006e-02
9.201268092078628003e-02
9.458112190668879760e-02
9.506540743658285775e-02
9.700652336956611110e-02
9.904930341629686330e-02
1.009849021475062586e-01
1.034251422731167075e-01
1.045680885501553276e-01
1.070630236421038495e-01
1.087253858312850902e-01
1.113469004040683746e-01
1.152963747772437625e-01
1.189668091152095292e-01
1.204302919258551929e-01
1.222096220192491478e-01
1.251246756378255609e-01
1.266060427981458014e-01
1.282578182806197453e-01
1.308569572341533316e-01
1.321066545323975883e-01
1.361811669659028501e-01
1.402565951033909186e-01
1.435802861623005910e-01
1.494827472075128394e-01
1.514177438638521778e-01
1.559639566927471244e-01
1.575010325414684664e-01
1.598498896092988564e-01
1.636452831537684172e-01
1.680645558739922163e-01
1.712717962893374468e-01
1.754028175575216009e-01
1.794603283747430444e-01
1.837318912359611200e-01
1.874147811615884118e-01
1.925942742138920249e-01
1.976681366042956078e-01
2.023909077945130752e-01
2.066748328640439780e-01
2.140731753146667138e-01
2.188638741354143324e-01
2.241871547699559319e-01
2.318126643482790461e-01
2.389391670714102467e-01
2.481247680299529246e-01
2.558467788813876265e-01
2.600051543883655225e-01
2.672901135467664613e-01
2.714827707993115458e-01
2.765280460895923609e-01
2.884633828767174668e-01
2.919403854970396561e-01
2.991397815528687443e-01
3.053410699310392662e-01
3.136248566319724818e-01
3.230588564085193903e-01
3.333022378775509220e-01
3.382984543323788729e-01
3.470972939690254999e-01
3.591692635613617512e-01
3.711738104087441426e-01
3.859707612906760343e-01
3.932778836045792703e-01
4.042066341640481175e-01
4.203173869864120227e-01
4.327744034420079600e-01
4.515127000157899140e-01
4.615530523931623552e-01
4.719790290132642174e-01
4.897952998415963655e-01
5.056125072938359999e-01
5.283443954995299396e-01
5.461696295305307203e-01
5.646879554548386304e-01
5.929520425609249301e-01
6.309351603943722520e-01
6.803130223868728566e-01
7.382217138488198493e-01
8.113810866315204207e-01
