1.476058316421801665e-03
1.654640943919748752e-01
3.536209382426890868e-01
5.525138563979901107e-01
7.546090573129012880e-01
9.543783896971458347e-01
1.152849954857762427e+00
1.352147371887964855e+00
1.550854894725604893e+00
1.749410730485160048e+00
1.948505898077912635e+00
2.144685302947444416e+00
2.342044496202094539e+00
2.545740838496816316e+00
2.750903489213045727e+00
2.955476245736711860e+00
3.158346736161850909e+00
3.360964414790176491e+00
3.564037154652758055e+00
3.759373853532912868e+00
3.953834138184122438e+00
4.153586616448587954e+00
4.352900887598576851e+00
4.552990448258781520e+00
4.753315966595996755e+00
4.954585315641307552e+00
5.155635561129374267e+00
5.354309375727424047e+00
5.553438251559738248e+00
5.753426687501204562e+00
5.955926387291007096e+00
6.150487796660928375e+00
6.348723404144507754e+00
6.547312948143628297e+00
6.738908032430970252e+00
6.932491902853225696e+00
7.130390427941067699e+00
7.333142939527675708e+00
7.531125735214446948e+00
7.724423085600314209e+00
7.916995708835317558e+00
8.109753727387985833e+00
8.308174730189227475e+00
8.507606980177719436e+00
8.704527966317877841e+00
8.900774787666536625e+00
9.100240745894595307e+00
9.297279710873276315e+00
9.492801805071071186e+00
9.683756432806474024e+00
9.875890848927005194e+00
1.007144665136438455e+01
1.026900809405645809e+01
1.046865944760219236e+01
1.066011969893123101e+01
1.085481594125944227e+01
1.104829868696296558e+01
1.124006231244815268e+01
1.143379786994848146e+01
1.162603341078771990e+01
1.181486441942992194e+01
1.200514488237383581e+01
1.219711075729649075e+01
1.239238003969747481e+01
1.258596391011973203e+01
1.277905901106814568e+01
1.296839564330396755e+01
1.315658619539424556e+01
1.335559709238803450e+01
1.355170908077839798e+01
1.374188841900359748e+01
1.393253967258284476e+01
1.412514600405742193e+01
1.431781975201115564e+01
1.451174070482915113e+01
1.470237510428859551e+01
1.489504885224231501e+01
1.509038555112247160e+01
1.528722226666372386e+01
1.548321627621556651e+01
1.567690127135653100e+01
1.586372663974403352e+01
1.605747905136417941e+01
1.624354598436124064e+01
1.643219159768576887e+01
1.662191587467670573e+01
1.681335927188593971e+01
1.700443187845986159e+01
1.719304378354482310e+01
1.738064444144254139e+01
1.756799228754344355e+01
1.775210414264515535e+01
1.793281146554982541e+01
1.811791771371902726e+01
1.830754086599131369e+01
1.849107968102033084e+01
1.867809044472554092e+01
1.885753370864618716e+01
1.904002756824837306e+01
1.922526864937590929e+01
1.941049287638368170e+01
1.959858230375529331e+01
1.979702016067640713e+01
1.998861524496381392e+01
2.018331148729209445e+01
2.037143462290329055e+01
2.056709155005945533e+01
2.074419209132966557e+01
2.093774225351242180e+01
2.112207321217141498e+01
2.130997724422535455e+01
2.149666777965458309e+01
2.168047626060019795e+01
2.187421181810061910e+01
2.205909896271264259e+01
2.224836817846937720e+01
2.242823279538473003e+01
2.260297375988471558e+01
2.278400131106540272e+01
2.297180421840062436e+01
2.315879812798603865e+01
2.333412898667858570e+01
2.351958917136336780e+01
2.370139201205427071e+01
2.386762164606157555e+01
2.403963224315601366e+01
2.418659761824629939e+01
2.434549571014612113e+01
2.450272524418693365e+01
2.464331976199754592e+01
2.482997658918722905e+01
2.502770657307723212e+01
2.521522296037608157e+01
2.540605960927307194e+01
2.559534567914957037e+01
2.577241251218019613e+01
2.596321545283759491e+01
2.614672055962704889e+01
2.633956284877871568e+01
2.653299503212296528e+01
2.669986512268219769e+01
2.687662858155668388e+01
2.706470115480855299e+01
2.724823996983756302e+01
2.743277317793404535e+01
2.761833448733755603e+01
2.779027766795283227e+01
2.795473761938247037e+01
2.813772024845847852e+01
2.831692755470208667e+01
2.848258414863662580e+01
2.865117335941422994e+01
2.880929616180380393e+01
2.898349779447056918e+01
2.915955338031397659e+01
2.934663156049831656e+01
2.953347378300566461e+01
2.972570932384499187e+01
2.991256840047213927e+01
3.009989939245330604e+01
3.027293809085475473e+01
3.044376889956404852e+01
3.063388082131015366e+01
3.080708806090947860e+01
3.099585165307259160e+01
3.118067138120545323e+01
3.135549661630435736e+01
3.149743946369802217e+01
3.167337707070289810e+01
3.185679790689340507e+01
3.203098268544040650e+01
3.219888087730671344e+01
3.237448140191586532e+01
3.256868887477028096e+01
3.276119408152622015e+01
3.293945755706177181e+01
3.309073758681766719e+01
3.322850061250405673e+01
3.341800578593782234e+01
3.358497700121574780e+01
3.374107730923087445e+01
3.391463848534574055e+01
3.409001990639764301e+01
3.427448569801496348e+01
3.444974914022836998e+01
3.462636091202475797e+01
3.481487169239109392e+01
3.496510676672015450e+01
3.512840378388445828e+01
3.528325688703527874e+01
3.547264408163049154e+01
3.561441838782624103e+01
3.575196230995533853e+01
3.589141074762045491e+01
3.604631441313055973e+01
3.619604386386608041e+01
3.635189136008423816e+01
3.649368252039975857e+01
3.664344567937469321e+01
3.678778181177815298e+01
3.693830340614346142e+01
3.707618441066830428e+01
3.722567790372665542e+01
3.741206506499968043e+01
3.757731716005933720e+01
3.776198520111395140e+01
3.793520929483302950e+01
3.811761888383622221e+01
3.827906194782383409e+01
3.845902768945790484e+01
3.862470113751215450e+01
3.879900389489755952e+01
3.898535734793102847e+01
3.915992977123306673e+01
3.934874392575540014e+01
3.952604671646299295e+01
3.969121454092368850e+01
3.987665787148858954e+01
4.005815733802336354e+01
4.022281953889032735e+01
4.036843658439758542e+01
4.050716029491189829e+01
4.065274363217952214e+01
4.082702953544516333e+01
4.099649516045167275e+01
4.118552841853126267e+01
4.135211198905414420e+01
4.149919534298285839e+01
4.164059885854332066e+01
4.177709782524553361e+01
4.194221508734683113e+01
4.211636615765424096e+01
4.229695550172043994e+01
4.246303344864953289e+01
4.262063377332562197e+01
4.276250920424016755e+01
4.290045762524420070e+01
4.306555803322572729e+01
4.321766391485114411e+01
4.339955102614095495e+01
4.356355591633624869e+01
4.373831373495594477e+01
4.391856599662635574e+01
4.409446989539159745e+01
4.426730634435551082e+01
4.444221585005325892e+01
4.463480532740807405e+01
4.481436657016717362e+01
4.499379297996802762e+01
4.517059014708200237e+01
4.534276928537419593e+01
4.552083051147220516e+01
4.570322324635566247e+01
4.586921692268589368e+01
4.603382856119363709e+01
4.620516499349644590e+01
4.634926516822284270e+01
4.652284319845740157e+01
4.668801102291806870e+01
4.688061735439265476e+01
4.706981915367028080e+01
4.724638036310723521e+01
4.739604239736340219e+01
4.755315395256572231e+01
4.771070371488244888e+01
4.786483209088237345e+01
4.802153914720974370e+01
4.818979127559148878e+01
4.834916128284528725e+01
4.850359303300151481e+01
4.866577767825968692e+01
4.882892300834587473e+01
4.899889425694593825e+01
4.917087114580068885e+01
4.932051632593726254e+01
4.948403244665865230e+01
4.963573382940916900e+01
4.981908724912044306e+01
4.999849680480148351e+01
5.015496790345185474e+01
5.029773660271509073e+01
5.046150553523337834e+01
5.059879664556575563e+01
5.076330715935461768e+01
5.093975038995302640e+01
5.109327201764060788e+01
5.124842849494753949e+01
5.140227035091103858e+01
5.155916280255603823e+01
5.172910034291657411e+01
5.189661089002765237e+01
5.207468897024547516e+01
5.225037376545346746e+01
5.242236750842802451e+01
5.260587261521742874e+01
5.279180471525621954e+01
5.293922515158062936e+01
5.308526355008262243e+01
5.324291443711805982e+01
5.338467188919405260e+01
5.356917138905085096e+01
5.375616529863622617e+01
5.393095682549547831e+01
5.409411900970142995e+01
5.426329811467144992e+01
5.441371858431818964e+01
5.459499894729557212e+01
5.477284106983631773e+01
5.494240781956147401e+01
5.510535090021019755e+01
5.525219829646193404e+01
5.541160201195516777e+01
5.557767995888436730e+01
5.575392094004532595e+01
5.593275745565352253e+01
5.610621750704962096e+01
5.624620527654789726e+01
5.639671001679352003e+01
5.655697329239603022e+01
5.673048390615151249e+01
5.691135977025398063e+01
5.707320733311657079e+01
5.723205486265695896e+01
5.739857101670058626e+01
5.757216590105504395e+01
5.775851935408839211e+01
5.794192333615904289e+01
5.811363055909722419e+01
5.829231538762734033e+01
5.847133729855320183e+01
5.864134225539286405e+01
5.880588647742143138e+01
5.895792494256762950e+01
5.910072735007038602e+01
5.925239502458129692e+01
5.940431551088906303e+01
5.956080346365922651e+01
5.971904424488714369e+01
5.986248710894184200e+01
6.002687964389218678e+01
6.018269343187098031e+01
6.035628831622519641e+01
6.052317526090417488e+01
6.070951185981784448e+01
6.088410113723967498e+01
6.103575195763078653e+01
6.119882987123779117e+01
6.138319453813628002e+01
6.154834550847716912e+01
6.170444581649221050e+01
6.188063623529394164e+01
6.205485472208045650e+01
6.221850567576021263e+01
6.237703297702465477e+01
6.251926234445448216e+01
6.267526152775081272e+01
6.282657526574615758e+01
6.299892294523627356e+01
6.316665259590458703e+01
6.333052265314155704e+01
6.348862860141139919e+01
6.366476845785357597e+01
6.381749794191114944e+01
6.398202530981986058e+01
6.412118722744861543e+01
6.428981014646558378e+01
6.444289356703865224e+01
6.460558383589061293e+01
6.478098211106225790e+01
6.496415013545579598e+01
6.515030133905177934e+01
6.529259812296078280e+01
6.546888966648114661e+01
6.561755730766995498e+01
6.576630921945768193e+01
6.593970185437460430e+01
6.611275740689572444e+01
6.627509373923216174e+01
6.645480666906928491e+01
6.662688468264285291e+01
6.679970427748696693e+01
6.698044530863114687e+01
6.714766933570594176e+01
6.731607315116576729e+01
6.747052175544169472e+01
6.763745926248000728e+01
6.778922806170963611e+01
6.793868784652842407e+01
6.809569827701196232e+01
6.825698965392149375e+01
6.843235422085351161e+01
6.860306705072432010e+01
6.876263930741548336e+01
6.892891950378229637e+01
6.907927255694978896e+01
6.924890672315399343e+01
6.941550714779666009e+01
6.959152902540041907e+01
6.976940485618081311e+01
6.992949959058545062e+01
7.009176850644269052e+01
7.025786330749164676e+01
7.041478946737620959e+01
7.058000785419622503e+01
7.075891178628380374e+01
7.093594491107467093e+01
7.109159015785544966e+01
7.124120162975226833e+01
7.138381864193732440e+01
7.152234010301400247e+01
7.167921570053938751e+01
7.185549038993985960e+01
7.202392791363938329e+01
7.219153958546897343e+01
7.236349962020409521e+01
7.253377424296023435e+01
7.270866689453841047e+01
7.287415494727507337e+01
7.304645206440572736e+01
7.321917053453090318e+01
7.337983830900850535e+01
7.354746683495811510e+01
7.370973575081532658e+01
7.387458334700016849e+01
7.404925689502067598e+01
7.421624496441843633e+01
7.437128346288692171e+01
7.454036144313819534e+01
7.471358553685730897e+01
7.489011303805460784e+01
7.505716852393140925e+01
7.520816203365097863e+01
7.538248164515619010e+01
7.556268334446711776e+01
7.573508158631668152e+01
7.588329416627125568e+01
7.604458554318077290e+01
7.619915212629491919e+01
7.635901090302239425e+01
7.652439783104038895e+01
7.667304861810929140e+01
7.684376144798000041e+01
7.701538440031936261e+01
7.717782185737446810e+01
7.734546723744368535e+01
7.753134877512313494e+01
7.770401668288910457e+01
7.786065632273742665e+01
7.802717247678107526e+01
7.820226737779644566e+01
7.837168244044367782e+01
7.852228830540768456e+01
7.867570880837661207e+01
7.882985403849613704e+01
7.897729132894063753e+01
7.915152666984697305e+01
7.931468885405283231e+01
7.947835666185247305e+01
7.965109198609766850e+01
7.982551272232144868e+01
7.999843344188413141e+01
8.016189900024654946e+01
8.032268475356249837e+01
8.049289195983955381e+01
8.064334613772572879e+01
8.079551943583035722e+01
8.096506933143577101e+01
8.113809117571730667e+01
8.130668038649470475e+01
8.147916289894330077e+01
8.164534197059133191e+01
8.180120632092916821e+01
8.197104273657079432e+01
8.213974992618689441e+01
8.229468729993662635e+01
8.246974849271248331e+01
8.262401170167052555e+01
8.279796052254054928e+01
8.297174080221259374e+01
8.312590288645216674e+01
8.329326174648500114e+01
8.345207556778599667e+01
8.361683889337152209e+01
8.378316965209744183e+01
8.394146099568483521e+01
8.410273551847457441e+01
8.427585848747494879e+01
8.444331847222683507e+01
8.461485715396716500e+01
8.478632841922838281e+01
8.494611977947663206e+01
8.511568652920173861e+01
8.528527013304680793e+01
8.545259528484038469e+01
8.561665073739516174e+01
8.577885223677309057e+01
8.594988529491988061e+01
8.611212760676238531e+01
