3.655979112263084554e-05
3.763991566938062294e-06
3.382064864573355550e-06
3.370718901988359581e-06
3.358332080566126757e-06
3.356429158698760950e-06
3.354458824168931779e-06
3.351339589241935410e-06
3.345604462146395332e-06
3.343021499400370628e-06
3.340275772708488651e-06
3.337501433212206137e-06
3.334956522333104477e-06
3.326075345460639430e-06
3.318054212299885631e-06
3.313461151058672614e-06
3.306571948306931408e-06
3.289768262171208333e-06
3.282875014771745421e-06
3.280617911426532596e-06
3.276673968295597048e-06
3.265500601652315605e-06
3.261537963154143682e-06
3.256625493838401597e-06
3.253214321004347188e-06
3.246732775939681587e-06
3.236425140314478957e-06
3.233850239622069132e-06
3.231021408360396646e-06
3.226204262128530605e-06
3.223046105802754463e-06
3.218629368767942304e-06
3.215787265137481127e-06
3.211100886130488905e-06
3.184426583489748025e-06
3.179937644258176498e-06
3.172061156129772437e-06
3.171637150674811801e-06
3.167792289706156397e-06
3.163657993154869247e-06
3.160801485322873786e-06
3.157389390629019679e-06
3.150201765855164756e-06
3.146250426573093396e-06
3.141926520390970080e-06
3.136044963978600318e-06
3.130009733421370666e-06
3.125647728040453556e-06
3.123152579300481175e-06
3.120020968456156491e-06
3.116296490253701930e-06
3.112177668534766122e-06
3.107832797526681683e-06
3.103784726679095227e-06
3.098041761363970906e-06
3.095464348380931577e-06
3.092133524426422710e-06
3.090132525201585793e-06
3.085751463450762949e-06
3.079334426788415773e-06
3.068538746415214364e-06
3.067539719998385920e-06
3.063092552037845042e-06
3.058389453110956637e-06
3.052800053524245102e-06
3.047761690245722152e-06
3.044667444360942237e-06
2.979639721386931650e-06
2.975394699904341783e-06
2.955887025851056131e-06
2.952245878907972374e-06
2.949825876569702462e-06
2.948660960783813455e-06
2.940966424297999374e-06
2.935303927736822986e-06
2.931144440658154381e-06
2.924930101271047548e-06
2.922273190885861261e-06
2.913072386360562548e-06
2.912514200614097524e-06
2.908921028174171839e-06
2.902029090282705486e-06
2.896846081079397614e-06
2.894615293457526210e-06
2.887428684850565874e-06
2.882552633925227385e-06
2.881264826709863098e-06
2.873330825155787136e-06
2.872152826525303133e-06
2.865224673181155506e-06
2.864752972577691883e-06
2.858270910205209352e-06
2.852220643736008960e-06
2.849583637213408722e-06
2.840459506904849319e-06
2.824398311855246546e-06
2.819830730406320401e-06
2.812127753159067623e-06
2.809507179293396808e-06
2.807229134492304026e-06
2.801843273678553609e-06
2.791028967679181282e-06
2.786538956109398740e-06
2.783859635045859576e-06
2.773334313188907876e-06
2.772500471183883063e-06
2.770339827580197370e-06
2.767575818508204662e-06
2.761700196403925485e-06
2.756906151298846984e-06
2.749401810261542483e-06
2.744164539243290869e-06
2.737951509382293548e-06
2.733395694424301887e-06
2.733052212918611899e-06
2.727799799217634706e-06
2.724599061762751912e-06
2.705273962751105992e-06
2.703562293360303838e-06
2.702019121733419504e-06
2.700536142603579421e-06
2.696707425455135461e-06
2.688738316446074503e-06
2.680950181269603232e-06
2.576187978342710602e-06
2.515533872840329042e-06
2.488037870822139165e-06
2.457647491543596938e-06
2.438415921681048232e-06
2.422365187498071377e-06
2.389657377340012193e-06
2.395800068934012466e-06
2.386350259787042491e-06
2.378053740742082234e-06
2.378372706664448488e-06
2.374575863840157475e-06
2.372589428348825249e-06
2.361320133972207295e-06
2.359130611251074299e-06
2.346856040568673060e-06
2.312874010302302960e-06
2.302116463322325316e-06
2.297670643275196726e-06
2.288998693920484090e-06
2.293461316820934175e-06
2.284844882250804859e-06
2.278764946714383141e-06
2.253473817034816757e-06
2.251033750281577844e-06
2.228086025769736872e-06
2.204759642597993802e-06
2.196772664101996980e-06
2.182800536027146053e-06
2.181879998982396746e-06
2.173858423455536551e-06
2.165816233938725952e-06
2.156698146381741107e-06
2.151343588341892764e-06
2.154478359729417164e-06
2.139823954363317104e-06
2.145630003024751931e-06
2.151897262493711060e-06
2.136766697739221136e-06
2.119591087790937729e-06
2.126826560020808538e-06
2.118219802525519511e-06
2.115859361600722761e-06
2.113604514029855413e-06
2.085515380040853748e-06
2.074327414505981811e-06
2.066788250821966488e-06
2.065316133424104231e-06
2.059882866739938615e-06
2.068067384575770648e-06
2.075565202910683512e-06
2.057745724996649949e-06
2.060728250716714608e-06
2.053406121493656069e-06
2.051262229392970611e-06
2.048160891377278474e-06
1.932025239514385385e-06
1.913561327674423078e-06
1.905226656427138506e-06
1.895379432356219309e-06
1.896081012798034302e-06
1.850462577109099953e-06
1.865159080502700454e-06
1.848197764315118367e-06
1.861696206709271829e-06
1.829903824025666947e-06
1.833804120581875251e-06
1.799042315349791071e-06
1.810829698831029358e-06
1.779851354715569021e-06
1.757956029346837540e-06
1.748273358222327278e-06
1.710004021942952666e-06
1.705379681568551486e-06
1.718024043164300651e-06
1.696850267724261788e-06
1.656201072829685069e-06
1.621258203575822679e-06
1.578918047702310766e-06
1.575170718752508570e-06
1.579878211761895924e-06
1.558103718190848484e-06
1.545313227973025569e-06
1.533481160069949956e-06
1.565247851182111769e-06
1.569863404129467096e-06
1.545702753585008822e-06
1.553000311259497397e-06
1.540777772812761334e-06
1.525403311470752623e-06
1.523172607707601087e-06
1.532800164003755241e-06
1.516259703460437615e-06
1.531415740260250863e-06
1.528348976139423147e-06
1.501810456979543614e-06
1.502216295269156069e-06
1.469752941229857812e-06
1.463317133643960007e-06
1.475086040476675881e-06
1.470521558994215724e-06
1.448126958438787539e-06
1.449542765620016331e-06
1.438342738977763463e-06
1.406525340057682116e-06
1.407120881641442258e-06
1.410371766368805712e-06
1.404358187771734575e-06
1.417460359322915714e-06
1.412076320710000666e-06
1.389294676118959150e-06
1.384440615809519852e-06
1.373191284075159962e-06
1.424818464747323362e-06
1.380434167088525645e-06
1.388229309397747421e-06
1.405380060163787381e-06
1.410394974477919980e-06
1.404440101764185651e-06
1.430553640322694861e-06
1.432754855326001485e-06
1.451055266215304451e-06
1.443259429460934486e-06
1.433813643297692885e-06
1.460633410341115738e-06
1.486210670314800020e-06
1.465080603040013629e-06
1.487254577835289060e-06
1.514080025566845355e-06
1.475039375520983987e-06
1.520133089315034770e-06
1.526263616691398952e-06
1.532057227374036060e-06
1.525238299815443848e-06
1.521570376759250132e-06
1.521103651870681622e-06
1.530238595396884813e-06
1.595966619176659714e-06
1.567372669571029676e-06
1.558822279958792420e-06
1.593534421897803784e-06
1.608763407164209498e-06
1.665990588888515506e-06
1.665514993895522668e-06
1.569067698714233290e-06
1.561793326472287101e-06
1.581053128276184414e-06
1.555083851122924299e-06
1.557350514841586913e-06
1.615814746652008242e-06
1.646189880092900814e-06
1.656150789483759383e-06
1.627770281247448377e-06
1.610663743098882173e-06
1.618513038536189340e-06
1.631132718820411160e-06
1.606146078878489243e-06
1.640894296245621440e-06
1.591277019818084834e-06
1.655612249018801953e-06
1.613957264026519234e-06
1.712250559852140568e-06
1.666396481645346871e-06
1.656713185823844391e-06
1.733319795630246415e-06
1.721873145662891451e-06
1.795517055449324652e-06
1.773864334829816025e-06
1.792385937766259571e-06
1.839244822725895873e-06
1.823772934462408290e-06
1.825975084131650524e-06
1.850927859477317128e-06
1.949254693854990390e-06
2.033077722123937794e-06
2.040377437092931562e-06
2.180079186991927021e-06
2.162350938409018179e-06
2.236302944812293763e-06
2.319728957232832319e-06
2.293781388937601729e-06
2.328496214540050264e-06
2.415640573833986851e-06
2.445100262727674141e-06
2.544461543634894281e-06
2.597926309509350321e-06
2.745480162365862379e-06
2.794158000651827824e-06
2.838321457889355596e-06
2.935941830313519119e-06
2.910669189429772950e-06
3.076674068966673460e-06
3.155752985064073331e-06
3.130135139172993766e-06
3.123313444143749835e-06
3.128712854522779463e-06
3.194967817892359742e-06
3.236505537185827089e-06
3.336907029231722125e-06
3.373971656970841955e-06
3.432860702950345293e-06
3.560220190079224256e-06
3.560902235134684410e-06
3.630497824457385462e-06
3.656655241621579693e-06
3.870302066413284849e-06
3.995481784715743794e-06
3.941547646748185596e-06
3.886320068170049398e-06
3.949960416434180474e-06
4.171360584539959521e-06
4.144625752982283269e-06
4.268762281439970485e-06
4.364775909876355403e-06
4.696850182843468420e-06
4.950127907169104153e-06
4.790048580391437138e-06
4.729984188482182245e-06
4.843095566929896128e-06
5.157041157019153144e-06
5.193711102700336758e-06
5.425175896917800830e-06
5.400802556734455051e-06
5.607669693490037119e-06
5.714746774577671547e-06
5.815321458783381549e-06
5.986221559481082026e-06
6.327183950404124260e-06
6.479993335510456643e-06
6.581424494339072706e-06
6.871437000925797207e-06
6.997191540516253789e-06
6.955361829901024373e-06
7.127084517955992273e-06
7.513572733468943301e-06
7.791140516684175453e-06
7.935291702522309989e-06
8.016926959003139444e-06
8.343619178495327021e-06
8.432530914291393162e-06
8.719223470188597921e-06
9.006347158149705269e-06
9.185964292889879553e-06
9.414727192185304766e-06
9.616510177364779956e-06
9.888515813535605971e-06
9.975117188876265423e-06
1.051286780008448968e-05
1.089483981349007608e-05
1.119156242734823462e-05
1.173540891325269190e-05
1.195050007399605476e-05
1.263064685581224029e-05
1.285325573467548503e-05
1.306716529090271360e-05
1.351569149266370038e-05
1.414712625008006724e-05
1.403997194856920416e-05
1.413368763204267597e-05
1.502569244820702047e-05
1.531762477471424272e-05
1.626869198695527966e-05
1.702211864422907531e-05
1.810998155522072444e-05
1.835239485275140991e-05
1.931665360508313142e-05
1.982146462117819982e-05
2.047947697105235063e-05
2.156102992996951936e-05
2.292481740184284627e-05
2.360052411475459502e-05
2.390388914232852486e-05
2.441813714320406950e-05
2.484078604612794669e-05
2.556013806262208776e-05
2.593949092553065556e-05
2.664162507486767103e-05
2.784846913714074767e-05
2.856549419088771406e-05
2.941431813162199448e-05
3.036859967914555189e-05
3.248163877422783095e-05
3.246213522078896787e-05
3.375893104069046440e-05
3.534580489923789230e-05
3.653783187236901649e-05
3.787495323068330134e-05
3.968732386711990490e-05
4.038950631374566561e-05
4.292047255931081049e-05
4.392372378511456491e-05
4.584352515913232796e-05
4.689982276801830680e-05
4.871161534277516941e-05
4.889851037800658617e-05
5.068418800028727853e-05
5.372945002828878391e-05
5.489185492046454032e-05
5.649895027795249168e-05
5.861618548839857593e-05
6.114743954421970884e-05
6.347104935730906827e-05
6.578556700849497358e-05
6.902851478547546800e-05
7.215884049448326610e-05
7.589266606627180999e-05
8.103284853182810032e-05
8.520675880273315518e-05
8.833985273703520876e-05
9.106523999076618847e-05
9.471863491041311361e-05
9.697577392863294390e-05
9.962344472016305746e-05
1.039780286827991502e-04
1.068540357212654812e-04
1.130937807904960153e-04
1.193235864727248990e-04
1.244747325926403474e-04
1.335729080617538704e-04
1.378169340228272853e-04
1.460215679956766461e-04
1.506244881649899036e-04
1.570162786333550791e-04
1.627041617105017121e-04
1.721035108492717947e-04
1.808732420996585590e-04
1.912781940117493410e-04
1.994266588033108119e-04
2.084473445213513669e-04
2.174888186971315476e-04
2.300591591889406895e-04
2.409369602231043698e-04
2.527748701757871557e-04
2.617897272358805211e-04
2.832816396192021401e-04
2.937741369516855706e-04
3.122608312235872164e-04
3.323899333462058698e-04
3.597506222195218811e-04
3.840559496019759454e-04
4.076862216067009661e-04
4.250659529834734628e-04
4.454065891561220249e-04
4.580516423890080451e-04
4.795410344400092705e-04
5.201043375604776911e-04
5.368306904011834564e-04
5.596165404514323897e-04
5.842845257512084296e-04
6.148580035496818436e-04
6.556042105444502078e-04
6.900265344023870850e-04
7.090643522959030887e-04
7.433054982017171710e-04
7.900111313829721784e-04
8.420247722808016193e-04
9.040847334321059411e-04
9.481190846012334424e-04
9.988004661656885077e-04
1.084550479480084206e-03
1.148535736052429300e-03
1.260716590541298421e-03
1.325605017242631033e-03
1.377295225347627012e-03
1.479609627543125323e-03
1.582449995829417937e-03
1.730720765534749786e-03
1.832177853219684295e-03
1.957974203422084211e-03
2.156959393782500924e-03
2.439216192169630596e-03
2.791811691552707406e-03
3.283953481208161471e-03
3.964274676105184261e-03
