1.193253986554185353e+00
8.643482374274267244e-01
5.889373391624260767e-01
3.842528014116752821e-01
2.725405943861876068e-01
2.381105856437676360e-01
2.243521049046944826e-01
2.158915297551406431e-01
2.106514284170161733e-01
2.063520464511722219e-01
2.034332741776905817e-01
2.015442809587365269e-01
2.005020400717594520e-01
2.000511292435178112e-01
2.000101342537492499e-01
1.999749672927157162e-01
1.999847537391247765e-01
1.999863215247661974e-01
1.999963556064368597e-01
1.999563482183434049e-01
1.999703162546977164e-01
1.999445398166079524e-01
1.999368814300383768e-01
1.999163424411077861e-01
1.999329130428737222e-01
1.999090268094735057e-01
1.999152094901437138e-01
1.998681405508322961e-01
1.998595007749303654e-01
1.998395141130266395e-01
1.998574043076941364e-01
1.998636168611706287e-01
1.998416686953848331e-01
1.998367127857544334e-01
1.998080056475779187e-01
1.997857669229169131e-01
1.997700642503230928e-01
1.997788503585443409e-01
1.997392113288105064e-01
1.997177015330056926e-01
1.997184247025982073e-01
1.996889226363109393e-01
1.996996376667674877e-01
1.996531824682686584e-01
1.996579989816950895e-01
1.996300057698825459e-01
1.995936470621978431e-01
1.995740722434256875e-01
1.995394564958860861e-01
1.995621920051721399e-01
1.995595919181097355e-01
1.995652948324479481e-01
1.995405672164044797e-01
1.995337222350508921e-01
1.995253137031434976e-01
1.995074730144674457e-01
1.994866188338721147e-01
1.994564637440928712e-01
1.994116619916307120e-01
1.993589896578969456e-01
1.993893951436733758e-01
1.993887873973903824e-01
1.994259441942158595e-01
1.992785972262839378e-01
1.992914798683075861e-01
1.992649179942678206e-01
1.992176495717745410e-01
1.992006225328577518e-01
1.992373959590097998e-01
1.992212983137892357e-01
1.992245027019555192e-01
1.992003265852031468e-01
1.991975668950843881e-01
1.991877095538196474e-01
1.991444109822718689e-01
1.991373025044599621e-01
1.990720549821368424e-01
1.990552049877151175e-01
1.990469626066454778e-01
1.990688349813756475e-01
1.990267312306834846e-01
1.989532165748676140e-01
1.989223648330094851e-01
1.989385449389861060e-01
1.989197194755962794e-01
1.988935640401971461e-01
1.988747650114742194e-01
1.988334487877059797e-01
1.988035177768497086e-01
1.987634260327714453e-01
1.987489453774806958e-01
1.987821953917091045e-01
1.987369999154619260e-01
1.987425153859083415e-01
1.987168714910351186e-01
1.986688382159188249e-01
1.986595148732137606e-01
1.986643276981131523e-01
1.986736162952336404e-01
1.986545073193257405e-01
1.984569451982701460e-01
1.984329094033553675e-01
1.983260238027296507e-01
1.982973060302614943e-01
1.982766374724537206e-01
1.982546292355676087e-01
1.982191156012054201e-01
1.982380642490535194e-01
1.982348413542525389e-01
1.982417801768300847e-01
1.982180538634205069e-01
1.981887923802762574e-01
1.981467037455386937e-01
1.980942733399360112e-01
1.979974594158658563e-01
1.980110306196442294e-01
1.979927746129837018e-01
1.979124102246313244e-01
1.978900931904803429e-01
1.978751517398968096e-01
1.978439571265634966e-01
1.977981734050842655e-01
1.977632872121459495e-01
1.977553984937374942e-01
1.977289408589462394e-01
1.976281234078348381e-01
1.975510327757289686e-01
1.975657616432932306e-01
1.974888624587904096e-01
1.974834103924195117e-01
1.974274119489813073e-01
1.974138685246386027e-01
1.973844379318596409e-01
1.973606633559397971e-01
1.973006826182819307e-01
1.972540822013244266e-01
1.971925288493297235e-01
1.972205168751101356e-01
1.971955384302718772e-01
1.971599652788905421e-01
1.971999174967223600e-01
1.971348231624703851e-01
1.970695467671977064e-01
1.970206157185573348e-01
1.969457445831759024e-01
1.969481718825154826e-01
1.969166361544148203e-01
1.969007099501776659e-01
1.968132263830795203e-01
1.967741243697797848e-01
1.966924531471028192e-01
1.965989412461013608e-01
1.965725824687064582e-01
1.965112986134791850e-01
1.964447250495548747e-01
1.964010701893663946e-01
1.964798224753880884e-01
1.964238559729375166e-01
1.963845260846024954e-01
1.962586109339718721e-01
1.961889907302489244e-01
1.961906536364923792e-01
1.960925322848299790e-01
1.961107472478431091e-01
1.959697477145954381e-01
1.958698963284090933e-01
1.958457373981261351e-01
1.958171839063845010e-01
1.957860333106568873e-01
1.957153330783723832e-01
1.957299243929507271e-01
1.955993822321623887e-01
1.955588752927663043e-01
1.955541346618611398e-01
1.954939775994376516e-01
1.954026848451972109e-01
1.953476032127697548e-01
1.953370322314931795e-01
1.953115085870608669e-01
1.952914384325949992e-01
1.952610247224398909e-01
1.951771588877221908e-01
1.951753666143943577e-01
1.951023729155347275e-01
1.950287656805698433e-01
1.950096273825340232e-01
1.949081016254286813e-01
1.948486690546521738e-01
1.947453122860494934e-01
1.945466426358227197e-01
1.945762809210251632e-01
1.945793697876604389e-01
1.944625276559787119e-01
1.943587160813363135e-01
1.943820343233135794e-01
1.942465407577860514e-01
1.941547217131781022e-01
1.941333226974359671e-01
1.940542975102583778e-01
1.939325980822896589e-01
1.938502506361367006e-01
1.937699134166330495e-01
1.936831878892613656e-01
1.935874235785061681e-01
1.935146809237900389e-01
1.935055065721915935e-01
1.934995527933750514e-01
1.933923256146188874e-01
1.932049817748896781e-01
1.930862735467620273e-01
1.929854502180312070e-01
1.930339203424850381e-01
1.928522456220688186e-01
1.927462727249702468e-01
1.926766782709360970e-01
1.925189318086212020e-01
1.923937436705090154e-01
1.923626390600302605e-01
1.922517181113690965e-01
1.923160762665048207e-01
1.922581909375751519e-01
1.921690632188380599e-01
1.919815972972675200e-01
1.918645010220956515e-01
1.918611496660406479e-01
1.917193470459687132e-01
1.915785950139324845e-01
1.914688589391131679e-01
1.914208061788233162e-01
1.914649287700789793e-01
1.913835414702973747e-01
1.912769278901974290e-01
1.911475326774161321e-01
1.910851975667762215e-01
1.910709365501457313e-01
1.910479187316019567e-01
1.908112854895133437e-01
1.907780528758417360e-01
1.906546105489180520e-01
1.904591063166443110e-01
1.905001402572248370e-01
1.903382463747061992e-01
1.901745684399531455e-01
1.901196555292806456e-01
1.899411994646467705e-01
1.897555402424462578e-01
1.897422835431656907e-01
1.896300242791569002e-01
1.895572612745864416e-01
1.893656786748443843e-01
1.892904490261416717e-01
1.891822184525972783e-01
1.891597492763192057e-01
1.890319388209022178e-01
1.888414250224050850e-01
1.887069765641214147e-01
1.886249328118959623e-01
1.883624543503877591e-01
1.882517607820791417e-01
1.882193107893144479e-01
1.879890610858678257e-01
1.877378413026141724e-01
1.876967002183030364e-01
1.876091129674100633e-01
1.876793367055073491e-01
1.876822644861708134e-01
1.877398431749711660e-01
1.874742983005526775e-01
1.873599877000292069e-01
1.871240180119560503e-01
1.869053716303293033e-01
1.866906100807661784e-01
1.865764940240694225e-01
1.865472971085185838e-01
1.864902821998822013e-01
1.863450246708271973e-01
1.859798024669840066e-01
1.859995319273482217e-01
1.858107335825529560e-01
1.856242143247534560e-01
1.853845291927956329e-01
1.853734799088462837e-01
1.854302723324583180e-01
1.851332119073593740e-01
1.850674867520831768e-01
1.851181982969810347e-01
1.848259885874405650e-01
1.845551406519377047e-01
1.845020000485201039e-01
1.842137418389097059e-01
1.840100457171972015e-01
1.838880990722960296e-01
1.837527229034229270e-01
1.835643104332160824e-01
1.831735107144520647e-01
1.833012512312128806e-01
1.832725506880643618e-01
1.833440873964145568e-01
1.829961078938159014e-01
1.826952941206320957e-01
1.827794747581770185e-01
1.823917131061239816e-01
1.822903116444120619e-01
1.821564960997537064e-01
1.821226237211832355e-01
1.817461604703150824e-01
1.815483666876451241e-01
1.812577414780647822e-01
1.809726123529311059e-01
1.809044132795513959e-01
1.810769045454118376e-01
1.809297840472926799e-01
1.807218137050361495e-01
1.802416579016355713e-01
1.801886281649129340e-01
1.800288274216901296e-01
1.797497120928845948e-01
1.796533114119650831e-01
1.794306982323167488e-01
1.791150555132293709e-01
1.788735138378226841e-01
1.788061659910152035e-01
1.787416009001118744e-01
1.785364820879878633e-01
1.781429892691676065e-01
1.779121140265303991e-01
1.778419665721224230e-01
1.773561772687637927e-01
1.771815456525837051e-01
1.769259266303708777e-01
1.768006808581853995e-01
1.766338612575418798e-01
1.765465539685811547e-01
1.763173515084443532e-01
1.762090083511247129e-01
1.761837221144497145e-01
1.760548571721959610e-01
1.757686283354993051e-01
1.755985138491221731e-01
1.752225705218635465e-01
1.749349294401262023e-01
1.745228087160173580e-01
1.744514040902016283e-01
1.739476323051282469e-01
1.736808628954007727e-01
1.736085454813329210e-01
1.730223092680786279e-01
1.729158084585589172e-01
1.727815107402716488e-01
1.724524120624085499e-01
1.725933930233224667e-01
1.721402843816059736e-01
1.719779723836259988e-01
1.718240669819133259e-01
1.721695368529543857e-01
1.717261629104700760e-01
1.713957418398499855e-01
1.713173187639217276e-01
1.712539937701537951e-01
1.712216887398237131e-01
1.711669910010943652e-01
1.707814002992362468e-01
1.706131628528069488e-01
1.702553690807499520e-01
1.703004651235042466e-01
1.696136180529637938e-01
1.695282934327580482e-01
1.692308697492443947e-01
1.686649302365576530e-01
1.682632886906767211e-01
1.683966505776380296e-01
1.681432461655643085e-01
1.677326448469547981e-01
1.677222096976499766e-01
1.680955134272173190e-01
1.673427543900691539e-01
1.667564505904338135e-01
1.667125838302500884e-01
1.664950184492692276e-01
1.664916581090105652e-01
1.660637648922405896e-01
1.654100616120337264e-01
1.652232628672709869e-01
1.649064653454047069e-01
1.643720515284955996e-01
1.641499128360540405e-01
1.636605132991029166e-01
1.628099954474181710e-01
1.625872946727072443e-01
1.618383357639023579e-01
1.615760052013386627e-01
1.613116807818985310e-01
1.612693553018917925e-01
1.609775565350107795e-01
1.602505414222996083e-01
1.603654415725996596e-01
1.597756553599229967e-01
1.594156112465307806e-01
1.595484588350296051e-01
1.593745732331452725e-01
1.588686565294225028e-01
1.583972485503006011e-01
1.580454998607533912e-01
1.580850659078117670e-01
1.577369295228240598e-01
1.568521155914018861e-01
1.565456354398848948e-01
1.564096136240347990e-01
1.560807103044850042e-01
1.562047124897860684e-01
1.555365493664251642e-01
1.554927544615160584e-01
1.553295630747887623e-01
1.548285769986228744e-01
1.550544790980894760e-01
1.554017994045298889e-01
1.553632805308764187e-01
1.554005300043867221e-01
1.552823547588787767e-01
1.554517138930947284e-01
1.554447013206728678e-01
1.556765062546002498e-01
1.547246266367128531e-01
1.552177674883538638e-01
1.547594728992234547e-01
1.533626790435787812e-01
1.530586737457799718e-01
1.525832232262012422e-01
1.518241004301152108e-01
1.520832437467795339e-01
1.526733583279916151e-01
1.528659416872882870e-01
1.529771130129828072e-01
1.530758159540596686e-01
1.533267286746038127e-01
1.528182444233768256e-01
1.530657526062705887e-01
1.526474007892106299e-01
1.530246308046749049e-01
1.532079640655730213e-01
1.528452683994971084e-01
1.532063181598385115e-01
1.522090826491935001e-01
1.536217134120126948e-01
1.533786556308187332e-01
1.536472507602999749e-01
1.544179186967046535e-01
1.543224113636209316e-01
1.548804385134778805e-01
1.564535549547632909e-01
1.557653434284853866e-01
1.559198603346296785e-01
1.560226366279807153e-01
1.565460226973576785e-01
1.568025377289070099e-01
1.579289261959214707e-01
1.590153945537720048e-01
1.595560917801745748e-01
1.592192795645555603e-01
1.602949573814864692e-01
1.607849858304627455e-01
1.614229767362900247e-01
1.613001171600579042e-01
1.628583176500551510e-01
1.650368464117206724e-01
1.662056978934140228e-01
1.681238249753753689e-01
1.703301816147936576e-01
1.721003316927776639e-01
1.734507209621057866e-01
1.752335729686797239e-01
1.778522544315909448e-01
1.789218777742140332e-01
1.807783225250422232e-01
1.821720434952927292e-01
1.859048120927250247e-01
1.874800202630862722e-01
1.896395423269540415e-01
1.922742060209644277e-01
1.942053110100156188e-01
1.969492448627833125e-01
2.012726747953052786e-01
2.030807965584159602e-01
2.058006395521204124e-01
2.094069491297277374e-01
2.117180560052168703e-01
2.161349370271759551e-01
2.209237328755453422e-01
2.284423794264680008e-01
2.339750135795934105e-01
2.401063011537929448e-01
2.429043986103836816e-01
2.476477300551212513e-01
2.518918781262348139e-01
2.554149346325745862e-01
2.588453016188218547e-01
2.666760599161258627e-01
2.745568214870962587e-01
2.791523446126519259e-01
2.829739424306155771e-01
2.931517763973233159e-01
3.005670317958187843e-01
3.073389854934303611e-01
3.136012995045028839e-01
3.188625502288164326e-01
3.266282489595140337e-01
3.316720660144650834e-01
3.375840120403584277e-01
3.438507903685622535e-01
3.541068116166596891e-01
3.642331811952765341e-01
3.763150312427482325e-01
3.910777140212531311e-01
4.039164754743437835e-01
4.139143778565667620e-01
4.222890740923345709e-01
4.415855484556472921e-01
4.575764736694914459e-01
4.683410038477505699e-01
4.856302264670024904e-01
5.016835006282156506e-01
5.204507014450652225e-01
5.452483972630163267e-01
5.790245010292549566e-01
6.075876507240435265e-01
6.430145593983220831e-01
6.780279806104029250e-01
7.263010511417423709e-01
8.044550222591366762e-01
