1.508862138368149758e-03
1.599648720785490641e-01
3.220618354017806828e-01
4.853611600747634314e-01
6.504216901051299571e-01
8.142459894519492591e-01
9.787815448084801195e-01
1.142842929491870274e+00
1.310443659556922436e+00
1.476672681603244497e+00
1.643579090325482772e+00
1.809096856362091055e+00
1.971634121024667952e+00
2.141470227120243930e+00
2.337453458906193493e+00
2.534368097371529682e+00
2.734212433210204019e+00
2.931719785016970281e+00
3.129498091494100631e+00
3.326683684629800908e+00
3.522158876408813200e+00
3.716245425502193722e+00
3.911314185275651667e+00
4.108042542405108577e+00
4.301434770155679210e+00
4.497282524606444731e+00
4.692639173717171985e+00
4.887352305485779702e+00
5.084961265293933330e+00
5.281266255750949767e+00
5.482871796947009990e+00
5.684934574149308695e+00
5.883762829974109820e+00
6.085453044504655296e+00
6.285212707008829724e+00
6.479705688107769035e+00
6.673351935861804307e+00
6.862290346218223647e+00
7.057240563323405880e+00
7.251530328419563354e+00
7.449359438897378283e+00
7.645376540017128519e+00
7.842646806487326039e+00
8.039425967617471969e+00
8.231141663345152182e+00
8.422603339069357986e+00
8.617096320168288415e+00
8.813892415965344895e+00
9.004846051682621422e+00
9.194800542052913528e+00
9.385432419099112522e+00
9.570797614740078174e+00
9.770997578583614285e+00
9.968589603724872461e+00
1.015852715942827977e+01
1.035102184983325735e+01
1.054649704161227497e+01
1.073711198399159272e+01
1.092305295830708722e+01
1.111488719670305514e+01
1.129822023231625749e+01
1.148715864267269460e+01
1.167201579830672209e+01
1.185937928464162994e+01
1.205390613507437614e+01
1.223952535071881087e+01
1.243068220243886302e+01
1.262233015949894543e+01
1.281756826594140009e+01
1.300987667501051170e+01
1.319327744929130120e+01
1.338643259170529909e+01
1.358629386221088531e+01
1.376500373376097563e+01
1.395407762145258523e+01
1.413944281709354023e+01
1.432162429535769554e+01
1.450741285767111677e+01
1.470219372810730185e+01
1.489722861854697022e+01
1.508530336089158475e+01
1.527122740054018912e+01
1.545572892816936061e+01
1.564720753856045476e+01
1.584129408765384817e+01
1.604178194083464959e+01
1.621874754169424193e+01
1.640377404399725236e+01
1.659237376101570760e+01
1.677672287664279338e+01
1.695890435490693804e+01
1.713024764635642327e+01
1.732021907139360195e+01
1.749980954562236946e+01
1.767994192919186602e+01
1.786774571686614621e+01
1.804486372972782604e+01
1.822054229590315444e+01
1.839860865011105773e+01
1.858786881913855638e+01
1.877152361342277942e+01
1.895172373565982227e+01
1.914056053801483870e+01
1.931088774945043696e+01
1.948687113962989770e+01
1.966676643786281531e+01
1.985480731087368511e+01
2.003526145311421303e+01
2.021239640064270660e+01
2.039832044029133229e+01
2.058680161464144120e+01
2.077345384496663527e+01
2.095937788461518281e+01
2.114984041499236511e+01
2.134587445077904633e+01
2.153494833847059553e+01
2.173074528892061963e+01
2.192212229131036594e+01
2.209539613478616360e+01
2.228296283712387194e+01
2.245642296193561194e+01
2.264349855893328467e+01
2.281733124641675303e+01
2.300506729542334838e+01
2.317248174415252748e+01
2.335935412514733045e+01
2.354685308881748185e+01
2.373191346045423344e+01
2.391646579208412504e+01
2.410504857443561022e+01
2.428695909802935660e+01
2.446975022430184410e+01
2.463933231039397498e+01
2.481031997383855625e+01
2.500474521626989599e+01
2.518350589182061938e+01
2.536274073804451490e+01
2.554366905095823626e+01
2.571574053308433960e+01
2.587726171773304173e+01
2.604269481043515100e+01
2.621410584055225357e+01
2.636705808375061011e+01
2.655279584206327925e+01
2.674195440308936611e+01
2.693538050017373564e+01
2.711805308377788748e+01
2.730511174610863279e+01
2.749406709113192093e+01
2.768171846680411008e+01
2.785411170760127320e+01
2.803653027120194352e+01
2.822052375882418929e+01
2.839181624627296330e+01
2.856275310571690085e+01
2.873585760252375465e+01
2.889085894041678770e+01
2.906663911459354566e+01
2.925984506100821037e+01
2.944211121260683228e+01
2.962889892026727168e+01
2.981285853855563062e+01
3.000088247689957655e+01
3.018347038716922270e+01
3.033974182507956385e+01
3.050779979115083407e+01
3.067484167720827770e+01
3.083829341388332779e+01
3.102177886149862118e+01
3.121408727056770616e+01
3.140004517955007657e+01
3.157953404577745715e+01
3.176828617479799277e+01
3.195324493843335034e+01
3.213840691807153860e+01
3.231288312289714781e+01
3.250671565198708635e+01
3.267418090471686298e+01
3.283705686271743218e+01
3.301839160763663727e+01
3.320307941660166051e+01
3.338729305489351873e+01
3.355689207565252730e+01
3.373213034048855263e+01
3.391200870405460677e+01
3.409637475434861642e+01
3.425373001094045833e+01
3.442280405702560842e+01
3.459545131782623884e+01
3.478330590950112366e+01
3.496221899705398073e+01
3.513132691247294304e+01
3.530050256655949426e+01
3.546119395253019491e+01
3.563399362533291281e+01
3.581375344623067747e+01
3.599957587787786650e+01
3.618533057085759452e+01
3.636839265180037017e+01
3.651511293758030519e+01
3.670269657458497647e+01
3.688597880619744274e+01
3.703650939202938019e+01
3.722178991433591477e+01
3.740342948325935168e+01
3.759306221495852895e+01
3.775536239428458174e+01
3.793496980318025180e+01
3.812158816417161944e+01
3.829540391698824919e+01
3.846737379111296917e+01
3.864687959200725942e+01
3.882807885959134353e+01
3.901132722187011126e+01
3.917950373060971003e+01
3.934552953665323116e+01
3.951920981213457651e+01
3.968933380756742224e+01
3.986836543778856878e+01
4.005412013076821154e+01
4.021355835138853507e+01
4.036730652393114838e+01
4.053626202734799477e+01
4.072572541237823174e+01
4.090013387853615967e+01
4.106954661795931116e+01
4.122505599585926461e+01
4.139827903533443276e+01
4.157267056682552919e+01
4.175234571438879527e+01
4.193422236864881825e+01
4.211711510292272465e+01
4.229516452246379998e+01
4.247080921930538011e+01
4.264958682952298119e+01
4.282028660363046413e+01
4.299220567375445512e+01
4.318409071615110406e+01
4.336495129039728624e+01
4.350969022015018339e+01
4.365779914861565913e+01
4.381859214258776092e+01
4.396455036835732244e+01
4.414713827862712492e+01
4.432987860089883014e+01
4.449775028563436052e+01
4.467911889988740626e+01
4.484397621391502042e+01
4.501504855069413935e+01
4.517460531398268131e+01
4.534322212406173236e+01
4.552516651698926609e+01
4.568548534028816732e+01
4.583809889014858641e+01
4.600595364021706501e+01
4.617326648094490338e+01
4.635849619925068765e+01
4.654870470962445950e+01
4.672658478249648084e+01
4.691701344354009962e+01
4.709997391648150966e+01
4.725536475171318074e+01
4.739968031479354238e+01
4.758484229443173064e+01
4.774404342971546100e+01
4.790873139707406381e+01
4.809062498600103197e+01
4.825861521340474525e+01
4.842430232611034313e+01
4.858905803213651353e+01
4.875811514355481791e+01
4.890129608395312744e+01
4.904911712308141603e+01
4.920931740371210594e+01
4.937701974177853259e+01
4.953699987173948216e+01
4.971125592589541498e+01
4.988561358805272761e+01
5.004583080335043377e+01
5.021536208544173263e+01
5.039910155306051109e+01
5.058025001664388753e+01
5.075567456281575573e+01
5.091848278214884260e+01
5.106867467464285681e+01
5.122543721789320159e+01
5.139610312266674441e+01
5.154661677383182905e+01
5.169714735966379493e+01
5.187221627783073785e+01
5.204835208001241398e+01
5.220873864197903913e+01
5.235676289710997366e+01
5.254329658476694220e+01
5.270808616012691772e+01
5.286384955803032426e+01
5.300462577572906042e+01
5.315767962692875415e+01
5.333351060510638320e+01
5.349318591106322174e+01
5.366058342512536683e+01
5.383980133668244150e+01
5.402042482559196657e+01
5.419750896911978089e+01
5.435503357238061994e+01
5.453010249054774050e+01
5.468036212170936494e+01
5.482679451815187832e+01
5.500934855908776910e+01
5.517098828640477848e+01
5.534148484450938099e+01
5.549320085702414929e+01
5.567685565130845760e+01
5.584161135733466352e+01
5.599307334984601425e+01
5.616160548659044593e+01
5.632752968463260856e+01
5.647621439177265756e+01
5.664857376323598004e+01
5.682557323342933131e+01
5.697146372053130392e+01
5.712883591178997023e+01
5.727694484025557387e+01
5.743369044883898056e+01
5.760129117890403450e+01
5.778274446649157881e+01
5.797214011285424817e+01
5.815731902715948110e+01
5.832945824795301348e+01
5.850368043277517671e+01
5.866635317477299338e+01
5.884794193969570841e+01
5.901845543246717085e+01
5.919789349469392192e+01
5.937076090616421453e+01
5.952654123873458758e+01
5.967886689925786214e+01
5.984875380935405076e+01
6.002521137020671915e+01
6.019291370827317422e+01
6.034781343816479193e+01
6.052860627374330704e+01
6.068733323835395055e+01
6.085361306440100293e+01
6.101515118371651170e+01
6.116652850289342780e+01
6.132600059284748539e+01
6.150808046311024668e+01
6.167856008654801769e+01
6.181992901758817283e+01
6.195516759921121519e+01
6.210618929038316338e+01
6.226430660698543562e+01
6.243932472115180587e+01
6.262662046881906264e+01
6.280517792836710100e+01
6.297685991315460541e+01
6.313639974177629455e+01
6.330396660250764285e+01
6.347026336322147699e+01
6.361911741703050183e+01
6.377616784961819718e+01
6.395376003315296742e+01
6.411037016440130287e+01
6.428474476122562464e+01
6.445051654726567847e+01
6.460067457042586625e+01
6.474761500687539240e+01
6.489726499002867399e+01
6.504826974653384752e+01
6.522045977132822259e+01
6.539518999615724226e+01
6.555513625678442224e+01
6.572314341885501676e+01
6.589192957560294417e+01
6.604645674282285484e+01
6.621016249950136512e+01
6.636477434005574594e+01
6.653611763150523473e+01
6.669279550142108803e+01
6.686009140748218726e+01
6.703656590300153084e+01
6.721256622784790125e+01
6.738844801002609586e+01
6.754268728790864884e+01
6.769074541237354481e+01
6.786329106517283094e+01
6.802432114448147615e+01
6.818242152641691689e+01
6.833930261233565773e+01
6.851816489588780712e+01
6.866950834573101758e+01
6.883848078381485891e+01
6.901673341935872941e+01
6.920423238302878133e+01
6.937676110116112227e+01
6.954779956860640766e+01
6.970698376922331363e+01
6.987255233926065046e+01
7.003122849987047971e+01
7.019313918185791579e+01
7.037381347476825511e+01
7.053631687009691120e+01
7.070263056547766212e+01
7.087080707421714010e+01
7.104294629501087854e+01
7.120985270373314791e+01
7.135222078012029101e+01
7.150180302460599080e+01
7.167334953205825343e+01
7.185409156363611771e+01
7.202209872570678328e+01
7.219356055982466103e+01
7.234249928696826260e+01
7.251042177570451486e+01
7.266223939622065586e+01
7.283490359168828832e+01
7.300174226174308956e+01
7.318377132800489449e+01
7.335142286207077689e+01
7.352083560149407049e+01
7.367854648609063872e+01
7.382535144520504389e+01
7.396948072694941345e+01
7.413130673560239359e+01
7.427972048807208694e+01
7.444867599148895465e+01
7.462464244700176152e+01
7.479397051309051392e+01
7.497820108604921074e+01
7.513183071592354167e+01
7.529497762859449494e+01
7.547556724817006568e+01
7.565090712100770531e+01
7.583246201659663654e+01
7.600841153744241296e+01
7.616270161932570204e+01
7.632324059329428678e+01
7.648054504588550628e+01
7.664201542653347587e+01
7.681003952327131401e+01
7.698283919607412429e+01
7.715348816618086403e+01
7.731568673750544463e+01
7.748760580762953509e+01
7.766098125910663441e+01
7.782881907450834547e+01
7.800368477667278455e+01
7.817558691212983035e+01
7.833815804612611089e+01
7.849869702009473826e+01
7.864773735523972675e+01
7.880485552649493286e+01
7.896346394843725136e+01
7.914625507470981347e+01
7.930669244067730972e+01
7.947071995602694017e+01
7.961749104580752601e+01
7.978531192654223503e+01
7.995130386325206473e+01
8.012782916277238598e+01
8.029471863682772437e+01
8.045756072549450266e+01
8.062187613018156185e+01
8.079327022563167304e+01
8.096691663177918485e+01
8.114623615133777434e+01
8.131024673202033171e+01
8.146431666323390175e+01
8.160829353297644673e+01
8.177105094830886856e+01
8.193341886630255999e+01
8.208752266684992094e+01
8.224711329947213301e+01
8.241073438281624419e+01
8.257657390752389404e+01
8.274695192296054813e+01
8.290029366349736506e+01
8.306498163085616682e+01
8.323334442093158714e+01
8.340668600307503766e+01
8.358172105190823231e+01
8.375780605008910129e+01
8.392838728152835870e+01
8.408614897012576250e+01
8.424545171341084426e+01
8.441000420343419819e+01
8.455995901059192477e+01
8.472148019524057361e+01
8.488174821453891639e+01
8.504901025126609682e+01
8.521998098004381461e+01
8.538703980076830646e+01
8.553950093862658832e+01
8.570842257270972198e+01
8.587766596546377684e+01
8.604137172214262819e+01
8.621020868289134853e+01
8.636404152876848173e+01
8.652048231334769923e+01
8.668332440201413647e+01
8.686411723759286474e+01
8.702905922495496327e+01
8.720031784306991085e+01
8.736317686640359170e+01
8.753186141515033114e+01
8.770125721990666534e+01
8.786713061394807767e+01
8.803742395604992055e+01
8.820324654609072468e+01
8.837428501353616639e+01
8.853622956485750706e+01
8.869675160415926030e+01
8.885547856876968353e+01
8.902633075487932501e+01
8.920050213570073083e+01
8.937909346458262405e+01
8.954127510124041578e+01
8.971128055400480150e+01
8.986863581059664341e+01
9.002858207122403655e+01
9.019863832798939995e+01
9.035882167395317310e+01
9.052315401330697853e+01
9.068665655398280023e+01
9.085781356409641774e+01
9.102275555145845942e+01
9.119313356689484351e+01
9.135758277213248846e+01
