8.611612164602121255e-03
3.985726435362567377e-03
1.838184585273208889e-03
8.374024515467312158e-04
4.712468509455110840e-04
3.771678561349421036e-04
3.389078572569826850e-04
3.202236806279174842e-04
3.093855190159152269e-04
3.014846773431760431e-04
2.958590116616127978e-04
2.923790062566168613e-04
2.903093693220133351e-04
2.893174947387980333e-04
2.892554517403027521e-04
2.892184865779971813e-04
2.892008858849112545e-04
2.891934601548867769e-04
2.891810091332623514e-04
2.891689290965846816e-04
2.891569938672986753e-04
2.891209475716341915e-04
2.891053435068325207e-04
2.890894042674124298e-04
2.890632908354694706e-04
2.890532124162669206e-04
2.890464811595514351e-04
2.890315462327847844e-04
2.890176270037804669e-04
2.890034475388598371e-04
2.889908420520794136e-04
2.889844513358984473e-04
2.889738733666484104e-04
2.889652186678378742e-04
2.889516068175222480e-04
2.889276748306341021e-04
2.889120455607566119e-04
2.888567648015892336e-04
2.888408031212579257e-04
2.888202820889728024e-04
2.888042348690272030e-04
2.887774451003165656e-04
2.887662173945210382e-04
2.887427366122333216e-04
2.887275605020515803e-04
2.887081057902070942e-04
2.886833772035980825e-04
2.886697499000429111e-04
2.886504402450009864e-04
2.886174611508951038e-04
2.885703127910248895e-04
2.885529583900105525e-04
2.885432753394769046e-04
2.885308855903816845e-04
2.885080047440440076e-04
2.884758440563999198e-04
2.884556753562886496e-04
2.884225574093775908e-04
2.884038051764177915e-04
2.883899991062070615e-04
2.883552872409832365e-04
2.883314271014611463e-04
2.882680754516124587e-04
2.881606191210262890e-04
2.881440161491017476e-04
2.881225397111779069e-04
2.880835051840730811e-04
2.880591080102476247e-04
2.880488089905050152e-04
2.880300450247111105e-04
2.879867137470893757e-04
2.879590988675944621e-04
2.879524444737653665e-04
2.879281266986286514e-04
2.878895163881272398e-04
2.878601780204448736e-04
2.878346358978767770e-04
2.878085298512170122e-04
2.877893343237309634e-04
2.877621915599668369e-04
2.877367631947831661e-04
2.877044541109986505e-04
2.876761342838175741e-04
2.876403541765461410e-04
2.876091061155549048e-04
2.875959707760966351e-04
2.875666124773408757e-04
2.875346498396573881e-04
2.875057882179488295e-04
2.874500340253255469e-04
2.874240029024104537e-04
2.873720863918130140e-04
2.873272791054527612e-04
2.872810372345400661e-04
2.872496354207103525e-04
2.871902098415067398e-04
2.871600934746247505e-04
2.871237280738146388e-04
2.870805612724349918e-04
2.870472857704285522e-04
2.869127174731470899e-04
2.868715392733156306e-04
2.867523123270082045e-04
2.867305352103355375e-04
2.866883323202194691e-04
2.866460316207177015e-04
2.865894704495913011e-04
2.865525441902045398e-04
2.865116146737742633e-04
2.864892831801003144e-04
2.864435840766332451e-04
2.863976167574466304e-04
2.863723229546259481e-04
2.863242240089036760e-04
2.862856452624508398e-04
2.862312207452923974e-04
2.862027716036247391e-04
2.861483012970112241e-04
2.861145350775897854e-04
2.860758878811604138e-04
2.860455044667060010e-04
2.859624309784098177e-04
2.858957688692780183e-04
2.858549416013440869e-04
2.857967338550607031e-04
2.857411245548698909e-04
2.856623977158212718e-04
2.855814460739566647e-04
2.855387425928992300e-04
2.854858501995947355e-04
2.854549896820890290e-04
2.854060028141485838e-04
2.853462840088441814e-04
2.852748870416130342e-04
2.852316801745995796e-04
2.851670329401064961e-04
2.851308005222318660e-04
2.850934271456652359e-04
2.850422906141033652e-04
2.849472783120370663e-04
2.849067486844227524e-04
2.848615134334450336e-04
2.847867774139144193e-04
2.847002373691873839e-04
2.846530272472714966e-04
2.846132982891295287e-04
2.845634798844930841e-04
2.845131863021027239e-04
2.844227875755253533e-04
2.843716015406168025e-04
2.843092786818261016e-04
2.841959506802819459e-04
2.841498532004748767e-04
2.840048647255078058e-04
2.838969524905511198e-04
2.837529071621810030e-04
2.836579469955302093e-04
2.835835628618840667e-04
2.835518110964847858e-04
2.834659738852778120e-04
2.834002189287253043e-04
2.832732752067893879e-04
2.831863136409616677e-04
2.831204473718990609e-04
2.830057733538293989e-04
2.829281852447550270e-04
2.828388871001968397e-04
2.827833832506854118e-04
2.827356886672460550e-04
2.826772860239437375e-04
2.826048978681855559e-04
2.825308947010325743e-04
2.824945460086840084e-04
2.824393985172643246e-04
2.823699955738715318e-04
2.822599454744255127e-04
2.821889049783486638e-04
2.821065297377682037e-04
2.820079216982689487e-04
2.819272459999802734e-04
2.818806343573491795e-04
2.817816833219935978e-04
2.816982242786835551e-04
2.815966579170283714e-04
2.815305543139673362e-04
2.814343484155739012e-04
2.813322580028462696e-04
2.812012419713024987e-04
2.810116547484245420e-04
2.808752595903597164e-04
2.807462544707747050e-04
2.806569495630451146e-04
2.805102911838712140e-04
2.804245177064520187e-04
2.803026454795499241e-04
2.801896187991641685e-04
2.800137869617339145e-04
2.799339495397267451e-04
2.798203277458580825e-04
2.795920386828411124e-04
2.794648525960331548e-04
2.793697088774855348e-04
2.792540359941136073e-04
2.791165261606969234e-04
2.789679121576353680e-04
2.788907596184179798e-04
2.787613461106658807e-04
2.786503731232267298e-04
2.784190050634973291e-04
2.783031601787746851e-04
2.781460876164090312e-04
2.779159729367691256e-04
2.776891780624421414e-04
2.775131536891996156e-04
2.774047843482990673e-04
2.772555185757935949e-04
2.770709573217319528e-04
2.769269771768083669e-04
2.768092021852657479e-04
2.766893123096854303e-04
2.765355693903585464e-04
2.763583478396298065e-04
2.761947045013947270e-04
2.760054377507188228e-04
2.758705587885188198e-04
2.757430627753231943e-04
2.754805222605454505e-04
2.752918869480708601e-04
2.751497809280332085e-04
2.750149785510775909e-04
2.749015287745511932e-04
2.747487930740629162e-04
2.745380968209815229e-04
2.743336353274897048e-04
2.740926524878714359e-04
2.739900656379837610e-04
2.737311364246822459e-04
2.735461315641132818e-04
2.733378223655030218e-04
2.731567218743270091e-04
2.729253447641531868e-04
2.726011747730358614e-04
2.722659529125330026e-04
2.721412583696400768e-04
2.718477035143744428e-04
2.717295378431520275e-04
2.715355410464457588e-04
2.712998545393171482e-04
2.708420882140353939e-04
2.704679985114554147e-04
2.703468371485106994e-04
2.701380183588909128e-04
2.700124369296203353e-04
2.698182547710607586e-04
2.696947020723994672e-04
2.694725849750219653e-04
2.691193138308556267e-04
2.688604130571118408e-04
2.686378817451083069e-04
2.684634572333339663e-04
2.682042718450343530e-04
2.677946771439653211e-04
2.676274808529798205e-04
2.674995998623321512e-04
2.673669958493816372e-04
2.672037099143033780e-04
2.670604351445494159e-04
2.668032746326085111e-04
2.665424524930150459e-04
2.662344436664283156e-04
2.660032693514038731e-04
2.658191441510280662e-04
2.655938523757573277e-04
2.652944265312334130e-04
2.650917541879395985e-04
2.646940876150525256e-04
2.642888672074663746e-04
2.641339481993544287e-04
2.635565292007465603e-04
2.633615384470843791e-04
2.629310895925346652e-04
2.627018319380579987e-04
2.624827830169726298e-04
2.622031057007526448e-04
2.619174524808322280e-04
2.615346351276168473e-04
2.612994595427587654e-04
2.610133320342739255e-04
2.606129190589044110e-04
2.603378512117879837e-04
2.598492844049295506e-04
2.595039204678907768e-04
2.590209502237457678e-04
2.588601221155088653e-04
2.581526835055226793e-04
2.579164921689886848e-04
2.575124272253082958e-04
2.570652711493169812e-04
2.566355092846202388e-04
2.563906779502995808e-04
2.560186909655760975e-04
2.556949515326810396e-04
2.555013528895355647e-04
2.551460187962288823e-04
2.547618776022229849e-04
2.545884850817538270e-04
2.539933068856879694e-04
2.534641602431926956e-04
2.530202504709792031e-04
2.524368168786348104e-04
2.521284056335699824e-04
2.516933940068909604e-04
2.512238275082108430e-04
2.508310043481282734e-04
2.506888028259744781e-04
2.502644932203072488e-04
2.500183949920151876e-04
2.494849771100288594e-04
2.492853844280011198e-04
2.486950023882828257e-04
2.478689018098985050e-04
2.472419859164205389e-04
2.466064754340536341e-04
2.459843567659075422e-04
2.452158386647343012e-04
2.448697983972918449e-04
2.445010253241724422e-04
2.438059443401341267e-04
2.435498366952428700e-04
2.431192494766216267e-04
2.427071123126084515e-04
2.420442233483088032e-04
2.413742612734060238e-04
2.409657608673971033e-04
2.405721739153424002e-04
2.400849689242885948e-04
2.393994180929886182e-04
2.388739840559588317e-04
2.384456038820614604e-04
2.379640142475411763e-04
2.375179820665516116e-04
2.368024568122075954e-04
2.361440177384227989e-04
2.356459168394176571e-04
2.350777024629252434e-04
2.342400546670013743e-04
2.335850520845474706e-04
2.330923584907659731e-04
2.325736751051062556e-04
2.320590996212122214e-04
2.317443617708331890e-04
2.309232549209224361e-04
2.303946878641844253e-04
2.301272559082244624e-04
2.298475753581937159e-04
2.293329371173187005e-04
2.287038936745916810e-04
2.277783519927853559e-04
2.273294980698540419e-04
2.268236772503261526e-04
2.264686357178854928e-04
2.257123293264304753e-04
2.252214339209922679e-04
2.246628404488330713e-04
2.244133540741311201e-04
2.238301940456153270e-04
2.231018299363243264e-04
2.224266555378327987e-04
2.215737327872658723e-04
2.209507947577510963e-04
2.207960718738062958e-04
2.200177010980450211e-04
2.191487768010398434e-04
2.182010511892750208e-04
2.178219009290173838e-04
2.166074428334624534e-04
2.156563048344554176e-04
2.153946924288208695e-04
2.148817324422128833e-04
2.142754939597434332e-04
2.129085905734382856e-04
2.119194173983113640e-04
2.112695085032512111e-04
2.108656030087062763e-04
2.098356849069340233e-04
2.085032822459733032e-04
2.078627782567012811e-04
2.063467418491696248e-04
2.052139100013343660e-04
2.038204869827454533e-04
2.034175973042523717e-04
2.024746153644740171e-04
2.015822665155122238e-04
2.009906219718011686e-04
1.999892992599518334e-04
1.989976266010229323e-04
1.984422077739005238e-04
1.978045819162065381e-04
1.973556679283856115e-04
1.968392333706470566e-04
1.957096205187984733e-04
1.952376318654020838e-04
1.941420960893649929e-04
1.935243279614340373e-04
1.927913728252747668e-04
1.921009888696930876e-04
1.915718386153272726e-04
1.906271294629002962e-04
1.896427403992523362e-04
1.888569554493206766e-04
1.880875334254100749e-04
1.872730632084764380e-04
1.871778521178740242e-04
1.853453109495739322e-04
1.848734428376339436e-04
1.850171595573377951e-04
1.842265521153338198e-04
1.834762898800296649e-04
1.827547815730633002e-04
1.822941529333639164e-04
1.811040178688752902e-04
1.806019160838813746e-04
1.791351084309319563e-04
1.792438006267946162e-04
1.772856293984387298e-04
1.751110568619023236e-04
1.747458597490507014e-04
1.741243544825743722e-04
1.726956053003558442e-04
1.720262452384237618e-04
1.729620193507085916e-04
1.729812278545162635e-04
1.729416785987386400e-04
1.727372505115908378e-04
1.729445511859138761e-04
1.721822229873537057e-04
1.714301624255577079e-04
1.711809348147622718e-04
1.702980453367607550e-04
1.694481448796824371e-04
1.680136864123770845e-04
1.679631213830614029e-04
1.672368130477412435e-04
1.678373619332868612e-04
1.668995263864899543e-04
1.665873024836026688e-04
1.676121495293954647e-04
1.671377877004013885e-04
1.679763756832376308e-04
1.689606747618916337e-04
1.681510033605459553e-04
1.674082096616721048e-04
1.672599140025337662e-04
1.676520707544814975e-04
1.676866532364949596e-04
1.682669711967937540e-04
1.691840049974711175e-04
1.699129544591638401e-04
1.703603718862795990e-04
1.707740960397680725e-04
1.704143826986114873e-04
1.715501574038223666e-04
1.715716878017627296e-04
1.757589343699885332e-04
1.771008302184455270e-04
1.786613631300849371e-04
1.809094269681453136e-04
1.856466661709199996e-04
1.885492550937824014e-04
1.910751999613488530e-04
1.945704943383497166e-04
2.033016853716996305e-04
2.057214009757224243e-04
2.076446311999622177e-04
2.121159692965874635e-04
2.180517222951654677e-04
2.196622846515722228e-04
2.244673065695968611e-04
2.297000088648796145e-04
2.342279521769197138e-04
2.391776012811976332e-04
2.492582788341932880e-04
2.549612093633008936e-04
2.609195141415784598e-04
2.684814367082204688e-04
2.737923510824425474e-04
2.857270463174134433e-04
2.965509356691037454e-04
3.139097375289212014e-04
3.313437674343663289e-04
3.404426618404820409e-04
3.525526194543366298e-04
3.661124659841133097e-04
3.813467584165651904e-04
3.958237661975180918e-04
4.054976662030102355e-04
4.299858499308969540e-04
4.543964113969471393e-04
4.734933874440812817e-04
4.897056271901306700e-04
5.263783175660056990e-04
5.508053083188833594e-04
5.750707384879423555e-04
6.032140964561787935e-04
6.329464849197543154e-04
6.648724422923843035e-04
6.752077469764434159e-04
7.054767044754261477e-04
7.312309313170498775e-04
7.792377873555649762e-04
8.232631938888579533e-04
8.782275502749076505e-04
9.533088433587832413e-04
1.005733345403050536e-03
1.061455444698055934e-03
1.097328818768440696e-03
1.202031862520207489e-03
1.285974691272742882e-03
1.340772795098191987e-03
1.447540772571091500e-03
1.559838373777809291e-03
1.679141855863446834e-03
1.841815954334693854e-03
2.035912657833139489e-03
2.255227866501818921e-03
2.497847781353802060e-03
2.761032375368294677e-03
3.166547325469862891e-03
3.860282010407639196e-03
