3.513893347841837156e-01
1.515109480756188787e-01
8.350966092110617689e-02
7.337207432654768713e-02
7.072943798442214713e-02
6.910431758446983208e-02
6.883097224531599390e-02
6.870819672556344182e-02
6.867037958649019336e-02
6.865210482254417712e-02
6.862952018054892245e-02
6.858859357441117466e-02
6.856876459557589842e-02
6.854961547241981978e-02
6.851865214381921976e-02
6.846245247706629622e-02
6.842815346035936719e-02
6.840023415240321925e-02
6.837902432872838832e-02
6.833882098367399793e-02
6.833063249902254777e-02
6.833487802321064342e-02
6.830501937933121381e-02
6.829104630025731315e-02
6.825077051494427005e-02
6.820929464022928990e-02
6.820617606861326121e-02
6.818249746368448827e-02
6.816404244399294765e-02
6.810787441792262586e-02
6.810882802913978407e-02
6.807483011462614475e-02
6.806601341623179369e-02
6.804846565149380577e-02
6.803850192524812934e-02
6.800204670666777640e-02
6.797881577885304949e-02
6.792875562684327906e-02
6.792172483021598206e-02
6.789293885268618545e-02
6.786924020965769133e-02
6.790054650323416874e-02
6.785612718179639957e-02
6.780103906952027193e-02
6.778650283611691030e-02
6.779631699004066980e-02
6.772299494927899732e-02
6.767111475894703465e-02
6.766093289196974114e-02
6.764843120894711848e-02
6.759915534904967216e-02
6.757132244602966076e-02
6.756192374816391566e-02
6.755072707154385903e-02
6.744086887165223754e-02
6.748750088147301152e-02
6.741343296163540555e-02
6.737794380345346612e-02
6.736919082030401462e-02
6.733281008884739460e-02
6.725221719790205888e-02
6.722053775322837932e-02
6.718320426933563350e-02
6.716865435789654004e-02
6.715354064473984252e-02
6.710258127340570922e-02
6.704139735300486402e-02
6.698704475745827225e-02
6.695000640616001475e-02
6.691456520220169513e-02
6.688628575427506273e-02
6.688063977649061354e-02
6.686764873054527880e-02
6.686392937811604098e-02
6.683799988422771399e-02
6.680843544576628434e-02
6.674288805580075312e-02
6.675625721623727749e-02
6.676420477917723029e-02
6.671966667044641752e-02
6.671510957790539875e-02
6.668436412815934022e-02
6.663048812957092504e-02
6.657844884154043297e-02
6.657259436108541040e-02
6.655171638748362539e-02
6.648961896289279361e-02
6.644951731205785139e-02
6.644204702887172853e-02
6.640109135079043379e-02
6.632372369066047435e-02
6.630149693457272619e-02
6.627197917259343429e-02
6.625387615529117202e-02
6.624948180559001032e-02
6.622206235198510593e-02
6.616479138069079891e-02
6.612316536077922358e-02
6.606810043614162742e-02
6.606272587806560903e-02
6.599248177504815627e-02
6.593538251310324116e-02
6.588484197279771692e-02
6.586354528864815649e-02
6.582807393432918430e-02
6.578764495236776033e-02
6.576909381369724916e-02
6.570675828759127424e-02
6.572771227003885997e-02
6.569965195683022396e-02
6.567661557516417392e-02
6.557914691319792488e-02
6.562822782499647123e-02
6.556746818730047055e-02
6.553146253024207113e-02
6.549248955397443672e-02
6.541703385577724017e-02
6.543670375942327311e-02
6.524959968719500070e-02
6.521152247562636561e-02
6.514255751698012908e-02
6.510536207118106100e-02
6.507695889710277126e-02
6.505441791882971003e-02
6.499280443475274893e-02
6.499557813779710536e-02
6.496276260501915312e-02
6.490579904647299225e-02
6.487767987022685645e-02
6.480661443290011703e-02
6.468406436600435128e-02
6.454252542719701724e-02
6.455677464015575906e-02
6.454478042687704364e-02
6.452475632695585384e-02
6.443315955125861194e-02
6.437040123956370985e-02
6.437793279832654258e-02
6.432459867045493829e-02
6.425725842155813328e-02
6.421984184417744990e-02
6.422252038029808985e-02
6.402965818550961086e-02
6.398985827739506194e-02
6.398309192366254117e-02
6.402930515927429678e-02
6.395329951205569463e-02
6.383463641293013469e-02
6.384085902668448775e-02
6.391966957796077486e-02
6.387010991437509777e-02
6.383299478370177416e-02
6.385283365220199847e-02
6.380848923144617768e-02
6.388157222946862224e-02
6.385542699251633980e-02
6.379301427006316139e-02
6.359548002096218622e-02
6.358392598832020293e-02
6.354748357133040149e-02
6.354371217635297608e-02
6.349188953119530576e-02
6.348630816703146329e-02
6.342392268241001108e-02
6.342331968438784384e-02
6.336114211698792853e-02
6.332830475213581389e-02
6.323700055037229095e-02
6.324595379575576048e-02
6.300037604199622276e-02
6.296812761734184305e-02
6.287507353989427172e-02
6.285199799860388681e-02
6.287494524545769736e-02
6.278008934500275973e-02
6.270268997946931711e-02
6.273002401232882774e-02
6.266826985628143332e-02
6.256388144771722615e-02
6.245947159255494513e-02
6.246431779722852462e-02
6.245007322255711341e-02
6.245190720148150604e-02
6.240334835420849324e-02
6.238456414287045504e-02
6.232740858297342035e-02
6.230623435417410177e-02
6.223275456365771896e-02
6.231386072974329227e-02
6.225767035371564811e-02
6.231241437253969701e-02
6.225335818791876558e-02
6.216058786336371017e-02
6.210968943674019527e-02
6.200664655645963391e-02
6.196381562465835130e-02
6.176621829045698259e-02
6.178226134874541253e-02
6.175882062273101852e-02
6.172000461968110696e-02
6.153921839959025641e-02
6.166376748298123961e-02
6.165093889229603802e-02
6.154678607884067620e-02
6.143707030327823920e-02
6.141981125390238994e-02
6.142366059388559146e-02
6.132026737304892977e-02
6.112907587964323125e-02
6.111036059666839770e-02
6.110258535217103631e-02
6.094386863658335374e-02
6.087436263348532800e-02
6.085253644939633833e-02
6.093766590180162146e-02
6.085595731262317953e-02
6.089210638337064219e-02
6.078266268355016211e-02
6.069418321751490070e-02
6.056338015938984159e-02
6.045352645550565451e-02
6.032542946184472205e-02
6.025396853831999078e-02
6.011882720757329851e-02
6.020600317817898645e-02
6.023201016279593201e-02
6.020592352949211828e-02
6.027051737120136393e-02
6.020990076458637708e-02
6.013943083981955484e-02
6.001568343527975691e-02
5.994487368180546200e-02
5.978718504924690480e-02
5.971174997566115750e-02
5.971078778416520627e-02
5.963356766584693852e-02
5.947336568927066164e-02
5.942884558461712652e-02
5.924454922436279275e-02
5.924209765988929649e-02
5.909678440150880480e-02
5.899991389081116894e-02
5.898895127716677345e-02
5.909439926670936871e-02
5.892547217052301889e-02
5.880002502936773623e-02
5.882723264380439188e-02
5.878737268914324687e-02
5.866159597318398172e-02
5.855643412995514135e-02
5.848763239732739788e-02
5.847052573444531942e-02
5.834151905268609301e-02
5.807966042379249932e-02
5.808662996895978120e-02
5.810809811918892648e-02
5.793120883575592073e-02
5.792442667558098113e-02
5.775015485320209030e-02
5.767364797863427928e-02
5.741108676621621554e-02
5.713560656298569823e-02
5.708720929438446112e-02
5.689493336195978329e-02
5.682770892744731794e-02
5.681574300451482096e-02
5.669728080383419633e-02
5.656722231262831940e-02
5.651389466315483862e-02
5.638543444050770487e-02
5.622459224294776986e-02
5.632213840198839472e-02
5.622985438518002255e-02
5.636535378040577471e-02
5.622041433547661504e-02
5.593756698471978595e-02
5.588835389749188809e-02
5.568001366397139912e-02
5.580809611174478851e-02
5.555950895201593187e-02
5.520418928395788571e-02
5.536677623750226734e-02
5.535960516856289898e-02
5.531770082808531996e-02
5.525471496050013420e-02
5.530814317888356479e-02
5.527148341732571191e-02
5.518366879445595757e-02
5.488682642226421632e-02
5.479195156565395269e-02
5.473907941021973617e-02
5.466714870017674172e-02
5.437302432406696667e-02
5.411325221594975171e-02
5.390318536546109124e-02
5.401505068887509087e-02
5.413716329221036905e-02
5.388365182640265927e-02
5.366856915572618819e-02
5.371041641532273841e-02
5.364048194748066711e-02
5.376850719646158322e-02
5.356807350665512835e-02
5.344925290317822930e-02
5.350018533379551772e-02
5.332907832565541434e-02
5.339804354223667143e-02
5.324869235036985143e-02
5.313278881918865465e-02
5.311239318760745814e-02
5.294764991158183026e-02
5.295908450987530519e-02
5.260967804418931887e-02
5.276074596324482890e-02
5.246918582618628063e-02
5.227568905838668456e-02
5.224888938450199943e-02
5.240214820809916546e-02
5.218159876169726347e-02
5.192399639279797474e-02
5.141831857876865558e-02
5.138374548050714946e-02
5.141799883868728577e-02
5.112120516321383423e-02
5.132141212102363931e-02
5.129641939466043910e-02
5.113413650329730331e-02
5.113590676154460696e-02
5.112479266907578312e-02
5.091974214561488521e-02
5.080474244215726909e-02
5.086768009474392643e-02
5.073274030196660983e-02
5.050349695394926869e-02
5.036489352108194234e-02
5.016279259254067396e-02
5.031412038786851892e-02
5.001458054261919556e-02
5.028683245748422764e-02
5.028467889166753080e-02
5.008447125784005333e-02
5.020836221906006813e-02
5.008631038558400417e-02
5.010504380098815963e-02
5.011416823577458102e-02
5.012718470552971622e-02
4.992805561984384188e-02
5.004969186106304063e-02
4.976854815968474038e-02
4.966330711990921132e-02
4.955782027026257863e-02
4.912014823838107419e-02
4.956242357003821236e-02
4.973436858724811921e-02
4.973578759824446444e-02
5.017967519343898009e-02
5.014740506412786181e-02
4.991256904147963608e-02
4.950780238389609206e-02
4.919375814596114310e-02
4.935852985347953525e-02
4.891510648122252003e-02
4.854856400403759209e-02
4.879848166455929420e-02
4.835383522562185926e-02
4.841947198477340730e-02
4.813778538263276119e-02
4.851267534996251546e-02
4.844041861407068217e-02
4.839535345441863673e-02
4.840428036375438864e-02
4.856924528445018957e-02
4.859575484693098163e-02
4.898703669899559521e-02
4.939582114395506957e-02
4.972936560818987106e-02
5.003934111273987406e-02
5.046506422626971522e-02
5.026558699544556030e-02
4.987812503591453062e-02
4.977440367308322983e-02
5.009772773705493953e-02
5.017785766711519574e-02
4.951617104613401099e-02
4.967850975573213229e-02
5.013364769609141014e-02
4.988293434089996481e-02
5.039935392981577389e-02
5.065166330400679151e-02
5.048906412705138347e-02
5.068203458113363508e-02
5.145706412665309454e-02
5.161612734274094449e-02
5.152580191447053704e-02
5.185866675367400980e-02
5.207806741476149470e-02
5.196633664778747830e-02
5.276597184625734377e-02
5.318625682332046162e-02
5.356158226991583615e-02
5.297349492059726106e-02
5.315349721747344297e-02
5.361954031988295372e-02
5.424376235464064416e-02
5.467833416249341660e-02
5.516106848086058112e-02
5.531120232708131024e-02
5.565100164442999403e-02
5.568131618936562194e-02
5.597678750635058653e-02
5.615806041139796007e-02
5.732238655392422888e-02
5.850582577418315250e-02
5.929830642264365820e-02
5.980887728125648672e-02
6.083403882061444445e-02
6.211096481740654984e-02
6.253000492793958642e-02
6.413918923350342416e-02
6.337828365537022390e-02
6.411211355223490893e-02
6.357882224589692099e-02
6.402692191255539289e-02
6.589170309875980180e-02
6.621058926669026734e-02
6.694462553767580038e-02
6.770348019096052161e-02
6.858005095637537130e-02
6.926304225221500965e-02
6.955106599773014375e-02
7.166649409532346859e-02
7.184689054323359358e-02
7.401272757643471978e-02
7.510263336486992791e-02
7.540384932726092171e-02
7.679306817055499279e-02
7.731246571874593465e-02
7.793161179913622727e-02
7.890382253282762770e-02
8.059088387862770042e-02
8.233280465018341654e-02
8.287356629361310179e-02
8.456167466749384132e-02
8.587727374154718873e-02
8.645426851426113446e-02
8.738351494583385115e-02
8.872813946882697478e-02
9.131368415512769454e-02
9.217341257037846292e-02
9.445473208489725547e-02
9.603328799567284468e-02
9.773322101310467913e-02
9.899074771018298580e-02
1.005474472818486398e-01
1.021424068130773605e-01
1.049133269006919389e-01
1.060456588741033324e-01
1.072985714702691662e-01
1.096171136034853888e-01
1.116141390177533832e-01
1.144899623270108635e-01
1.160974504298752791e-01
1.180505901565116339e-01
1.204921865420726657e-01
1.225517991122359596e-01
1.245041876478752280e-01
1.273971688720267059e-01
1.317921135187002102e-01
1.343742245665916768e-01
1.353046884373200753e-01
1.389000294581142769e-01
1.404016056728348560e-01
1.453199277010612800e-01
1.478829264152506651e-01
1.541237991053788225e-01
1.575225160965150473e-01
1.618761555003437602e-01
1.637456983682153422e-01
1.687996020031090894e-01
1.718720338265517789e-01
1.772262987264483780e-01
1.822400962331297281e-01
1.874568239678985060e-01
1.908249343628999339e-01
1.944840672346787591e-01
1.978732210435920069e-01
2.008244428862494269e-01
2.041064247965855283e-01
2.093689948950377966e-01
2.143706284710007737e-01
2.178182207106483803e-01
2.250481303434328229e-01
2.338138877009565686e-01
2.395006640165089351e-01
2.447831598000691777e-01
2.492414009887753412e-01
2.551469184499220444e-01
2.602404602779102016e-01
2.676191996711043686e-01
2.729394009502636997e-01
2.807745710777972414e-01
2.892304525662169334e-01
2.953779223617030159e-01
3.092863526851170608e-01
3.163779353619953216e-01
3.289052477206111935e-01
3.388783762263947730e-01
3.489592717773161712e-01
3.594922085127665867e-01
3.681004788309719666e-01
3.767820379819284971e-01
3.870567436183500187e-01
4.025031774898334413e-01
4.149503933570435343e-01
4.265144172424422120e-01
4.389454174449389789e-01
4.506591510891380659e-01
4.703767048876900114e-01
4.917061433996116060e-01
5.016722040550979367e-01
5.185295168749960437e-01
5.356940891120914872e-01
5.512304236181486683e-01
5.853673378242617575e-01
6.145570899740373516e-01
6.447872612904227418e-01
6.830765159030663947e-01
7.364841889308890721e-01
8.144394047176167772e-01
