1.491927471470239682e-03
1.619292934387066563e-01
3.264648487952374056e-01
4.915253788256035428e-01
6.586350035506168821e-01
8.294533203262720589e-01
1.020965800051174543e+00
1.216390187829495373e+00
1.417690905021388170e+00
1.613487855471457122e+00
1.811384704616868513e+00
2.007198589733838912e+00
2.203503580190852684e+00
2.402619725352909352e+00
2.598958585143725575e+00
2.793095938237800890e+00
2.987758266005711594e+00
3.182742352444681622e+00
3.376405534865618563e+00
3.570068717286552840e+00
3.770031595793509105e+00
3.966929299591947622e+00
4.161490019358473624e+00
4.356186216460182337e+00
4.554540301611843311e+00
4.748372830701756087e+00
4.941358626446782587e+00
5.138103918243140278e+00
5.338371620754268854e+00
5.523956967064909129e+00
5.718145124159678794e+00
5.920885288037894156e+00
6.119307111857150261e+00
6.320472351713851467e+00
6.521705330238146914e+00
6.716299919338467816e+00
6.910369533764953331e+00
7.100239350800760185e+00
7.298000722610985314e+00
7.491121995691185198e+00
7.682685279416777036e+00
7.877212129849505473e+00
8.069215714914443893e+00
8.255783271905157150e+00
8.448176354308760239e+00
8.639214663360515800e+00
8.833741513793247790e+00
9.023137160155906500e+00
9.211516726504695995e+00
9.405637144931871418e+00
9.595032791294539010e+00
9.784174417653728639e+00
9.973722476018485494e+00
1.017249992784260293e+01
1.036379225689784889e+01
1.055061383389202945e+01
1.074160133894311109e+01
1.093245336665900069e+01
1.112303443970451511e+01
1.131659601412406246e+01
1.149462849899824057e+01
1.168708932006943968e+01
1.187831391045708784e+01
1.206606689413066213e+01
1.225238043111790098e+01
1.243498527605449055e+01
1.261479590095294867e+01
1.280139732727745816e+01
1.299578870037501055e+01
1.319710635223382944e+01
1.338782290261452168e+01
1.357848864899452224e+01
1.377447188078046558e+01
1.396884631921112252e+01
1.416582869634406094e+01
1.434894158128759400e+01
1.453522124894105971e+01
1.472861347669161525e+01
1.491109977895992778e+01
1.508017382504509385e+01
1.526572530202192546e+01
1.544369004822850222e+01
1.562634569716579769e+01
1.581767189555482034e+01
1.601184311798268567e+01
1.618416862011224922e+01
1.635908512627720057e+01
1.655637232741429443e+01
1.674263506040081495e+01
1.693446929879676688e+01
1.712118926778956762e+01
1.729171969522796104e+01
1.748531513898128864e+01
1.766925782260283739e+01
1.785650276626945399e+01
1.804342595126502147e+01
1.821910451744033921e+01
1.839352991826520523e+01
1.857698149654671838e+01
1.873933247987338646e+01
1.893555279699582172e+01
1.913173924478460108e+01
1.931080474433947813e+01
1.949893029068477190e+01
1.968514221967059896e+01
1.987060902331296575e+01
2.005451783760064899e+01
2.024767298001464511e+01
2.042606109289364014e+01
2.060492337644575755e+01
2.079313359612554990e+01
2.097878668110370626e+01
2.117546423423250346e+01
2.136526631260066722e+01
2.156284140307496244e+01
2.175127177342444185e+01
2.193199687033531831e+01
2.211036804854742144e+01
2.229480183750903066e+01
2.247595030109239644e+01
2.265880916603244088e+01
2.284574928569487184e+01
2.303707548408385719e+01
2.322499781442640909e+01
2.340638336334632186e+01
2.357222288805401433e+01
2.373221995268189133e+01
2.392422353774680843e+01
2.411712466015737633e+01
2.430062704243949057e+01
2.448209726469394099e+01
2.466736085233356235e+01
2.485091403861637005e+01
2.501924295935803144e+01
2.517805459730307405e+01
2.535979577422786591e+01
2.553232449236015711e+01
2.570962878655774730e+01
2.587751740596007011e+01
2.605500798149352804e+01
2.622030559686046658e+01
2.640101375910442627e+01
2.658593865340606044e+01
2.676366631427607246e+01
2.694964115792528858e+01
2.713504022290004514e+01
2.731679833449171468e+01
2.749146082065319874e+01
2.766387099611722888e+01
2.784957488509615331e+01
2.803256922737134005e+01
2.820636804552105659e+01
2.839877806259154980e+01
2.859066310498816676e+01
2.877863623933141568e+01
2.896801495102714696e+01
2.915246567465561611e+01
2.933447780625078138e+01
2.949234110284951882e+01
2.967367584776880207e+01
2.983494301241402624e+01
3.001466896397800355e+01
3.020335335433095736e+01
3.036131825893104264e+01
3.054561657055742430e+01
3.071628247533102751e+01
3.090737158838352272e+01
3.107121282239714688e+01
3.123737410577588491e+01
3.139703247706578892e+01
3.157782531264428272e+01
3.172649308511744337e+01
3.189969918992569120e+01
3.208941659495947363e+01
3.227346088658232759e+01
3.246410969829541671e+01
3.264983052194126145e+01
3.283331596955654419e+01
3.301297418245290061e+01
3.319215822467617016e+01
3.337588075762799633e+01
3.353691083693664865e+01
3.370551071234867635e+01
3.389346691202496942e+01
3.407900145433490735e+01
3.424153871899753199e+01
3.441794547584953534e+01
3.459375951935995630e+01
3.478142782969906222e+01
3.497585307213039840e+01
3.514191274750779570e+01
3.528837901328426341e+01
3.547391355559410897e+01
3.565538377784852742e+01
3.583864907479416928e+01
3.599083925798214523e+01
3.613109050100716502e+01
3.630942780988543461e+01
3.648361612537381404e+01
3.665932856088307545e+01
3.680728507734647792e+01
3.696780711664813879e+01
3.713542478138010239e+01
3.729870717138619085e+01
3.745890745201687366e+01
3.763693993689104644e+01
3.782462518189705492e+01
3.800785660950882061e+01
3.820256974127750027e+01
3.837939986480190413e+01
3.856092089105703735e+01
3.872218805570223310e+01
3.888682521906019218e+01
3.907342664538472832e+01
3.924612471018603088e+01
3.943142216715942538e+01
3.961865017615911455e+01
3.979617462102633851e+01
3.995866108168823416e+01
4.013735401857147878e+01
4.031113590205426789e+01
4.049008285894094428e+01
4.067849629462355665e+01
4.082499642973379395e+01
4.099168268778636559e+01
4.116829266064113568e+01
4.131850148780210219e+01
4.149224950195107908e+01
4.166474435074957938e+01
4.181038081784807758e+01
4.197307049451270444e+01
4.215382946075747128e+01
4.234486776980930500e+01
4.251675297059950509e+01
4.266660616975556053e+01
4.283081996644106226e+01
4.300534697526734362e+01
4.315111891970101965e+01
4.332058246312482908e+01
4.349919072667349695e+01
4.367952632624585618e+01
4.385180102437477245e+01
4.401577773572368102e+01
4.419399650193359008e+01
4.437126692679743911e+01
4.451675098189385693e+01
4.466443654368693217e+01
4.483909902984849083e+01
4.499067956502808840e+01
4.513016874804257839e+01
4.528286697123748183e+01
4.542665755964410579e+01
4.556194694526795530e+01
4.574194385150221365e+01
4.593242331654634825e+01
4.611463866414435131e+01
4.628669321160366934e+01
4.647131328190104682e+01
4.665053119345812860e+01
4.683606573576804522e+01
4.701894153537487853e+01
4.717912488133881510e+01
4.734675948073759599e+01
4.750792503738144745e+01
4.768714294893845818e+01
4.784754644557194325e+01
4.801226828226428722e+01
4.819676980989355997e+01
4.836326978661014664e+01
4.851578172846917170e+01
4.869564315736823801e+01
4.888146558901544836e+01
4.906147942991684374e+01
4.921460101978416191e+01
4.935454743880484330e+01
4.949105612044538560e+01
4.966255182389700451e+01
4.984412365415282409e+01
5.002136020968281827e+01
5.020577706397756401e+01
5.038607879421605418e+01
5.055637213631775495e+01
5.074776607337441447e+01
5.090078605524032440e+01
5.107648155608265483e+01
5.124216866878828114e+01
5.139054855192412674e+01
5.156956324747832809e+01
5.172173649599942991e+01
5.188464632333374738e+01
5.205385584675409660e+01
5.223383581832155897e+01
5.237711836672124832e+01
5.254385542877443527e+01
5.271460600688246956e+01
5.288359537963318502e+01
5.306809690726242934e+01
5.325534185092907080e+01
5.342045318496007411e+01
5.355498051057345066e+01
5.369377537224509922e+01
5.384096982869817793e+01
5.402017080558834294e+01
5.418914324367214164e+01
5.435542306971921533e+01
5.454473404274733639e+01
5.472278346228860357e+01
5.490327147386290108e+01
5.505710431973995611e+01
5.522001414707423095e+01
5.540940979343691453e+01
5.559785709845328938e+01
5.576183380980218374e+01
5.593986629467641336e+01
5.610243742867262995e+01
5.625611786254759039e+01
5.641665683651620355e+01
5.657133641573815908e+01
5.673765011111903789e+01
5.691563179199265932e+01
5.706514629781061387e+01
5.720700633419090053e+01
5.736043274806237235e+01
5.753582342490051360e+01
5.771023189105853390e+01
5.786398006360105484e+01
5.802988732697636465e+01
5.818807238224616185e+01
5.833211699065624600e+01
5.850915033018348055e+01
5.867414312154613754e+01
5.884931364771455975e+01
5.900485689494832542e+01
5.917437124237293489e+01
5.933071041895087205e+01
5.950733732647240259e+01
5.968606413268938127e+01
5.984616280531881927e+01
6.002543152087667977e+01
6.019931501236072791e+01
6.035646705294982439e+01
6.052943607242152524e+01
6.069392082377738262e+01
6.082998920407843002e+01
6.099565938211712535e+01
6.116302302684557191e+01
6.133687264899592861e+01
6.150672568975856791e+01
6.166750174906361792e+01
6.183759187516270828e+01
6.197736894751444936e+01
6.212801807601465498e+01
6.229900573945931797e+01
6.247217797493369318e+01
6.263561277694189755e+01
6.277828567733323695e+01
6.292436244577101689e+01
6.308297086771325723e+01
6.324132526965209422e+01
6.340882439171586782e+01
6.356352090560479695e+01
6.371918269550665315e+01
6.386368453992297134e+01
6.402266552453703241e+01
6.421116363355402257e+01
6.438618174772039993e+01
6.455730488850036863e+01
6.472764903460289077e+01
6.489010162593093867e+01
6.505666934131527057e+01
6.524227162229276189e+01
6.540672250431484258e+01
6.557926815711404345e+01
6.575821511400070563e+01
6.592556182406227094e+01
6.608604999403019065e+01
6.624476002397388186e+01
6.642136999682877274e+01
6.659796303501671844e+01
6.677670677590046466e+01
6.694618725399114112e+01
6.710003703453507740e+01
6.724699440565152031e+01
6.740995503698658808e+01
6.759022289789132287e+01
6.777093106013541046e+01
6.792577998602645550e+01
6.809067116938778952e+01
6.824038889120876661e+01
6.837774430619411703e+01
6.854624257360477202e+01
6.870248014218131516e+01
6.885543238537974275e+01
6.900804593524014763e+01
6.916758576386189361e+01
6.934148619001300062e+01
6.951365928014043050e+01
6.967892302617359235e+01
6.984206993884450299e+01
7.001371805429806727e+01
7.018753380711468992e+01
7.036883468270015385e+01
7.053619832742874962e+01
7.071197850160551468e+01
7.088235651704191298e+01
7.106103251925807740e+01
7.124118183749457955e+01
7.141167839559909680e+01
7.156305571477601291e+01
7.171848041934147489e+01
7.188357481870559695e+01
7.202301319771932242e+01
7.218128292632381715e+01
7.234605556701694695e+01
7.251899071715503453e+01
7.269033400860445226e+01
7.287398880288874636e+01
7.304433294899119744e+01
7.322195900186004280e+01
7.339701098536015422e+01
7.356681322212202190e+01
7.370945225317947802e+01
7.385329364558670306e+01
7.400949734482954057e+01
7.419476093246905180e+01
7.437118462398798613e+01
7.453026721660353360e+01
7.469873161468036926e+01
7.486636621407936332e+01
7.503449191881819047e+01
7.521469204105538608e+01
7.538847392453818941e+01
7.555141762120634041e+01
7.570359086972737828e+01
7.586539994371351270e+01
7.600531249340023976e+01
7.615668981257711323e+01
7.633392636810732768e+01
7.649700554211057124e+01
7.666355632282795796e+01
7.683022564621364836e+01
7.699391446822545504e+01
7.714615545541406050e+01
7.729883674394170612e+01
7.747776676616170732e+01
7.764496106422124910e+01
7.780428074217340395e+01
7.796233032010812281e+01
7.813258979287616057e+01
7.829570283621326610e+01
7.847221120106659953e+01
7.863871117778332120e+01
7.880543130516970507e+01
7.896068666306616990e+01
7.912813498112926425e+01
7.929983390058373516e+01
7.947326015606158478e+01
7.965222404761517794e+01
7.982400764040403374e+01
7.999113419979582318e+01
8.016039452721690850e+01
8.031990048650473568e+01
8.046411444158398751e+01
8.061484824341886224e+01
8.077486224271376614e+01
8.093240378064130880e+01
8.109399270395743997e+01
8.126100072068120994e+01
8.142812728007316991e+01
8.160113016887865456e+01
8.177901024175089617e+01
8.194771172516432500e+01
8.210145989770684594e+01
8.226340444902785976e+01
8.243508643381531442e+01
8.260250088254467471e+01
8.276464864986856185e+01
8.292454410649514784e+01
8.309795342730633649e+01
8.327469887749640520e+01
8.343486528879334685e+01
8.358360079993401826e+01
8.373455475243838464e+01
8.390405216519626208e+01
8.406960380056655424e+01
8.423781417864002208e+01
8.440897118875359695e+01
8.456442976265300615e+01
8.472435908861331200e+01
8.488572786126005099e+01
8.505871381539859044e+01
8.522607746012710095e+01
8.539240809017501022e+01
8.556000882023997178e+01
8.571424809812252477e+01
8.589012988030097517e+01
8.604475865552221592e+01
8.621708415765196776e+01
8.639061202113111904e+01
8.655767084185563931e+01
8.673428081470997597e+01
8.688823220325546970e+01
8.705358062262318697e+01
8.721132537655358874e+01
8.736888384914816186e+01
8.753956668858887724e+01
8.770601586130489125e+01
8.787112719533607219e+01
8.805386751760788400e+01
8.822661638640974502e+01
8.838744324971591482e+01
8.855341825175869985e+01
8.870780994164351796e+01
8.887815408774589798e+01
8.904267270843580206e+01
8.920868157981261959e+01
8.937182849248344496e+01
8.952811686506066735e+01
8.969046784838722886e+01
8.985683234776902850e+01
9.001674473906248863e+01
9.018458255446411442e+01
9.035529926323832228e+01
9.052406848531953187e+01
9.069114424071078417e+01
9.085603542407211819e+01
9.102256927012274446e+01
9.119008532685320745e+01
9.135743036013039386e+01
