7.403544098720837895e-04
1.269797449564178879e-04
4.662081263243535986e-05
3.804606393086208395e-05
3.581594792827350249e-05
3.471734340119574406e-05
3.456793572552902601e-05
3.451092776773002533e-05
3.449471112540794786e-05
3.445105038316848890e-05
3.444580590257974344e-05
3.442289447588714750e-05
3.441848062328439783e-05
3.439759661276417952e-05
3.438813607789390414e-05
3.436328741627258136e-05
3.434947315868763128e-05
3.434060228678033116e-05
3.432068723118014258e-05
3.429599409789531978e-05
3.428993197570816504e-05
3.427492514412549640e-05
3.425840135783488928e-05
3.423470248074841449e-05
3.422362480082448893e-05
3.420957692397475668e-05
3.420326355653765534e-05
3.418990207058562875e-05
3.418038236006251115e-05
3.415207934180724089e-05
3.414345606193307952e-05
3.413127361948269843e-05
3.412790377663923455e-05
3.411561794970931444e-05
3.410675583537727961e-05
3.409070011018916973e-05
3.407933375381208004e-05
3.403858764192359461e-05
3.402716372952674026e-05
3.401810938335193655e-05
3.400881975708715965e-05
3.400072240123661510e-05
3.399337467523710254e-05
3.395430656481244266e-05
3.394441416379355767e-05
3.393369164426883705e-05
3.392313995892049102e-05
3.389901858457667597e-05
3.388138033320760550e-05
3.386790301811704843e-05
3.384913511763598649e-05
3.383160677824474384e-05
3.381954686308448878e-05
3.380478239869301037e-05
3.376772217952424092e-05
3.374520712827603415e-05
3.373338835724240520e-05
3.371840936878519262e-05
3.369943770266308554e-05
3.368666549980435521e-05
3.366532417143352238e-05
3.364614126390910173e-05
3.363058167172683181e-05
3.361906992021805070e-05
3.359323469187194274e-05
3.356497125037012733e-05
3.354300755641492630e-05
3.350843158930023950e-05
3.349304099050086922e-05
3.347789370674682973e-05
3.346231329194466602e-05
3.343972442725364060e-05
3.342955464272421282e-05
3.342364236717364906e-05
3.340534105462597704e-05
3.339503105995313370e-05
3.337109365233439164e-05
3.336498680604655260e-05
3.335346426982217587e-05
3.332583646656732683e-05
3.331382393786645898e-05
3.330034658358033318e-05
3.327836251222596225e-05
3.326393742970420482e-05
3.325672896005644249e-05
3.323869455489886064e-05
3.321977804621528631e-05
3.321068454920517182e-05
3.320010895319913804e-05
3.318158155315419766e-05
3.316506005741554140e-05
3.314989998059891281e-05
3.312779777047370150e-05
3.310079011335021251e-05
3.308244419584139060e-05
3.306781826996059941e-05
3.304105947091473549e-05
3.301850744514739952e-05
3.299698150690534673e-05
3.297674967610607556e-05
3.295103308495526371e-05
3.292959394155442937e-05
3.290803615294845722e-05
3.289599610840999240e-05
3.288867160001836981e-05
3.282179215607454448e-05
3.281009855110660571e-05
3.278895182012563780e-05
3.276891237322487166e-05
3.273898270671208368e-05
3.272422439087895908e-05
3.271072297671265327e-05
3.268029044395143363e-05
3.266551345034210510e-05
3.264244747281372301e-05
3.262118362852933865e-05
3.260105301387327488e-05
3.254253814942331311e-05
3.248433174717901286e-05
3.246655114339348709e-05
3.242651880084128065e-05
3.241097964112476832e-05
3.238606384445333580e-05
3.236915073587812641e-05
3.235434060796577764e-05
3.231590203641005566e-05
3.229048258073048054e-05
3.227709324039396491e-05
3.226109173641022467e-05
3.223587242967637255e-05
3.218086512938376066e-05
3.212926615465951324e-05
3.209110536124051285e-05
3.206557948472262308e-05
3.203443332088165714e-05
3.199566256517143669e-05
3.196641722801706737e-05
3.192233506618318364e-05
3.189893699014888657e-05
3.187772043016218177e-05
3.183580022037242401e-05
3.181305755238413848e-05
3.176264813709928010e-05
3.174166596261937388e-05
3.172743987293118683e-05
3.172067881731475145e-05
3.168747111944569117e-05
3.166944108292249016e-05
3.163651069313970027e-05
3.161692573236347730e-05
3.157780130206564096e-05
3.154165435212906952e-05
3.152193899282139633e-05
3.149224679146379354e-05
3.147207422098616811e-05
3.145936121667727462e-05
3.145014398698387441e-05
3.141562665063085772e-05
3.137338929911143355e-05
3.130937351418341724e-05
3.128897426155881421e-05
3.127171335317782398e-05
3.125439683910121472e-05
3.121657954563988603e-05
3.118337452804115163e-05
3.115350275242069987e-05
3.111021818562319951e-05
3.105730230482100514e-05
3.103036600800788394e-05
3.091749201193778570e-05
3.087988236299476304e-05
3.085055845414790649e-05
3.082447771232441855e-05
3.081134011499418599e-05
3.079813050711304308e-05
3.076987079196089405e-05
3.076625488758209971e-05
3.073705051846644526e-05
3.071985209289809364e-05
3.067036222416461287e-05
3.065119689159317333e-05
3.062979637914798502e-05
3.059788325677688674e-05
3.057645285204149688e-05
3.055246299183019248e-05
3.052892745056637482e-05
3.050983821175967792e-05
3.049813786023061824e-05
3.046824945071474372e-05
3.045036732655617044e-05
3.043535786957756844e-05
3.042189657832974922e-05
3.037854909310328113e-05
3.034985724224820549e-05
3.031373514872819422e-05
3.020920232849000976e-05
3.017299679801412028e-05
3.015503451731872651e-05
3.006073148090927110e-05
3.003727478448403653e-05
2.999446225810925012e-05
2.996517408726871820e-05
2.995053674621899010e-05
2.984905495690969463e-05
2.977258370107186422e-05
2.974068509717797280e-05
2.970569306528198465e-05
2.966337887965656803e-05
2.959852909496396786e-05
2.956940773146315629e-05
2.955215317920282313e-05
2.945994259745078674e-05
2.940197127012759710e-05
2.938783224694967169e-05
2.936872859651416308e-05
2.933695761993289347e-05
2.928516362160991503e-05
2.920827277794836368e-05
2.914160864842172313e-05
2.909810674400164327e-05
2.906967342168469373e-05
2.901491193553222257e-05
2.899670684588798517e-05
2.895199950326996248e-05
2.890628127748462510e-05
2.889081962409527813e-05
2.882237420408314516e-05
2.881190964878941826e-05
2.877854937836207187e-05
2.872397715234880128e-05
2.867719737755773538e-05
2.861496612506955780e-05
2.856672236157174695e-05
2.852782780725920608e-05
2.844288401289124643e-05
2.834485081167276423e-05
2.828417424223427716e-05
2.824847631613896072e-05
2.815980537214237496e-05
2.806201343693839735e-05
2.798558853097837714e-05
2.787454143213692547e-05
2.785805595759356971e-05
2.786194643460669041e-05
2.775335003410445093e-05
2.763622180903132117e-05
2.762346976940272585e-05
2.755791752877827344e-05
2.746276439809719334e-05
2.739337910895299103e-05
2.734104733785765783e-05
2.727418290263939777e-05
2.721906226730497465e-05
2.716001446884445158e-05
2.712154875152355084e-05
2.710843902805419153e-05
2.705210331192896601e-05
2.704987186515379143e-05
2.700474311198059499e-05
2.695667273042629108e-05
2.683473960705549857e-05
2.648399447354946582e-05
2.631342437061056551e-05
2.614405752033757585e-05
2.612693444003993346e-05
2.609585680603606974e-05
2.603083681094559644e-05
2.600991032285752489e-05
2.587741420376858388e-05
2.567971647076883125e-05
2.559172104138088160e-05
2.556079077540817694e-05
2.549337325931637382e-05
2.541267109189772032e-05
2.534496315430402000e-05
2.523125385451995101e-05
2.506118632849310725e-05
2.503437080520967565e-05
2.506054234903866559e-05
2.496703572213956453e-05
2.480117346770002130e-05
2.475145554204645466e-05
2.472797749321909420e-05
2.472373581233204456e-05
2.464543321708498289e-05
2.466354167037285630e-05
2.447641081458637341e-05
2.445265265088670254e-05
2.427992451400331277e-05
2.415482473815583385e-05
2.407814305575372795e-05
2.400101098458678491e-05
2.381545924277624158e-05
2.367074057041550333e-05
2.365397530388685865e-05
2.351436024335904753e-05
2.353524510275544827e-05
2.338837511811840857e-05
2.330050808852654411e-05
2.319462580285943862e-05
2.315659374977186260e-05
2.312414656217660758e-05
2.293497591746031963e-05
2.291582637360965101e-05
2.289846882976837971e-05
2.279761330725198822e-05
2.279435069295687798e-05
2.277671799626342008e-05
2.259436362038449853e-05
2.259315597403381071e-05
2.251997919617610057e-05
2.247921559580045184e-05
2.232924200816189546e-05
2.238617217895464567e-05
2.206288937888358192e-05
2.195035642977521235e-05
2.188100829538127784e-05
2.184129216928978550e-05
2.152406856671633661e-05
2.144194311518761724e-05
2.117423010235087725e-05
2.110666224461818383e-05
2.099664921617149080e-05
2.091932633420925928e-05
2.086745324691421168e-05
2.076940024860704457e-05
2.074057407180598633e-05
2.062597898508619054e-05
2.067425929781821820e-05
2.052768384093437456e-05
2.028720347087360735e-05
2.023275557708562462e-05
2.010378685554624220e-05
2.005128748147747797e-05
1.982945336497257029e-05
1.984070773674458574e-05
1.987583563747542342e-05
1.962766847297011712e-05
1.956541443559338370e-05
1.958664528009796587e-05
1.953258215982552271e-05
1.949992779566038202e-05
1.941434826060154070e-05
1.946047992406018580e-05
1.934533613961033298e-05
1.937215891585550829e-05
1.922172564694160437e-05
1.914437612018073801e-05
1.905401003163154913e-05
1.892321777725384979e-05
1.861248153540227175e-05
1.836793458986932679e-05
1.844802955880168882e-05
1.844302365412376412e-05
1.837467050437988005e-05
1.849117602129326423e-05
1.847035886515148038e-05
1.837310019353070306e-05
1.807255127942164745e-05
1.803229359806860966e-05
1.788638185312035290e-05
1.758494477832029152e-05
1.741937447293510677e-05
1.747876306425240068e-05
1.727424440790336442e-05
1.726354906064661273e-05
1.723272766802965989e-05
1.731161806676701764e-05
1.719284946052622621e-05
1.702684097648147614e-05
1.707346166496891924e-05
1.703893880853911931e-05
1.699557005958107168e-05
1.715233848153665066e-05
1.735805392230845067e-05
1.751575749165570190e-05
1.755487460063724875e-05
1.778809713783437328e-05
1.759207752985765622e-05
1.755215500724196704e-05
1.753197760226223281e-05
1.767929116491081030e-05
1.772985241572643677e-05
1.732702757411412302e-05
1.739102929676648307e-05
1.751378204464833216e-05
1.752351714789185334e-05
1.769583545031326550e-05
1.778838028961875819e-05
1.776338878150496791e-05
1.781025253029353835e-05
1.810437807099946934e-05
1.818067817708403518e-05
1.799683252892917952e-05
1.810842695758867898e-05
1.844267226594796467e-05
1.817927536614468800e-05
1.852915426933797758e-05
1.868645639576320638e-05
1.885187193311315049e-05
1.878190771559079092e-05
1.904407736291069018e-05
1.900437333711968899e-05
1.919543938391541252e-05
1.943864430765352447e-05
1.966550715518181205e-05
1.976923543617560070e-05
1.988504366300911818e-05
2.006361862215464244e-05
2.036453431933890983e-05
2.035348353550196879e-05
2.117121159995804264e-05
2.170502461894647533e-05
2.209295889025767061e-05
2.218968566029506180e-05
2.294225642173941394e-05
2.354800484523934801e-05
2.403916807322286863e-05
2.495948869660527379e-05
2.463061360686461199e-05
2.516526421077068377e-05
2.489585022852734431e-05
2.504116169895334980e-05
2.651843452189884198e-05
2.658767770892039322e-05
2.731312048610587515e-05
2.817540131566997623e-05
2.856849438024508696e-05
2.918337785155950781e-05
2.978863089866805211e-05
3.122476116197650412e-05
3.145907515442787226e-05
3.328785625760339012e-05
3.417588577951474299e-05
3.460734467748963672e-05
3.600600450544906746e-05
3.620666023118675761e-05
3.676979918798311175e-05
3.799428339544468021e-05
3.989091215028271395e-05
4.126114727225104525e-05
4.184406705216444728e-05
4.295253553613988679e-05
4.497679828333950780e-05
4.526503048729635018e-05
4.636619714228866886e-05
4.802929872106551307e-05
5.093418767352559561e-05
5.179150394707155862e-05
5.440638901042788830e-05
5.605148485123717818e-05
5.779058187866186559e-05
5.992933857951012654e-05
6.180227912232036543e-05
6.349755079525814974e-05
6.681650608936768438e-05
6.828566241741612728e-05
6.998602007540384042e-05
7.283487927356141858e-05
7.556662955835941119e-05
7.893845231282759574e-05
8.074933732923900024e-05
8.443069472266615720e-05
8.792211699087521513e-05
9.171251439571788042e-05
9.547629262956576675e-05
1.011601188031093998e-04
1.066936869547692088e-04
1.112529550901974389e-04
1.135208544596251224e-04
1.178585075340892954e-04
1.208108368339232055e-04
1.286516630116056310e-04
1.338553828654236893e-04
1.456482729616111172e-04
1.517943311182508369e-04
1.598894953196746804e-04
1.630477223854436041e-04
1.711818925435043960e-04
1.782538615576086376e-04
1.885427517900577633e-04
1.978451828785941725e-04
2.081375584000338160e-04
2.180158603677625811e-04
2.235683757558066761e-04
2.324945884141283218e-04
2.452710967072283020e-04
2.559636579094557579e-04
2.700836974702778854e-04
2.835521370784558574e-04
2.907923733009604053e-04
3.052928353424021060e-04
3.248204217529352257e-04
3.419200850094302737e-04
3.619730575456765829e-04
3.736299520050536706e-04
3.948355337552533848e-04
4.142344615770098275e-04
4.391234895928412341e-04
4.578206158112147969e-04
4.842383528896170583e-04
5.098228057175679126e-04
5.330141746094985752e-04
5.864649268187299182e-04
6.078267918114379272e-04
6.548066612735974762e-04
6.952892097949355237e-04
7.387371831569788938e-04
7.810440818998105536e-04
8.245126267732740249e-04
8.654371144728241656e-04
9.075001019325690428e-04
9.772636277853956333e-04
1.036083318265504805e-03
1.098293081157339065e-03
1.160647310112787991e-03
1.226726405852648612e-03
1.350795771645071312e-03
1.467029690768202090e-03
1.517755306170234537e-03
1.641028655744114929e-03
1.750115294562243958e-03
1.882038461983478539e-03
2.114712971373282954e-03
2.293537877100138185e-03
2.524637438573496245e-03
2.814005900603642508e-03
3.251815892349447720e-03
3.901284319374756764e-03
