2.601338255632759111e+00
2.201268753285072322e+00
1.804155040363451423e+00
1.433718889733497370e+00
1.107024412204943298e+00
8.325889514799356128e-01
6.205710037559574177e-01
4.884201593365892768e-01
4.257324263303791101e-01
3.962650707444604903e-01
3.818146724112149726e-01
3.718519805498680109e-01
3.638758683550061823e-01
3.568722462943161311e-01
3.512371934871942880e-01
3.464241915507542680e-01
3.422023155090962443e-01
3.387859588549234080e-01
3.359510147182576123e-01
3.341736637152457612e-01
3.324863945113599728e-01
3.318869584826671382e-01
3.318607124211582216e-01
3.318735486603687779e-01
3.318433661862741357e-01
3.318047707617448050e-01
3.317607028340350261e-01
3.317646674315760102e-01
3.317641410093180587e-01
3.317673899306003982e-01
3.317738126791746067e-01
3.317742300909605202e-01
3.317612594494764866e-01
3.317598722096801733e-01
3.317548296584927336e-01
3.317593864983672258e-01
3.317452915567912775e-01
3.317549402295165151e-01
3.317656593581019275e-01
3.317629315425442149e-01
3.317425031846479300e-01
3.317738937984829883e-01
3.317736404682219420e-01
3.317603368173207556e-01
3.317158457204217314e-01
3.316741000645487270e-01
3.316507813199612853e-01
3.316456952438470163e-01
3.316510620973985302e-01
3.316228915134402655e-01
3.316172070507956149e-01
3.316124967663630074e-01
3.316044752275897345e-01
3.315801487363211342e-01
3.315680669912467460e-01
3.315616630133105813e-01
3.315765377303143135e-01
3.315733712108958620e-01
3.315903775705393852e-01
3.315827916057393354e-01
3.315978158716291202e-01
3.315890703557242691e-01
3.315486983686634082e-01
3.315350533750688333e-01
3.315587128213805523e-01
3.315531865864095873e-01
3.315505750279572061e-01
3.315489945753047896e-01
3.315067304807881032e-01
3.314937650013300430e-01
3.314945313233328417e-01
3.314851085398192732e-01
3.314790095445888096e-01
3.314715853469863416e-01
3.315349944390027503e-01
3.315295078544364671e-01
3.314774470579172627e-01
3.314876496057869160e-01
3.314632138353233448e-01
3.314383224980854692e-01
3.314464515996383143e-01
3.314340275422222315e-01
3.314488000302774906e-01
3.314061359697962894e-01
3.314093289616150129e-01
3.313796341423079772e-01
3.313891032429325256e-01
3.313430399307251695e-01
3.313450716747496916e-01
3.313234455943073753e-01
3.312931429222489288e-01
3.313192185038997262e-01
3.313029576548426891e-01
3.313355742671732496e-01
3.313188287248558517e-01
3.313101114166370209e-01
3.312880581901903598e-01
3.313314906809039506e-01
3.313279012379024002e-01
3.312809661083774837e-01
3.312743404520490098e-01
3.312107749001100832e-01
3.312074370094605369e-01
3.312334289922121977e-01
3.311741556015885823e-01
3.311874506436263133e-01
3.311780643778001187e-01
3.311543161739647911e-01
3.311689477217317212e-01
3.311473973227328504e-01
3.311280774910059788e-01
3.311543266106287686e-01
3.310816961927409152e-01
3.311246976084672444e-01
3.311184076040214475e-01
3.310971506177450285e-01
3.310950157461280408e-01
3.310736302208281967e-01
3.310654432029046523e-01
3.310798516486773146e-01
3.310566319707500260e-01
3.310346274458903504e-01
3.310311141078308705e-01
3.310121116742541503e-01
3.309876198893681454e-01
3.309710842309197543e-01
3.309359053528949657e-01
3.308420563058005470e-01
3.308272896924813189e-01
3.307966368485017461e-01
3.307966363190145143e-01
3.308094953553797901e-01
3.307989338469221607e-01
3.307116326596202249e-01
3.307305773001675830e-01
3.306939576213955845e-01
3.306283107692987167e-01
3.306197691187816590e-01
3.305404415735424539e-01
3.304672367466987559e-01
3.304584288749486398e-01
3.304468922203081527e-01
3.303989098618795306e-01
3.304342702861168268e-01
3.304157206937927138e-01
3.303865697495936837e-01
3.302859571760257129e-01
3.302775644595419835e-01
3.302296518288606042e-01
3.301938624336683281e-01
3.301920365452905015e-01
3.301281365163664105e-01
3.301442538397076354e-01
3.301169353605603041e-01
3.300363314105509982e-01
3.299557591311684801e-01
3.299118212095600300e-01
3.299161525720003540e-01
3.297693081139868032e-01
3.297714640089201010e-01
3.297991658804915738e-01
3.298497406126611464e-01
3.297867054239639883e-01
3.297733517571185269e-01
3.297379671126418610e-01
3.296548565521700280e-01
3.295200506956635356e-01
3.295634394437367276e-01
3.295585340172763611e-01
3.295321077490790396e-01
3.294381978102684516e-01
3.294504893620109343e-01
3.294522763795647569e-01
3.293570029353968254e-01
3.293068039831959504e-01
3.292521278086189551e-01
3.292224771512568537e-01
3.291472142312336091e-01
3.290204094663590761e-01
3.290494678781532012e-01
3.290126608350521509e-01
3.288735649174927556e-01
3.288499322120829182e-01
3.288519223494455468e-01
3.287531660795735000e-01
3.287294709503806867e-01
3.286749860460227435e-01
3.287293654607824078e-01
3.286486731893225599e-01
3.286222451290773949e-01
3.285768833963370605e-01
3.285217959035428015e-01
3.284918506394060023e-01
3.283690119400462515e-01
3.283706504685955929e-01
3.282763401383530510e-01
3.281539981256955119e-01
3.281636897008734510e-01
3.280675987932726856e-01
3.279840494044702348e-01
3.278344732797980332e-01
3.278063101676066404e-01
3.277529237500862447e-01
3.277072005285239231e-01
3.276181338273426169e-01
3.276012458517290060e-01
3.275017614242106689e-01
3.273604612996585117e-01
3.273874297769233666e-01
3.273570676470523577e-01
3.272681839906175782e-01
3.271892302318646917e-01
3.272340645721510399e-01
3.270767011485213871e-01
3.270354201266469918e-01
3.269800717899724596e-01
3.267903011418976655e-01
3.266474756739077834e-01
3.265453207376248779e-01
3.264822108039163173e-01
3.264236169453336722e-01
3.263243753730323826e-01
3.262220628250913634e-01
3.262167761432147040e-01
3.262434621974209525e-01
3.261635144251413543e-01
3.259679436131989738e-01
3.259513644211062822e-01
3.258504909866098975e-01
3.257596644753896209e-01
3.257568424953433128e-01
3.255526977599445537e-01
3.254968146083584424e-01
3.255128591237901881e-01
3.253642604914683267e-01
3.251962597451067416e-01
3.251671864310022864e-01
3.251497375575819193e-01
3.252568547881803385e-01
3.251360032974749403e-01
3.251135473066752435e-01
3.249030312799354725e-01
3.248679272189330947e-01
3.246517551762621578e-01
3.246433020504591038e-01
3.244779990243715773e-01
3.243545873559807724e-01
3.243844276708978125e-01
3.241643906863856395e-01
3.240838937950982768e-01
3.239546361543355624e-01
3.237136298774835885e-01
3.235453252323135520e-01
3.235686290355276329e-01
3.235493311358557667e-01
3.234419488135835130e-01
3.234055186899244538e-01
3.233963376699622860e-01
3.231510386932195944e-01
3.229533662378028525e-01
3.228767752095859089e-01
3.226445858949071321e-01
3.225009009142000838e-01
3.224430941517033022e-01
3.222425061853308459e-01
3.222789678935566449e-01
3.221124395931481144e-01
3.220341863838507290e-01
3.216754044672199830e-01
3.216884863573413744e-01
3.212467549611239814e-01
3.210086355015930315e-01
3.209098054813750989e-01
3.207290825751908381e-01
3.204913512415900612e-01
3.202355223622492253e-01
3.203241703805865259e-01
3.200757869570219905e-01
3.201658070612493634e-01
3.200166252500747377e-01
3.196185959420169143e-01
3.194849117552553963e-01
3.193259122010236317e-01
3.192836588612085191e-01
3.189457189387251979e-01
3.188323449425674028e-01
3.188104962081513838e-01
3.186709872061804782e-01
3.184281603920131043e-01
3.181751779834103289e-01
3.180640915177533889e-01
3.176917881253918385e-01
3.174391130813692952e-01
3.175026180268574194e-01
3.173040738802708205e-01
3.171142827002784159e-01
3.168415488163924820e-01
3.167752669212222649e-01
3.162517753675985754e-01
3.158109226295484073e-01
3.156888048461184426e-01
3.157025806400012846e-01
3.154665040048242886e-01
3.155030156028882926e-01
3.152131543295000893e-01
3.147901828243160893e-01
3.148412676145795341e-01
3.146198747798157891e-01
3.146642676417255591e-01
3.147669032092748065e-01
3.148287796685153572e-01
3.141943398938017440e-01
3.140281172366442553e-01
3.137623968787384143e-01
3.133160925072008274e-01
3.131373983475513878e-01
3.128350529793244572e-01
3.129731370558480608e-01
3.125025887043466621e-01
3.124415739284033267e-01
3.118223721607034649e-01
3.113817487545446072e-01
3.110619657900474677e-01
3.104169626017032058e-01
3.102018187033055430e-01
3.101853362457897001e-01
3.103309055410309325e-01
3.100312095154676428e-01
3.089755304730847363e-01
3.087774780895090609e-01
3.084064808559951465e-01
3.079427646743198577e-01
3.080173341940201093e-01
3.077222760901303089e-01
3.072658645652808773e-01
3.071576714992073076e-01
3.069876542236488204e-01
3.061648264325596003e-01
3.058528725442878349e-01
3.055085969240839971e-01
3.053279728776051027e-01
3.048603033994052303e-01
3.045996436003197694e-01
3.039144761555535035e-01
3.038286132309676590e-01
3.030768419069116981e-01
3.028704190197921142e-01
3.021644914797945725e-01
3.017788484956061001e-01
3.010558206795767022e-01
3.007857238399943567e-01
3.004972393082634419e-01
3.003059469151686534e-01
2.994546037734204802e-01
2.991311261353098438e-01
2.982792566830332892e-01
2.980070138721764295e-01
2.982546103614860389e-01
2.978678383602429425e-01
2.975437180447649821e-01
2.971775597425251880e-01
2.968124794470261563e-01
2.960412621639465502e-01
2.956228687491621598e-01
2.949989651760637765e-01
2.947879982903273133e-01
2.939004448660521573e-01
2.943384658910904728e-01
2.935397683330904783e-01
2.935875361163300390e-01
2.930181488290269920e-01
2.924092033379488975e-01
2.919847158651275865e-01
2.917376113921402170e-01
2.908067177981273899e-01
2.900299908031641061e-01
2.896791216952471770e-01
2.888730157955446964e-01
2.882968284057093600e-01
2.878341515763105929e-01
2.875383993527121929e-01
2.865892275516532806e-01
2.863709070255540112e-01
2.859493625602115285e-01
2.851892940567725687e-01
2.845830376341820234e-01
2.841748090884230193e-01
2.836755190535475979e-01
2.824858936155612565e-01
2.811384191540695077e-01
2.800257682281464544e-01
2.790611286502057697e-01
2.794569210690007743e-01
2.787206340151159867e-01
2.780836319226022146e-01
2.771604538431647335e-01
2.763708362412751751e-01
2.754484887846028740e-01
2.758392284116495397e-01
2.760646743356489630e-01
2.754047230762883269e-01
2.742433836182285867e-01
2.731492759839065365e-01
2.729439954550465508e-01
2.727754929097969683e-01
2.721222907730407869e-01
2.736382354911615078e-01
2.729378458819938791e-01
2.716903758234535116e-01
2.721955259249519976e-01
2.711370489259394834e-01
2.709958724152451981e-01
2.716102641730153699e-01
2.717595904921011329e-01
2.706863929629866883e-01
2.686010329351916082e-01
2.679498315916045703e-01
2.684983723044163662e-01
2.683390642809904691e-01
2.674658419169776979e-01
2.671164164083035253e-01
2.664888078674395033e-01
2.656968303085211480e-01
2.660630613784144005e-01
2.654607568605725776e-01
2.645020429806541618e-01
2.634873004182062273e-01
2.616577577280339018e-01
2.612798039953072582e-01
2.602119042231669233e-01
2.616819001515165444e-01
2.608770092011038488e-01
2.597623836397015551e-01
2.602614978242923649e-01
2.605086660268132737e-01
2.598052768893579501e-01
2.604433451804998856e-01
2.625315603156349042e-01
2.636956732723028107e-01
2.657911827014561856e-01
2.667470283270233500e-01
2.691967065437332329e-01
2.720009302244654759e-01
2.755519088102557079e-01
2.768729695604303376e-01
2.788909304847373427e-01
2.803996773485754601e-01
2.834234690898715936e-01
2.844382273301744868e-01
2.898038598425338730e-01
2.916242997129207537e-01
2.974899825085427496e-01
2.974451706839201792e-01
3.018217927793573896e-01
3.070194647658639475e-01
3.148294698144307735e-01
3.212030027260140419e-01
3.251127494782090066e-01
3.311868837102717178e-01
3.363030418597069415e-01
3.441943726154053085e-01
3.542277461386528770e-01
3.667169416101400126e-01
3.758487158346203727e-01
3.847982482683374728e-01
3.974066104166749103e-01
4.058504751612959649e-01
4.220231424595103920e-01
4.354350826969803911e-01
4.504816862920074105e-01
4.680461807937573715e-01
4.882628181792765809e-01
5.096428755217947693e-01
5.282050710716698072e-01
5.466877189302152829e-01
5.689047651244200088e-01
5.950537767908985476e-01
6.275472995551563127e-01
6.648787024255030653e-01
7.094907946847726077e-01
8.063953145473612416e-01
