1.491927471470239682e-03
1.755784681360657573e-01
3.512399328221670891e-01
5.297802908809130518e-01
7.081174329368841169e-01
8.888931670261545070e-01
1.068449605098775734e+00
1.249733379194982508e+00
1.430797002621515768e+00
1.615518514097999736e+00
1.796903896195591654e+00
1.978543298296654207e+00
2.160826217739836963e+00
2.342685770510573917e+00
2.525900096633144631e+00
2.707861257405271616e+00
2.891126387528537123e+00
3.074391517651801298e+00
3.258096949114409835e+00
3.441531425906653840e+00
3.624525601359550375e+00
3.808383444824238850e+00
4.004163293785058642e+00
4.214066654938736001e+00
4.432115590870306931e+00
4.647336437429924416e+00
4.865554720030478286e+00
5.083349635958575696e+00
5.299468019863781798e+00
5.516111378442817959e+00
5.730536295658239965e+00
5.944978147540559199e+00
6.158268442073824289e+00
6.380466371395373315e+00
6.591809179235363025e+00
6.810992737849084655e+00
7.033580164509297461e+00
7.252255683116098695e+00
7.466223364325281331e+00
7.678937880184005138e+00
7.896936012114879055e+00
8.117288062744570709e+00
8.337030465365932841e+00
8.550320759899195266e+00
8.759292714373486888e+00
8.970669391547282601e+00
9.179810692690548279e+00
9.398960381970479006e+00
9.612115199168556501e+00
9.824406348354838059e+00
1.003393714683675775e+01
1.024194382529785763e+01
1.045545427050079468e+01
1.066596727966280511e+01
1.088218727156941945e+01
1.109862741414569420e+01
1.131411921537569754e+01
1.152361614452380500e+01
1.173463719369274649e+01
1.194941773891302006e+01
1.215999848674262296e+01
1.237530400663673724e+01
1.257838269703055012e+01
1.279223183557144061e+01
1.300311740740518829e+01
1.321220790454777116e+01
1.341982508567025079e+01
1.364002472429786117e+01
1.384306954535789380e+01
1.404970451580024360e+01
1.425622094357435188e+01
1.446641219406528833e+01
1.467904203658953577e+01
1.490052870990140477e+01
1.511161749773794405e+01
1.531542437880838037e+01
1.552122955057275000e+01
1.572637427032810820e+01
1.593980004219653779e+01
1.615073641803097360e+01
1.636583872192229094e+01
1.657438730972415541e+01
1.677704263344550739e+01
1.697734403846806117e+01
1.717424157544412822e+01
1.736566921501217564e+01
1.757086473876823618e+01
1.777514579051181087e+01
1.796946925811939266e+01
1.817915246860336254e+01
1.838998723643640076e+01
1.859983979358938200e+01
1.880010732927811290e+01
1.900677616905424472e+01
1.920943149277556472e+01
1.941322143917909315e+01
1.962241354432305229e+01
1.983257092548012679e+01
2.002589524774068863e+01
2.023022710348492836e+01
2.043664192325766749e+01
2.063985609098662266e+01
2.083148694655745459e+01
2.102865543820384531e+01
2.123180186726526841e+01
2.142234890415458892e+01
2.162832342258788998e+01
2.182303638753415953e+01
2.202645377126588855e+01
2.221718708949111942e+01
2.242563406929155434e+01
2.263179486906082261e+01
2.283331557010000878e+01
2.304072953521967548e+01
2.324534928030118053e+01
2.345083269339445664e+01
2.365983851720256226e+01
2.387224820905709777e+01
2.407967910884369545e+01
2.428883734465380684e+01
2.449967211248680243e+01
2.470356366689174621e+01
2.489363653310794433e+01
2.510885737966757958e+01
2.531530606877403855e+01
2.552285551122888307e+01
2.572959208967261802e+01
2.592560902396999367e+01
2.610865400342358456e+01
2.629552621759610886e+01
2.646651371421842569e+01
2.666512165255113942e+01
2.684603286397559785e+01
2.703542834351591395e+01
2.722346904970438430e+01
2.743194989883860657e+01
2.762070186103673564e+01
2.780820065788448403e+01
2.799666473074537976e+01
2.820329970118778107e+01
2.840830894360794900e+01
2.859733186047646569e+01
2.879680346682104286e+01
2.900687617464366852e+01
2.919611924218188292e+01
2.939299984449107939e+01
2.959047316014168416e+01
2.978853918913377186e+01
2.998386180208828122e+01
3.018357049376939472e+01
3.038874908285849585e+01
3.059446958128839711e+01
3.077441551669966913e+01
3.096311667489717223e+01
3.115198717976362985e+01
3.135242406212137922e+01
3.155777199787948462e+01
3.176979219239538565e+01
3.196196495730697151e+01
3.216145349831832334e+01
3.234536214578372437e+01
3.255084555887702891e+01
3.274997847188362954e+01
3.292699470992155852e+01
3.313451028304265833e+01
3.333630193875218595e+01
3.353308093305997772e+01
3.374731956893949558e+01
3.395405614738329803e+01
3.416487398054941593e+01
3.436993402697024180e+01
3.454188679960566333e+01
3.470569399746321437e+01
3.490421726246150769e+01
3.508245279651609394e+01
3.528534520557403198e+01
3.549406314004481544e+01
3.568847128098688870e+01
3.585495415621429061e+01
3.604331662107382073e+01
3.623860536469467775e+01
3.643086280294077994e+01
3.660953863833469057e+01
3.679720678185148586e+01
3.699213989746746023e+01
3.719818215456832888e+01
3.739582481688796634e+01
3.758455984441927455e+01
3.776076321844607264e+01
3.792746624434317937e+01
3.812239935995911111e+01
3.833006734508226998e+01
3.853394196482029344e+01
3.873451432451324195e+01
3.891274985856779267e+01
3.910290739811853911e+01
3.927086358936617216e+01
3.946862479435406357e+01
3.965834203256550694e+01
3.983945645999265395e+01
4.001665897936646843e+01
4.022222706579434970e+01
4.041834560809316912e+01
4.059329581676954746e+01
4.075427492525516016e+01
4.095210386891067600e+01
4.116358215408582311e+01
4.134965843891415460e+01
4.155895215205945448e+01
4.175161602231113278e+01
4.194395813389163408e+01
4.210989909977833179e+01
4.230276618603276262e+01
4.249670015630170639e+01
4.269861035467953059e+01
4.290759924382078339e+01
4.311182949156360422e+01
4.331348566993804639e+01
4.351441365763584912e+01
4.371180229995194111e+01
4.389206999403428000e+01
4.408742647632255540e+01
4.426992954643544209e+01
4.446677627941086541e+01
4.466336899238279301e+01
4.483498307168026997e+01
4.500940830568283957e+01
4.521421433210036156e+01
4.539883423557549236e+01
4.560167584063270851e+01
4.580358603901049719e+01
4.601172819480683529e+01
4.620891362112021028e+01
4.640647161010531363e+01
4.659292045760538770e+01
4.679203643594512130e+01
4.697990779546469042e+01
4.714153042129242266e+01
4.730577792048935493e+01
4.746257416625117997e+01
4.765232527379635741e+01
4.783416789190027174e+01
4.801694191668337197e+01
4.821363623765667228e+01
4.840186322518108852e+01
4.859618669278878400e+01
4.875372806389398050e+01
4.893973661005477993e+01
4.910914918265545737e+01
4.927928994593285239e+01
4.948333391233982326e+01
4.967091738252208444e+01
4.984937306724631156e+01
5.003431472939259805e+01
5.020452323133753936e+01
5.036057435175585084e+01
5.055315354867294531e+01
5.073804440681840333e+01
5.094782922530391289e+01
5.113847787019469138e+01
5.131771254959625139e+01
5.151232390654109139e+01
5.170940772485305104e+01
5.191125018456327211e+01
5.207238170505098651e+01
5.226067643124300588e+01
5.243982643731006021e+01
5.262243111542431251e+01
5.281697473370164886e+01
5.301761483206216496e+01
5.320392820222703278e+01
5.339737106715602977e+01
5.359010267607518330e+01
5.378168272764532531e+01
5.395637891631824345e+01
5.412794219161506959e+01
5.430809134302911190e+01
5.449399828118847466e+01
5.469226752618336462e+01
5.486078256143852627e+01
5.503453040876512858e+01
5.520600901072745614e+01
5.538136565140934664e+01
5.556952490026613845e+01
5.576090173583344267e+01
5.596103379418715207e+01
5.613723716821398568e+01
5.629215366595012426e+01
5.645364081444259341e+01
5.662224052303220390e+01
5.678755490624364910e+01
5.696846611766809332e+01
5.716736194533813631e+01
5.735870491157164963e+01
5.753827828431126790e+01
5.774127230137057154e+01
5.793932139569567852e+01
5.811271361501746213e+01
5.831144009601850797e+01
5.849895582753333656e+01
5.867678492958220460e+01
5.885410599162433698e+01
5.903686308174066255e+01
5.919369319683624298e+01
5.938075169234461725e+01
5.955102793295722563e+01
5.972413226294174393e+01
5.992841331468523691e+01
6.012148361694240606e+01
6.030522291773884547e+01
6.048251011044715142e+01
6.067334503667375856e+01
6.086406142023214727e+01
6.104785152502935830e+01
6.123297946851133844e+01
6.139424646633418092e+01
6.155519170548593877e+01
6.173341030487367931e+01
6.193598095526053982e+01
6.210557980919716670e+01
6.226752419369587699e+01
6.244122123702180005e+01
6.263012561122219779e+01
6.280341622254252343e+01
6.301143983567065021e+01
6.320556008727540132e+01
6.338928245340483159e+01
6.357794974226855800e+01
6.376323009775272510e+01
6.395924703205024286e+01
6.411712709649354736e+01
6.428276323837609141e+01
6.447244660725367282e+01
6.465628751605152047e+01
6.482730888200761399e+01
6.500733949075326734e+01
6.519487215693482085e+01
6.537947512574307041e+01
6.554609347830563593e+01
6.573814770054887902e+01
6.592891488810806777e+01
6.610655770882122795e+01
6.628953494960725834e+01
6.647024294502897135e+01
6.666565023131799705e+01
6.685375867617403856e+01
6.702606707681434273e+01
6.719996733614304674e+01
6.737495141415325861e+01
6.754519378543209029e+01
6.772879760889325951e+01
6.790520419892294512e+01
6.808477757166248523e+01
6.825539250561298843e+01
6.841647322210000937e+01
6.858060217862863794e+01
6.876689861412663163e+01
6.894491399751154859e+01
6.914320017717351163e+01
6.931931887786581115e+01
6.949904466260730374e+01
6.968989652350089159e+01
6.988320391109469654e+01
7.006772220656840489e+01
7.025710075144174027e+01
7.044722442165864607e+01
7.063067583311782016e+01
7.081920764464645401e+01
7.101659628696259574e+01
7.120274031045845220e+01
7.138209353252848643e+01
7.156398695463292370e+01
7.173654937527679465e+01
7.191712189336327299e+01
7.210768586491948895e+01
7.228668345898447001e+01
7.245736613160271133e+01
7.262840443222570741e+01
7.281603870640866205e+01
7.298905836305880257e+01
7.317902962127350008e+01
7.333428481234753349e+01
7.351228326106564737e+01
7.370066266059208715e+01
7.389688281089227928e+01
7.408864914379836364e+01
7.425037337762746859e+01
7.442334223027684459e+01
7.458027395337410326e+01
7.476589300219610834e+01
7.494778642430064508e+01
7.513196602643652966e+01
7.531763587925946979e+01
7.550173080806047210e+01
7.566061001785091378e+01
7.585014097472651429e+01
7.604998514374287311e+01
7.625716202352592177e+01
7.644291654968328942e+01
7.662799368916482479e+01
7.681808349004792547e+01
7.700912163227744145e+01
7.718144696758456291e+01
7.736107114432466858e+01
7.754711355981942233e+01
7.772756753523762541e+01
7.789438910380296477e+01
7.806329363639687813e+01
7.824953926789432046e+01
7.845559845966216983e+01
7.865198795663118858e+01
7.883066379202523422e+01
7.901921253822067115e+01
7.919280797354528545e+01
7.935548054872063517e+01
7.953120975207437482e+01
7.970511001140314988e+01
7.990094066436449793e+01
8.009263925860298627e+01
8.027478670071107558e+01
8.045141344141038076e+01
8.063161339682548601e+01
8.079613185069290182e+01
8.098584908890410361e+01
8.116345804028338762e+01
8.133187146753733998e+01
8.152209674575549059e+01
8.169963795846724963e+01
8.187645098050282400e+01
8.206088460264190587e+01
8.224379410476034025e+01
8.243342666963705767e+01
8.261572652374714210e+01
8.279303065112267745e+01
8.296745588512528968e+01
8.316162694073084083e+01
8.333356277869938822e+01
8.350658243534940084e+01
8.370593549902554287e+01
8.389543258656733826e+01
8.405842692041382236e+01
8.423044743171685411e+01
8.440497427372081063e+01
8.459264241723774091e+01
8.476970945927648415e+01
8.494748775732466584e+01
8.512741675806894648e+01
8.531535585625594820e+01
8.548509018752795896e+01
8.566801662431319642e+01
8.586813174799991089e+01
8.604169331399114640e+01
8.621898050669948077e+01
8.639310091669780434e+01
8.657186142542612117e+01
8.676711629971330808e+01
8.695036449516965149e+01
8.713005641057760897e+01
8.732378716484365100e+01
8.749452064146271368e+01
8.767841235426125479e+01
8.786150813771554624e+01
8.804057347044818016e+01
8.822146774720590656e+01
8.842100709221797672e+01
8.861340000779928516e+01
8.879717317792943732e+01
8.897740700267800662e+01
8.916070600213528508e+01
8.933763756683887891e+01
8.952588148903036824e+01
8.970208486305698159e+01
8.988455406383596369e+01
9.006754823928912401e+01
9.025274392143883517e+01
9.044429010367511523e+01
9.062371106441270285e+01
9.080513031584433747e+01
9.099493222739000942e+01
9.117499670546952473e+01
9.135722714412763423e+01
