4.090534646577691918e-02
2.601729572403842922e-02
1.698092564384660538e-02
1.070823255122002604e-02
6.483355132700110990e-03
3.746139683847357973e-03
2.163226812429354991e-03
1.381182579396354575e-03
1.088795534600404350e-03
9.691058051102234431e-04
9.092997415634703753e-04
8.709833115168217569e-04
8.413231682008632259e-04
8.162468889622057858e-04
7.959877126400947836e-04
7.787791981247472453e-04
7.645978659118265065e-04
7.533866639255959105e-04
7.445035591645933004e-04
7.384678860923321337e-04
7.343923434246839256e-04
7.323616615320839443e-04
7.316940532140588831e-04
7.314787972157395278e-04
7.314546682199259868e-04
7.314242169162623458e-04
7.314150155140262781e-04
7.314100946639081604e-04
7.314010112790890038e-04
7.313971454366234148e-04
7.313780280700015943e-04
7.313616568984916905e-04
7.313497927157500914e-04
7.313469203352914979e-04
7.313304548697482921e-04
7.313206608526503106e-04
7.313162061312639432e-04
7.313078891589898682e-04
7.312957430453372520e-04
7.312871513016049865e-04
7.312832705827027263e-04
7.312777436664104737e-04
7.312731732356681641e-04
7.312620401569241112e-04
7.312124273626509829e-04
7.311317472904781860e-04
7.311167206959800786e-04
7.311129894551560626e-04
7.310991775668565376e-04
7.310921702415247884e-04
7.310784496751022987e-04
7.310446488427187325e-04
7.310364732082283651e-04
7.310309253166864720e-04
7.310230180012951403e-04
7.310189454700906191e-04
7.310138606218489349e-04
7.309965767078157586e-04
7.309849157932466358e-04
7.309775920158351767e-04
7.309737684598343905e-04
7.309651834550319601e-04
7.309366996688253281e-04
7.309252132068296860e-04
7.309133378303864139e-04
7.309033036758330474e-04
7.308864777947729659e-04
7.308779272822757064e-04
7.308593851160005489e-04
7.308300579331613277e-04
7.307946253107637773e-04
7.307747569584053604e-04
7.307639845141340046e-04
7.307569179509885993e-04
7.307261350306810911e-04
7.307199841411208185e-04
7.306928444238406555e-04
7.306672443725366946e-04
7.306552704415288481e-04
7.306437872267559008e-04
7.306361432093342592e-04
7.306178356016023714e-04
7.306042167613026328e-04
7.305701642425408392e-04
7.305311201471662800e-04
7.304922708191815455e-04
7.304771957378377147e-04
7.303911667202757623e-04
7.303720376497553493e-04
7.303584046545464866e-04
7.303329137797029327e-04
7.303151042437668744e-04
7.302984111213978776e-04
7.302761159825671639e-04
7.302516314976946433e-04
7.302028751682677161e-04
7.301764884280925912e-04
7.301542706124935708e-04
7.301202043383954975e-04
7.300971983495048705e-04
7.300578253057701155e-04
7.300236373287082546e-04
7.299410743454314053e-04
7.299122830672731673e-04
7.298394586977872489e-04
7.298034217998805107e-04
7.297798570564750049e-04
7.297461777211381286e-04
7.297104335174691607e-04
7.296732236778346280e-04
7.296343944012465259e-04
7.295673731457722865e-04
7.295167029602329239e-04
7.294745647652472933e-04
7.294480600742250537e-04
7.294088761725837792e-04
7.293756868490587370e-04
7.293592521712786037e-04
7.293311891581775661e-04
7.292999387161028810e-04
7.292696359421838416e-04
7.292370550701520902e-04
7.292186888345199248e-04
7.291865152676086856e-04
7.291374904511586713e-04
7.290675580473618108e-04
7.290147945664930554e-04
7.289284389168687768e-04
7.288763239687428295e-04
7.288176345906975748e-04
7.287569806456314307e-04
7.287248362868232500e-04
7.286462485047117115e-04
7.285626107762067189e-04
7.284623770258862388e-04
7.284200615308592062e-04
7.283504487509852689e-04
7.282837217762920881e-04
7.281364704532362593e-04
7.280891382642819829e-04
7.280371211641201417e-04
7.279913208863707415e-04
7.279265194537383205e-04
7.278413564203858399e-04
7.277625485500689370e-04
7.277038615939880042e-04
7.275228214846790869e-04
7.274494353535624659e-04
7.273984042389069734e-04
7.273515559617682634e-04
7.272983951869334447e-04
7.272138882992427479e-04
7.271067395513264699e-04
7.270330073513492147e-04
7.269394576347477108e-04
7.268623863220104002e-04
7.268197028957005959e-04
7.267248824941161846e-04
7.264960627290010077e-04
7.263784575150478368e-04
7.262928728391914585e-04
7.261971612694565967e-04
7.261179362413363843e-04
7.260613659120481247e-04
7.259947200638463194e-04
7.259167141897661987e-04
7.258563263919833031e-04
7.257654102964695032e-04
7.256869216577510042e-04
7.255673733964366958e-04
7.254599324170310851e-04
7.253521330177516158e-04
7.252493666905461675e-04
7.251654614804986174e-04
7.250158135182145679e-04
7.249246878951467153e-04
7.248781618408531996e-04
7.247920129583571881e-04
7.246482130289836048e-04
7.245501167603859939e-04
7.244537667222045087e-04
7.242345056114800166e-04
7.240738547146422606e-04
7.240029609748072819e-04
7.238569826319618452e-04
7.237064707174414380e-04
7.235372342311362313e-04
7.234191180377283481e-04
7.232717200457858481e-04
7.231188824381338739e-04
7.230201103521945042e-04
7.228764761020034253e-04
7.228018459910473103e-04
7.225238553710894773e-04
7.223234205698029174e-04
7.222113682331430346e-04
7.220966454596358056e-04
7.219390141086456762e-04
7.217300921185466943e-04
7.215055017705906786e-04
7.212339314426160141e-04
7.210471035891235494e-04
7.209493952732207557e-04
7.206458750890489765e-04
7.204276760236163644e-04
7.203131867421423522e-04
7.201932837863333483e-04
7.200224929600824346e-04
7.198858587281555020e-04
7.196603816563934509e-04
7.194468171171761097e-04
7.192010862617756505e-04
7.190143588476080117e-04
7.187805134364584148e-04
7.186346500564116989e-04
7.184927367993980147e-04
7.180842981943477048e-04
7.177953991603198362e-04
7.176464490477020780e-04
7.174452846314714272e-04
7.173398846511270903e-04
7.171116480760636111e-04
7.169026954223317550e-04
7.166112378931137642e-04
7.163043857196913942e-04
7.161150171443668964e-04
7.158210286866004612e-04
7.156184334912447497e-04
7.153301352486724201e-04
7.151803115210911971e-04
7.150468194438536988e-04
7.149174596791473121e-04
7.147547315854221872e-04
7.145666265774625785e-04
7.142252683903585215e-04
7.139789927967069190e-04
7.137785531625093780e-04
7.135574948729803482e-04
7.132103513544101221e-04
7.128139726986746109e-04
7.125515324853184951e-04
7.120721808187012751e-04
7.118281722204530294e-04
7.115614780250506272e-04
7.111220576726979018e-04
7.108068731594899400e-04
7.102889168878073235e-04
7.100236992340041957e-04
7.095955938657010119e-04
7.089582312907175736e-04
7.086439814949901115e-04
7.082187565432484459e-04
7.077818032586285493e-04
7.072304829299974139e-04
7.067145284475867930e-04
7.063160476195562117e-04
7.058937348451746994e-04
7.055595743027748496e-04
7.052887415276487331e-04
7.048466591510750513e-04
7.045759426072106379e-04
7.040698604123455219e-04
7.036309217884551470e-04
7.032688394069978519e-04
7.027848422393571676e-04
7.022729890953393651e-04
7.016554888633413315e-04
7.006042359143941018e-04
7.001391850636338099e-04
6.996514743619363687e-04
6.989308649372422220e-04
6.985515655769633557e-04
6.981276687764070756e-04
6.975278721999076531e-04
6.969355271069337110e-04
6.965699669002053734e-04
6.961437907836353842e-04
6.958652989502825447e-04
6.955298071684717790e-04
6.948588445611472751e-04
6.939962673381234277e-04
6.932444024038590192e-04
6.922792740556965021e-04
6.917484813381026814e-04
6.911952909102452459e-04
6.908658579614408582e-04
6.902132114622668187e-04
6.894547452043061839e-04
6.888629528810570916e-04
6.883579568459512231e-04
6.873354125137680088e-04
6.864794108510306444e-04
6.857864399700511378e-04
6.852541050487365778e-04
6.844984320359336852e-04
6.837952879499780518e-04
6.829623452241379705e-04
6.822357071218552137e-04
6.814455691911446619e-04
6.805178882954401919e-04
6.796190511403279880e-04
6.784173727810896950e-04
6.775908794522583550e-04
6.770327440408025399e-04
6.763638173145469085e-04
6.756886799527939656e-04
6.750325171857336900e-04
6.744551541062049219e-04
6.740497480131155562e-04
6.730674226854461723e-04
6.717318696102817432e-04
6.709101510580884947e-04
6.699738291358232900e-04
6.691614393770424930e-04
6.687102941993845664e-04
6.678341865982932030e-04
6.668612530973523590e-04
6.658440751785254770e-04
6.650131918123307730e-04
6.644680096369112591e-04
6.632588803225025146e-04
6.617771672772026180e-04
6.611059202304695641e-04
6.602274569464400972e-04
6.594495516469333143e-04
6.585073317956464207e-04
6.580618712256386567e-04
6.566691101211410714e-04
6.547186575514904591e-04
6.533948160227631002e-04
6.521595019037685747e-04
6.510401296955395465e-04
6.504447859814699263e-04
6.498160990096758923e-04
6.477781639761273852e-04
6.462772732876400283e-04
6.455108146149884929e-04
6.438895645186192701e-04
6.427106288154311531e-04
6.418032777227965094e-04
6.397213321596065651e-04
6.385294893428110482e-04
6.365201883512752344e-04
6.352992086312425754e-04
6.337707768080580624e-04
6.319007992596213956e-04
6.310820360814577406e-04
6.283136432863926056e-04
6.264638393763873611e-04
6.240434410623088698e-04
6.225239399700482380e-04
6.213785651155699120e-04
6.190869907468326931e-04
6.166771579759372816e-04
6.153962594861367213e-04
6.136510068481911733e-04
6.126932266825979145e-04
6.116236702649277025e-04
6.100372958429642898e-04
6.083117726942696224e-04
6.062669910843429023e-04
6.041455753807886382e-04
6.033119066916438952e-04
6.012016313758314920e-04
5.997467434231280306e-04
5.986641756459131240e-04
5.964550427825573032e-04
5.951205905828468217e-04
5.928808772088883751e-04
5.909814441414935199e-04
5.894092453362782509e-04
5.871062310806846431e-04
5.848711849830421673e-04
5.833718645085380619e-04
5.807007038703599668e-04
5.783117451068576966e-04
5.754454545207869512e-04
5.722740429476717893e-04
5.704972237784299190e-04
5.672322567647093000e-04
5.653060939192844706e-04
5.630879334916070230e-04
5.610428158221654514e-04
5.591522472493641463e-04
5.569480094794428734e-04
5.551876294146037248e-04
5.526528774791052666e-04
5.499614582234892786e-04
5.471003662692901963e-04
5.452885956233397132e-04
5.400782320131233827e-04
5.387004348104745474e-04
5.350994450824001153e-04
5.340414474283111624e-04
5.312566294734664312e-04
5.295522975655394572e-04
5.282449604092847402e-04
5.244817329319639626e-04
5.228352487203079442e-04
5.208690363277189124e-04
5.184820526701926571e-04
5.158009899851009102e-04
5.102358067384676378e-04
5.101287096541579124e-04
5.086717231711045248e-04
5.075199385100695763e-04
5.075436156686891553e-04
5.060131154170473744e-04
5.020434626423517059e-04
5.013183212370864649e-04
4.980224617871957049e-04
4.967042795190971518e-04
4.951697714738732305e-04
4.943872127341175345e-04
4.888522723702681729e-04
4.859377839436703752e-04
4.813294304061637927e-04
4.809508419144485928e-04
4.792438366214537204e-04
4.753506206646085017e-04
4.720357109330138913e-04
4.714042925716606120e-04
4.677425970496633932e-04
4.669885722768304655e-04
4.624247308663413680e-04
4.553461480874055928e-04
4.548755147661557923e-04
4.503805243927313400e-04
4.493834205503495125e-04
4.467190916628387132e-04
4.500247291768216112e-04
4.450285835287749237e-04
4.410740358436047895e-04
4.396206489425585938e-04
4.361421575061365371e-04
4.344039659251482783e-04
4.331972265366409200e-04
4.371409191843319804e-04
4.431244689696678223e-04
4.481140185202969490e-04
4.499459270653576298e-04
4.559237943450064438e-04
4.642554864508073760e-04
4.731384084854094608e-04
4.805190319998643451e-04
4.895066029902186413e-04
4.948384349791435733e-04
5.007162153814569269e-04
5.080720182485049582e-04
5.270508653098372829e-04
5.310040510052003483e-04
5.517421433701626696e-04
5.560348507583077245e-04
5.667091224476206038e-04
5.812866845746837013e-04
6.080252728713075741e-04
6.274869810637701689e-04
6.456633135491853014e-04
6.691309271704702676e-04
6.874317961153756209e-04
7.194651547722089079e-04
7.553595505102957044e-04
8.170959097585599315e-04
8.537874413660092275e-04
8.931905497400826439e-04
9.504508221331601971e-04
9.886728451670196045e-04
1.068177619403288224e-03
1.132435776365093086e-03
1.209786639632752167e-03
1.301866328812536708e-03
1.409441162090708469e-03
1.529227771215570545e-03
1.654633920750870051e-03
1.772660992357555842e-03
1.912090229460869113e-03
2.082141907402008593e-03
2.338684269793066522e-03
2.612305733592170179e-03
2.963630852651100850e-03
3.812495475342700477e-03
