7.020643431638698972e-01
4.175719835418144621e-01
2.279675300460005660e-01
1.566588643218754240e-01
1.404370644251463351e-01
1.364231972757353473e-01
1.358983628466277627e-01
1.358778915417423461e-01
1.358866423358603137e-01
1.358772109390405936e-01
1.358775371372080154e-01
1.358284799456041803e-01
1.357772310927787551e-01
1.357678687125341288e-01
1.357658099283110542e-01
1.357561700586210618e-01
1.357561057163813312e-01
1.357216477491967888e-01
1.357404586363338828e-01
1.357207703966878953e-01
1.357287617567907168e-01
1.357262244279139052e-01
1.357141296270880926e-01
1.357031848397988738e-01
1.356716588680813851e-01
1.356537892581361204e-01
1.356453620640753199e-01
1.356480584528703126e-01
1.356556148699111231e-01
1.355571643149857120e-01
1.355198814513951244e-01
1.355019594349352596e-01
1.354995975583144219e-01
1.354878219087579105e-01
1.354848574933994465e-01
1.354721350041276917e-01
1.354782350454137585e-01
1.354657126757281005e-01
1.354646012122363019e-01
1.354141586576350920e-01
1.353663367295989683e-01
1.353645052626093193e-01
1.353622207660423182e-01
1.353655620619703959e-01
1.353811767109869002e-01
1.353693895771561073e-01
1.353334294664643167e-01
1.353052395825459775e-01
1.352752266748821763e-01
1.352590427471695445e-01
1.352714879991094021e-01
1.352644207819917455e-01
1.352700814455211065e-01
1.352552779350568446e-01
1.352326383531997356e-01
1.352178418137120475e-01
1.351957459697052388e-01
1.351594617052189473e-01
1.351707802071862863e-01
1.351336330733207136e-01
1.351422581053495775e-01
1.351305453753152697e-01
1.351137274599855109e-01
1.351008779175855989e-01
1.350904926355864510e-01
1.351419557279224248e-01
1.351217346699408461e-01
1.350753105481896643e-01
1.349981942869225571e-01
1.349710806554543507e-01
1.349492064073629094e-01
1.349293650910168840e-01
1.348833012411777832e-01
1.349166452926375825e-01
1.349080620905114269e-01
1.348634292039614935e-01
1.348805084939607435e-01
1.347462735949514212e-01
1.346999348774780003e-01
1.347217924488043617e-01
1.346954213268341249e-01
1.346672944404166128e-01
1.346133811229599797e-01
1.345507649527309391e-01
1.346149909595517058e-01
1.345663202232950939e-01
1.345137050483539987e-01
1.345029544142952727e-01
1.345244836049398485e-01
1.344570596499052029e-01
1.344016899455108272e-01
1.343842546136294613e-01
1.344063368926636803e-01
1.343596404753684415e-01
1.343590926370457905e-01
1.343099808672544859e-01
1.342344444867597797e-01
1.341400064557976557e-01
1.341950451802673416e-01
1.341692846477545165e-01
1.340998478738191502e-01
1.341155211370793354e-01
1.340765741578112402e-01
1.340270316447855770e-01
1.339668200081257921e-01
1.339427462337054175e-01
1.339650564224398044e-01
1.338656640530994646e-01
1.337890096772864912e-01
1.337721063071552197e-01
1.337553176751749007e-01
1.337084751374681968e-01
1.336254650319697035e-01
1.335799908898207544e-01
1.335519252500419751e-01
1.334801703389029148e-01
1.332627488081420675e-01
1.332495086916483107e-01
1.332030826184197880e-01
1.330932810130508459e-01
1.330583534938062640e-01
1.330144988855463395e-01
1.329650837029478783e-01
1.328470020689344611e-01
1.328107580220101447e-01
1.327244526355406129e-01
1.325908039811083405e-01
1.325358049707522634e-01
1.324641438637064739e-01
1.324228653468312311e-01
1.324332082093799268e-01
1.323470183742763984e-01
1.323339192187394930e-01
1.321330200973216684e-01
1.322806237611536540e-01
1.321180195636743604e-01
1.320816964704425722e-01
1.319829133967989898e-01
1.318628576398624963e-01
1.318407220735430541e-01
1.317713428061157155e-01
1.315303313183084077e-01
1.314906348802716840e-01
1.313801768796342140e-01
1.313744270541263026e-01
1.313609337076835637e-01
1.313300803599599109e-01
1.312073202596680810e-01
1.311643607327680483e-01
1.309008512065525376e-01
1.308965139228320251e-01
1.307946428660454741e-01
1.307537593352313121e-01
1.306807914002197368e-01
1.304805225363621091e-01
1.304237421740122582e-01
1.303058328512813058e-01
1.302680154003980906e-01
1.302686934466035784e-01
1.301934462891465583e-01
1.300233257426151867e-01
1.298866153244808141e-01
1.298513637984378133e-01
1.296379878061929281e-01
1.295724892150220686e-01
1.295703737559668334e-01
1.294514052196719112e-01
1.293278162304217771e-01
1.292160332555356006e-01
1.290930940076230327e-01
1.291105513111760750e-01
1.290861194306894832e-01
1.289623443593603258e-01
1.287653738632462685e-01
1.287405751864106329e-01
1.286405901744147040e-01
1.285905800561147616e-01
1.285773453721225368e-01
1.284238778168653727e-01
1.282690436760150765e-01
1.281226789725732340e-01
1.279467142416515490e-01
1.280535578740992775e-01
1.280203469751746981e-01
1.278527321325580446e-01
1.276230896823203342e-01
1.274668927225447446e-01
1.270874234381570989e-01
1.270689043064158197e-01
1.270363540222195775e-01
1.270547600630640150e-01
1.268776691326845840e-01
1.267384330398422798e-01
1.266427108671945023e-01
1.265923257455499051e-01
1.265167780744666515e-01
1.262319589725852120e-01
1.260953804877525397e-01
1.260313428121201118e-01
1.257756478654656063e-01
1.256474319245990678e-01
1.257443873143749558e-01
1.254710697623849236e-01
1.253939574606941776e-01
1.252981530581030178e-01
1.252879010013953354e-01
1.250965742876177234e-01
1.250331224814507647e-01
1.249099479435690913e-01
1.245663366813150735e-01
1.245564547316588555e-01
1.244441243055523783e-01
1.243967160992947713e-01
1.244012198690720439e-01
1.241800280631628894e-01
1.240422236450295090e-01
1.239199333667777569e-01
1.236896669708697216e-01
1.236508784951485251e-01
1.234987562587097354e-01
1.234350640729248438e-01
1.234090316287330957e-01
1.232925641380911153e-01
1.232395278938096250e-01
1.232161634354877189e-01
1.228489996667433554e-01
1.226258070749026707e-01
1.224394520982999834e-01
1.223756677858702235e-01
1.223788865726156416e-01
1.221588906771742949e-01
1.219262832078346070e-01
1.217373690728530272e-01
1.215504272087660625e-01
1.213719870515446997e-01
1.213402503290851725e-01
1.211318056781069685e-01
1.209846227240486544e-01
1.207965302699617327e-01
1.205283382958226290e-01
1.204104082814589499e-01
1.201104012494698253e-01
1.200866014316269575e-01
1.200309041252753950e-01
1.199360977308044640e-01
1.197010966102359519e-01
1.197538184252931459e-01
1.196737886183550786e-01
1.192735988739807573e-01
1.192235693195819179e-01
1.192250272137757861e-01
1.190604229828306909e-01
1.188795696427930315e-01
1.187957597339254767e-01
1.184951884108135234e-01
1.184376769648558952e-01
1.182359224701763911e-01
1.180514702306789815e-01
1.179321367437893425e-01
1.176832750039409625e-01
1.177525768820747998e-01
1.176166451259075402e-01
1.174025063465243546e-01
1.173810952618108278e-01
1.174886432444686435e-01
1.173397524258428248e-01
1.169233251062324341e-01
1.168278207162001120e-01
1.165650780228834199e-01
1.162899062102293601e-01
1.162126707345639692e-01
1.159857188347127588e-01
1.158879343011710861e-01
1.156813719787221084e-01
1.154375572135733774e-01
1.152092454338713295e-01
1.148010664750714477e-01
1.146366190118910666e-01
1.140962053480620852e-01
1.140732965647665714e-01
1.139714810491728597e-01
1.134413941914342305e-01
1.134619757748238367e-01
1.135044339496386334e-01
1.134280954341944231e-01
1.134529979750235340e-01
1.133990067342947050e-01
1.132923933821639445e-01
1.133434846990078737e-01
1.129250650285546220e-01
1.126090889273595741e-01
1.125566909585117986e-01
1.121708216787550144e-01
1.120535330578752570e-01
1.117552451764481508e-01
1.113633833471149442e-01
1.114303067069369602e-01
1.111315500015009200e-01
1.106900032209871543e-01
1.108623247567897124e-01
1.105312499092737377e-01
1.104376522531424626e-01
1.103982538185190321e-01
1.101223130876625433e-01
1.101842025874628650e-01
1.098957645325463889e-01
1.099347969234093364e-01
1.097610911977692227e-01
1.092530363204191196e-01
1.091849911415820329e-01
1.089488183028172463e-01
1.089289307210312974e-01
1.087557272690286292e-01
1.085890368331328404e-01
1.085733446300544414e-01
1.078918558784610626e-01
1.074840673796799845e-01
1.075278246188482306e-01
1.074798345207279709e-01
1.074191068085518508e-01
1.070894180185235217e-01
1.066268216905139482e-01
1.068196478249791165e-01
1.066888747104161733e-01
1.065531468988678426e-01
1.064248465052839154e-01
1.058616573285205142e-01
1.053212958614966333e-01
1.054711803949801852e-01
1.054716250089804408e-01
1.050931774832730842e-01
1.048180677055454701e-01
1.044271606536646829e-01
1.041546897443027947e-01
1.041047200399060901e-01
1.041743123332832532e-01
1.038817683170634859e-01
1.035984662331878997e-01
1.034104791497617998e-01
1.030637073955595340e-01
1.025392270152843677e-01
1.019769106352649557e-01
1.015985529475329080e-01
1.015095078748322610e-01
1.011106117129064591e-01
1.006598938069395571e-01
1.001342672894373481e-01
1.003315175696874589e-01
1.000111455759532808e-01
1.000129956516195018e-01
9.971592358902764408e-02
9.972582407304156349e-02
9.948569458563767676e-02
9.964583368053644974e-02
9.937267380227293723e-02
9.921478249518927983e-02
9.908968465841211382e-02
9.940749302037023283e-02
9.960000799506488200e-02
9.957032945261974632e-02
9.927701231700332418e-02
9.887176675929411351e-02
9.802199019679955216e-02
9.838135484889164173e-02
9.870817587346253363e-02
9.875365832275914690e-02
9.813486336420759737e-02
9.838717059658040609e-02
9.835434297310208240e-02
9.849169253333696361e-02
9.790357828352286296e-02
9.811018231442186766e-02
9.825213845309380134e-02
9.828909073777705729e-02
9.784123293119405262e-02
9.810861818322511030e-02
9.796488277590847948e-02
9.811027413611959902e-02
9.860021919704330118e-02
9.830225332125964999e-02
9.887773164296762007e-02
9.915117496126407692e-02
9.887950086276497963e-02
9.874547747711556744e-02
9.945841231895292955e-02
9.876361473116943013e-02
9.909896954741531649e-02
9.979176048729908322e-02
9.945102616414648600e-02
9.962569236700806463e-02
1.002524123413540275e-01
9.929214946568361289e-02
9.966422941709116023e-02
9.988840524845306323e-02
1.003941397019151721e-01
9.987069880259134835e-02
9.988976234846412561e-02
1.002435319600654962e-01
1.002896168983161973e-01
1.009763121191157575e-01
1.018420781283688042e-01
1.024119340510668413e-01
1.025520645413691284e-01
1.029849757623578360e-01
1.031439442331394951e-01
1.031680355184232539e-01
1.038300433052726374e-01
1.049026646695014886e-01
1.053891924331507440e-01
1.059056831751306188e-01
1.061895701099277445e-01
1.072422236520562538e-01
1.092152665272368012e-01
1.089280236776977717e-01
1.093359225555734920e-01
1.100351196951725452e-01
1.118542969222902500e-01
1.119970110156523341e-01
1.132544273759245462e-01
1.143900426264860271e-01
1.156778654181554317e-01
1.174643217889433378e-01
1.182689427713789904e-01
1.207665882610744618e-01
1.223847454847789146e-01
1.218189459556271032e-01
1.229886794857726756e-01
1.245712901749078394e-01
1.250716709780859692e-01
1.262961557058676909e-01
1.282227616414173821e-01
1.291413574231078665e-01
1.331873517901185910e-01
1.348974859462344078e-01
1.350268114096086491e-01
1.368368140419417567e-01
1.390221010852254191e-01
1.424266617314254579e-01
1.451579785836682457e-01
1.493928705764163978e-01
1.496542313283920067e-01
1.508785574971045207e-01
1.542469100887887690e-01
1.562220389427947942e-01
1.591390729343130084e-01
1.625015230420739087e-01
1.659074690941018670e-01
1.721570019785245154e-01
1.776632651916318639e-01
1.801654784997084868e-01
1.833256998665604987e-01
1.863831032308349844e-01
1.916371949734759772e-01
1.957580980025592499e-01
2.011848149422947596e-01
2.032913837325773798e-01
2.076477984857275916e-01
2.131400850198788277e-01
2.210275569278693508e-01
2.251108743592744876e-01
2.288926524883841129e-01
2.323888091744152895e-01
2.389968573637732685e-01
2.432701041192556202e-01
2.501690669817139834e-01
2.554141169546277346e-01
2.629348094789685231e-01
2.678400720568603344e-01
2.771302153796909029e-01
2.856622904532095664e-01
2.921864208572199084e-01
2.974006669774307277e-01
3.060747312043392010e-01
3.143180767884433124e-01
3.224881004094963255e-01
3.340435396184670558e-01
3.440777183308009746e-01
3.547890105077174949e-01
3.642064504236517952e-01
3.751332223629022522e-01
3.872860046220332753e-01
4.022531355761334027e-01
4.145298018803624807e-01
4.285676683764695349e-01
4.437064150426373588e-01
4.555760714311860582e-01
4.646770445002162964e-01
4.850037256634762151e-01
5.044185687573804477e-01
5.189225852796697236e-01
5.375664374665954925e-01
5.555894014796297631e-01
5.897292788256606189e-01
6.174668379455406919e-01
6.527494836294286396e-01
6.924054728547960336e-01
7.396403153078249249e-01
8.222509427805456683e-01
