1.492912436209222491e-03
1.611325856066076756e-01
3.254239958383342013e-01
4.886030341640910102e-01
6.520011760470838524e-01
8.159555038830622609e-01
9.905447813049020889e-01
1.190111864251700791e+00
1.391195817979367311e+00
1.590139298494028353e+00
1.788374905977621943e+00
1.990284711574874965e+00
2.192025975974253971e+00
2.394256009847471223e+00
2.592070264336383545e+00
2.789547436429544724e+00
2.986502130809296052e+00
3.187063606823555162e+00
3.388821725342722857e+00
3.585237087889271645e+00
3.779444560743672632e+00
3.977461064670030577e+00
4.180415825694103304e+00
4.384584083342867977e+00
4.587757947924170132e+00
4.790999228984613723e+00
4.992959596941209277e+00
5.191110933825852314e+00
5.384206034774271288e+00
5.578582048826530304e+00
5.775115390211583488e+00
5.971952105752809992e+00
6.171232668663209076e+00
6.369451422027000653e+00
6.560658861559232946e+00
6.755186562689591945e+00
6.954905332714461430e+00
7.153562293192729626e+00
7.353449604415482455e+00
7.553707706273561584e+00
7.751825334918633459e+00
7.951628375542452609e+00
8.146543721427901730e+00
8.341813003828894679e+00
8.539087926484594249e+00
8.739329174222877583e+00
8.935710828529849437e+00
9.133828457174915982e+00
9.331861815221039080e+00
9.526490641070111565e+00
9.720580135085967299e+00
9.920315759230623698e+00
1.011826484667781223e+01
1.031778136726521566e+01
1.051648889010283838e+01
1.071137052774871457e+01
1.090303302851519263e+01
1.109614498358340740e+01
1.129360530155674702e+01
1.148664984014579993e+01
1.167826177855293324e+01
1.187021079935579415e+01
1.206372725329889661e+01
1.225567627410177884e+01
1.244432188742632306e+01
1.262742249534080408e+01
1.282065242924751303e+01
1.301128682870694497e+01
1.320557857216027742e+01
1.339852198603060351e+01
1.358898784429216988e+01
1.377918403663714386e+01
1.397760503943838550e+01
1.416920012372570348e+01
1.437013239037526624e+01
1.455636786457021792e+01
1.474792924061797095e+01
1.494387268781044575e+01
1.513223178109859646e+01
1.531929310716311576e+01
1.551457924368389740e+01
1.570074730139967123e+01
1.588876931229208367e+01
1.607733065501769687e+01
1.626794820035734901e+01
1.645959384700403305e+01
1.664582932119897052e+01
1.682990746806111915e+01
1.701769352127650237e+01
1.721471563213538758e+01
1.741202426303067341e+01
1.760891154093127398e+01
1.779465824565238563e+01
1.798375892021117650e+01
1.817457871498834976e+01
1.836742100414000234e+01
1.855138117216371541e+01
1.873753237575976272e+01
1.892523415837625578e+01
1.911280110803448551e+01
1.929871635395351603e+01
1.948510351522659434e+01
1.967408621094694254e+01
1.985991718626705094e+01
2.004291666946285133e+01
2.022913528953807472e+01
2.042196072456993505e+01
2.061414570304988914e+01
2.080287558697341765e+01
2.099093130610546964e+01
2.117293639623382262e+01
2.136559329006783159e+01
2.155061526763815749e+01
2.174342384855025045e+01
2.192809188960502098e+01
2.210349016477669792e+01
2.226835461508124325e+01
2.245430356923984050e+01
2.264252782956974741e+01
2.282517337625001375e+01
2.301036389501820167e+01
2.319140830031868461e+01
2.335544689875364810e+01
2.352651366513996933e+01
2.371696266928179497e+01
2.389504074949969947e+01
2.408058520478341791e+01
2.425773630841299777e+01
2.444553921574820876e+01
2.463000500736553988e+01
2.481772364410182874e+01
2.499556576664269159e+01
2.518040234889532059e+01
2.537349744984379285e+01
2.555455870926407158e+01
2.573686717354860320e+01
2.592345658425914579e+01
2.610102904088340736e+01
2.626368560149577647e+01
2.643328605946059540e+01
2.661635295913556831e+01
2.679448160171280691e+01
2.697876199801247310e+01
2.716690198774346143e+01
2.735492399863591828e+01
2.751815359932109928e+01
2.769690584433049096e+01
2.788388289979612722e+01
2.806293851896166913e+01
2.823011198367707308e+01
2.840153268657893904e+01
2.858807153493011910e+01
2.877836885199389982e+01
2.895632895337326929e+01
2.913256993453429899e+01
2.931287275856415420e+01
2.949818125617080611e+01
2.968038859573668020e+01
2.985935994430327511e+01
3.003379753464709268e+01
3.020002716865439041e+01
3.036905458654646850e+01
3.053584040650679299e+01
3.068826651640824821e+01
3.086106925713268012e+01
3.104432155212527533e+01
3.121117478856473682e+01
3.137979770758188636e+01
3.156714555368287378e+01
3.173900446369918171e+01
3.192073988791090144e+01
3.210023371419093507e+01
3.228835684980213472e+01
3.243196825505472702e+01
3.257222569046963656e+01
3.270668530867763479e+01
3.286347663560400179e+01
3.303653218812524273e+01
3.322045864790934644e+01
3.340008730714769314e+01
3.357000799338846520e+01
3.375531649099513487e+01
3.393696764460798221e+01
3.412534359201598022e+01
3.430733182802453740e+01
3.446107255926941093e+01
3.461981896409111670e+01
3.477753726760579411e+01
3.496507050902442870e+01
3.513859797689968900e+01
3.530413659199574994e+01
3.544945026334688265e+01
3.563009016977243704e+01
3.578256684203323346e+01
3.593297045756018804e+01
3.610012706815571448e+01
3.624089012716421365e+01
3.641461984447686717e+01
3.656156836544737132e+01
3.673162388464639605e+01
3.691676384105515041e+01
3.710665665924398127e+01
3.729815061881263460e+01
3.748807714524095047e+01
3.767085752487942329e+01
3.784527826110344506e+01
3.801331128592790520e+01
3.820050744495068784e+01
3.838372603170370212e+01
3.855966363870850699e+01
3.871945499895700493e+01
3.889397685989965225e+01
3.907436395452836564e+01
3.924497565968033541e+01
3.941375026577546947e+01
3.955906393712662350e+01
3.970016407853078277e+01
3.984227546712228474e+01
3.999207233433683939e+01
4.015804915654726415e+01
4.032697544972051418e+01
4.050370520035534128e+01
4.067475511262181698e+01
4.085839505236950941e+01
4.102135498713796125e+01
4.119644988815342401e+01
4.136190423265041005e+01
4.150152121151346307e+01
4.166304854609992248e+01
4.182204776271845503e+01
4.200299104330007793e+01
4.217823763139367088e+01
4.235525390206486662e+01
4.250435975036808856e+01
4.266576910611613727e+01
4.282089187518364071e+01
4.300355427598353941e+01
4.316717152142373948e+01
4.332086169030917233e+01
4.349224868497145735e+01
4.367705155898439529e+01
4.384348344242908979e+01
4.401552774776307331e+01
4.418150456997349806e+01
4.435744217697835268e+01
4.452481789113114985e+01
4.466945739769077761e+01
4.483020944276719888e+01
4.498066362065350887e+01
4.512233680213068965e+01
4.531158916376744372e+01
4.547999297922729056e+01
4.564859904412465852e+01
4.579613745928768509e+01
4.596523229365880070e+01
4.614802952741707998e+01
4.630758492998863574e+01
4.644728617945052918e+01
4.663775203771223232e+01
4.679626248485680406e+01
4.697253717425742536e+01
4.713072739312595161e+01
4.728278271239199171e+01
4.745607422259019614e+01
4.762107350585298349e+01
4.778391546178303173e+01
4.793281906064877518e+01
4.809800373922925587e+01
4.824442978248625735e+01
4.842618206081780130e+01
4.859923761333888592e+01
4.877549544861970787e+01
4.894838245994301218e+01
4.909035901557629700e+01
4.925181893368369401e+01
4.943016667981811452e+01
4.961001444261363957e+01
4.976279448903059688e+01
4.993047357733956204e+01
5.011524274311297944e+01
5.028969718757650753e+01
5.046000551857230221e+01
5.064320725120548872e+01
5.079824574967398121e+01
5.096703720988895725e+01
5.111098569753719545e+01
5.126893995872882925e+01
5.141963009429211695e+01
5.156076394393586071e+01
5.172513962476654825e+01
5.189438614621577273e+01
5.205294715571977093e+01
5.221991837099766087e+01
5.239223234224819237e+01
5.254452361919124570e+01
5.272236574173202683e+01
5.289078641131167302e+01
5.306315094492153861e+01
5.323064463791287437e+01
5.338256512422059785e+01
5.356189040930263445e+01
5.373275492625158023e+01
5.389180470522928346e+01
5.406325911637072323e+01
5.424730355499325185e+01
5.441582534929154491e+01
5.458149879734582299e+01
5.476030160471449193e+01
5.492280647824870243e+01
5.508499112350696691e+01
5.524874320190549071e+01
5.539670297006318123e+01
5.555998313310760750e+01
5.572073517818399324e+01
5.588313892699952135e+01
5.605332927915679875e+01
5.623159275469222962e+01
5.640891239951959335e+01
5.657499034644882840e+01
5.673228729696876371e+01
5.689866861805410281e+01
5.705554421557931022e+01
5.719507692384332387e+01
5.735532334532608445e+01
5.752644067407170070e+01
5.769150737381350780e+01
5.786913039279711057e+01
5.803893310019930851e+01
5.821246056807446223e+01
5.838160596480494746e+01
5.852658255376028507e+01
5.870578986000388966e+01
5.887815439361374814e+01
5.905451335361329512e+01
5.922389470802075095e+01
5.938705689222681627e+01
5.954644375360029329e+01
5.972620724579688556e+01
5.991461690144438279e+01
6.006646997127295151e+01
6.024166599700703983e+01
6.040233377148449989e+01
6.055988353380134015e+01
6.072356819572071629e+01
6.086913467886861184e+01
6.103453846100618563e+01
6.119744783341533179e+01
6.137294723330565915e+01
6.154878371559173900e+01
6.172209207990963620e+01
6.186846756080733911e+01
6.203425898770026947e+01
6.219273572660522120e+01
6.236515082257446352e+01
6.251002628681099793e+01
6.266391870513388085e+01
6.282809213652711122e+01
6.297219231125338723e+01
6.312918588761710481e+01
6.329030872332884883e+01
6.346506654194850938e+01
6.363262765141903543e+01
6.378078966901416180e+01
6.394101923637702356e+01
6.412000743906341427e+01
6.427595606000024020e+01
6.444272502584072981e+01
6.460196020013613349e+01
6.476936962252855778e+01
6.494129594902402403e+01
6.512771681853655537e+01
6.530255890775515581e+01
6.547475490016722688e+01
6.562890013028697922e+01
6.577869699750146992e+01
6.593869060718738240e+01
6.610936972881852114e+01
6.626405429077134102e+01
6.642446925345191744e+01
6.659637872582766249e+01
6.675812516397151342e+01
6.691926485380302836e+01
6.706963476109028477e+01
6.724373526903821130e+01
6.742231897284973741e+01
6.759068908006990739e+01
6.774850850830335958e+01
6.791032236292627999e+01
6.807361938009049140e+01
6.823701752197355574e+01
6.841221354770767960e+01
6.858056680080805734e+01
6.874868409623152843e+01
6.892086323452393515e+01
6.909661544621098983e+01
6.926687321484742199e+01
6.942074877905054109e+01
6.956292758412114097e+01
6.972939317580542706e+01
6.987932487597825570e+01
7.005490854646744481e+01
7.022841916022292708e+01
7.040130617154618164e+01
7.056684478664222127e+01
7.074544534457355383e+01
7.091155699974228810e+01
7.107881473505649694e+01
7.125176916285906259e+01
7.143168434213355056e+01
7.158684081944059585e+01
7.176134582626345093e+01
7.191992368988724138e+01
7.208519263906659091e+01
7.223965809746221112e+01
7.240610683502670497e+01
7.254948228260212773e+01
7.270725114847624582e+01
7.287149199634853858e+01
7.304213740974002178e+01
7.320181079114991007e+01
7.337741131575914721e+01
7.354453421811518865e+01
7.370683684221182830e+01
7.386280231726853174e+01
7.403302637766518046e+01
7.420176727552087925e+01
7.435845747772854963e+01
7.452387811398590145e+01
7.469497858861171835e+01
7.486977011547102734e+01
7.502740414838675065e+01
7.518842585937953515e+01
7.536068926827044834e+01
7.552703688111658664e+01
7.568202481722559583e+01
7.585688376056390325e+01
7.603850120593725137e+01
7.620990505471898757e+01
7.636887056309788591e+01
7.651883597151039851e+01
7.669088027684432518e+01
7.685453123052403157e+01
7.700388989062417977e+01
7.716949592219926046e+01
7.732866368001562307e+01
7.748607860937406144e+01
7.764812842167398799e+01
7.781166139651544711e+01
7.798227310166736004e+01
7.816063770192154436e+01
7.831729419588941710e+01
7.848389462053209797e+01
7.864351743958269481e+01
7.880678074850733594e+01
7.896844291605219723e+01
7.913366130287217004e+01
7.930860451680963763e+01
7.948990173390686209e+01
7.966959780962415039e+01
7.983692296141759925e+01
7.999831546304581309e+01
8.015562926768562590e+01
8.030175193678643097e+01
8.048016709939993518e+01
8.063817192295110203e+01
8.079639585005926961e+01
8.096036703201477280e+01
8.113089446656786663e+01
8.128810714648891178e+01
8.145647725370923808e+01
8.162282486655513480e+01
8.180218385987679142e+01
8.197375624985650688e+01
8.212849137416878875e+01
8.228819846381826153e+01
8.245640002984062278e+01
8.263503429601171035e+01
8.280321900791413725e+01
8.297265092468090586e+01
8.313903224576638706e+01
8.331186869473036438e+01
8.348219387984588025e+01
8.363431661559128827e+01
8.378650676781539630e+01
8.395457350087954751e+01
8.412638184853634016e+01
8.429444858160053400e+01
8.444333532634661310e+01
8.460101992162181261e+01
8.476799113689956755e+01
8.493978263043662480e+01
8.511172581105192592e+01
8.528162964317289152e+01
8.545020199983052578e+01
8.561907773064454830e+01
8.578537478113082670e+01
8.594902573481061836e+01
8.611305458335068863e+01
