2.882970160437107934e-03
9.171046139954360573e-04
3.064249589959507037e-04
1.675923537964466926e-04
1.429017132008486861e-04
1.370222876763807539e-04
1.363600446454050780e-04
1.363417634097602673e-04
1.363323040545685459e-04
1.363299454443883891e-04
1.363278488657558422e-04
1.362895385898937081e-04
1.362680015084639712e-04
1.362575286006290412e-04
1.362531430719272419e-04
1.362513286877430594e-04
1.362480571154034989e-04
1.362254892311538432e-04
1.362197739851281092e-04
1.362169792378716557e-04
1.362139137515419791e-04
1.362097268195431731e-04
1.362045202636563061e-04
1.361978311276774609e-04
1.361925149715826971e-04
1.361859279492601141e-04
1.361821087808524542e-04
1.361767912181195109e-04
1.361741943103012215e-04
1.360727759575186926e-04
1.360470596814013211e-04
1.360228734021951512e-04
1.360045750492532316e-04
1.359938485573635326e-04
1.359702372008322869e-04
1.359584369469360324e-04
1.359384669909863795e-04
1.359233605119726843e-04
1.359080639377966402e-04
1.358888464960128766e-04
1.358548846738795945e-04
1.358452219734509298e-04
1.358324621469712823e-04
1.358225097595517510e-04
1.358109171071166378e-04
1.357892302210746637e-04
1.357619821852076533e-04
1.357293241103177275e-04
1.357057322386159761e-04
1.356943457999315280e-04
1.356902379944823812e-04
1.356662844997647552e-04
1.356472838553653983e-04
1.356260953337237089e-04
1.356088651486002817e-04
1.356013748245197073e-04
1.355897421270354218e-04
1.355756292412890675e-04
1.355479799873030803e-04
1.355293753555291932e-04
1.355221138704826853e-04
1.355130135396622588e-04
1.355009122399838159e-04
1.354918382439791464e-04
1.354734732952752815e-04
1.353779479244617185e-04
1.353393693304507435e-04
1.352970839514830426e-04
1.352731744961690780e-04
1.352484620147098593e-04
1.352174461204655237e-04
1.351861138304828573e-04
1.351719398969869381e-04
1.351602190723114527e-04
1.351424975074368465e-04
1.350896061654919807e-04
1.350610996568274815e-04
1.350136137936960347e-04
1.349452309228294183e-04
1.349303147655381350e-04
1.348963772126447909e-04
1.348763710279043374e-04
1.348543010042377907e-04
1.348168064352909732e-04
1.347962118705820476e-04
1.347589884764633468e-04
1.347237978769657001e-04
1.346974680499719097e-04
1.346723660511848207e-04
1.346288262324793787e-04
1.345872103345966677e-04
1.345613919606800330e-04
1.345083853228247342e-04
1.344818123076597374e-04
1.344567018408751591e-04
1.344150969766111283e-04
1.343742077366324593e-04
1.343491366259407828e-04
1.343180903338239143e-04
1.342962694876167682e-04
1.342683743798132791e-04
1.342430247970051969e-04
1.341720437676165948e-04
1.341125823846826945e-04
1.340553660577122486e-04
1.339967134609718025e-04
1.339669012047797856e-04
1.338810126698668928e-04
1.338187115198782656e-04
1.337756944710975847e-04
1.337468637650767876e-04
1.337050928703353045e-04
1.336621976742558926e-04
1.336205455833349776e-04
1.335664581314015774e-04
1.334659980537200564e-04
1.332792624249738234e-04
1.331906896281318529e-04
1.331201003554214821e-04
1.330424493458651409e-04
1.330105183890952425e-04
1.329432165891164378e-04
1.328070277559375808e-04
1.327375422716153743e-04
1.326564963327320874e-04
1.325761860082343136e-04
1.325022935116083823e-04
1.324351638668763416e-04
1.323582565146747990e-04
1.322764077939545208e-04
1.322107962522360580e-04
1.320923694345480794e-04
1.320014541195331547e-04
1.319326569064228633e-04
1.318526469561237481e-04
1.317147904574071909e-04
1.316407124390413350e-04
1.315706715136625085e-04
1.314532694179617526e-04
1.313638818835636342e-04
1.312673473771955193e-04
1.311270974582230036e-04
1.310447525931358968e-04
1.309660572013655443e-04
1.309047758226865223e-04
1.307774945522898792e-04
1.307251578096308884e-04
1.306531741285796896e-04
1.306141030125581529e-04
1.304436048943953942e-04
1.303681743569717682e-04
1.302515540951494665e-04
1.301688812048160441e-04
1.300879043389789494e-04
1.299597232497102508e-04
1.298530016357381267e-04
1.297805909741886607e-04
1.297050290243806695e-04
1.295926741039302979e-04
1.295041006614762642e-04
1.292452455241163917e-04
1.290696616352402415e-04
1.289069994100280447e-04
1.287600517284709606e-04
1.286788537252338347e-04
1.286078189739933686e-04
1.284838124915011989e-04
1.283265055741857649e-04
1.282560264263028912e-04
1.281320255955283136e-04
1.280282970642998368e-04
1.279253205945450850e-04
1.278501515077726540e-04
1.276528180612390196e-04
1.274752827946915490e-04
1.272792964542979036e-04
1.271556262641079804e-04
1.269947165180109231e-04
1.269077127858952178e-04
1.267809902252617891e-04
1.266503733908481229e-04
1.264645099269979937e-04
1.262881052499743796e-04
1.262157550802175054e-04
1.260161708011369136e-04
1.258087593687812742e-04
1.254790601451410742e-04
1.252502275417746020e-04
1.251503453671941053e-04
1.250126677476838901e-04
1.249315541766900792e-04
1.247547168829115456e-04
1.246115239171708268e-04
1.244850608130371129e-04
1.243299111787619265e-04
1.242381193423591681e-04
1.239965957627441745e-04
1.239237420126411762e-04
1.237903674073045641e-04
1.235916312326149687e-04
1.234866499170541101e-04
1.234053231484747641e-04
1.231993287664061049e-04
1.231168980730766441e-04
1.230075729141891358e-04
1.229393224403734159e-04
1.227415758684760291e-04
1.226642955093480876e-04
1.225377977716300161e-04
1.223326802743656002e-04
1.222538675087293043e-04
1.220835890756679818e-04
1.219811676738676118e-04
1.218389022932160897e-04
1.217543411045737183e-04
1.216076860117821059e-04
1.213666815642812803e-04
1.209550478350207716e-04
1.207891662657468556e-04
1.206573194057091911e-04
1.204632101284254715e-04
1.203000606883200210e-04
1.199016829601670604e-04
1.198477532487304180e-04
1.197365223178329399e-04
1.194419314477873731e-04
1.193001452721890668e-04
1.190473453232254053e-04
1.188494907304186353e-04
1.186062485906385077e-04
1.183436170477952397e-04
1.181482066944831110e-04
1.180035846058386884e-04
1.177218660231368360e-04
1.173636834196181597e-04
1.171416660507786263e-04
1.169220431822980859e-04
1.167338808348137067e-04
1.164622623109770952e-04
1.161210512446300756e-04
1.159931406678605374e-04
1.157023820330749724e-04
1.155361827242941641e-04
1.153357769632824549e-04
1.151436231166224738e-04
1.149445089045867139e-04
1.147847897049261170e-04
1.145165788190003110e-04
1.143315550234633599e-04
1.140591170039739061e-04
1.139334374310867090e-04
1.136707166499795272e-04
1.135602490845371930e-04
1.133129548221597078e-04
1.129864958717644453e-04
1.128022246548057397e-04
1.124404103809101632e-04
1.121636715032159234e-04
1.120937304940580780e-04
1.119718750488573239e-04
1.118297105021538181e-04
1.115103551367688369e-04
1.113120070922536719e-04
1.110451767288818322e-04
1.108910842940323045e-04
1.105973854529452221e-04
1.103075723519992635e-04
1.101162524961299080e-04
1.097794779493207665e-04
1.094940742136839778e-04
1.093414318970233084e-04
1.091839942131246979e-04
1.089880585872136606e-04
1.088309353758101458e-04
1.085298301735293980e-04
1.082993130419467086e-04
1.080888981368577855e-04
1.079340883827746100e-04
1.074725820953076414e-04
1.072034290936194382e-04
1.070873715780878787e-04
1.067188338716193007e-04
1.064946409409637829e-04
1.063370206440085653e-04
1.060386411798217103e-04
1.058698913670463485e-04
1.054866119269791397e-04
1.051986830641675296e-04
1.049486530351593263e-04
1.045356853849730067e-04
1.043991521438495762e-04
1.039298276544119116e-04
1.037265490977537188e-04
1.035747377341409830e-04
1.030444136779575556e-04
1.027706797103942994e-04
1.025687682617250953e-04
1.022906119390356970e-04
1.019325449394860452e-04
1.015888103376414472e-04
1.010908233732925435e-04
1.008710128083681529e-04
1.006430133333981251e-04
1.003240580863121379e-04
1.002235644165993741e-04
9.988988074845199939e-05
9.962874428401574179e-05
9.946104584891331810e-05
9.898270907692725590e-05
9.879582160925210095e-05
9.857049819188691379e-05
9.821674743843874752e-05
9.799861559279937075e-05
9.770921386120106928e-05
9.754465962164898189e-05
9.682266945699980702e-05
9.656609039510189580e-05
9.644394163249250416e-05
9.622536063791755408e-05
9.602533015696817391e-05
9.557430247283484114e-05
9.510592540092982711e-05
9.477131032367917937e-05
9.456491454852836360e-05
9.427317984806665252e-05
9.379234039494580423e-05
9.331924591344819316e-05
9.290944243723866158e-05
9.283692601113684671e-05
9.267434876282976044e-05
9.220390110756372735e-05
9.172742728132563471e-05
9.142454289031639876e-05
9.120347911344099255e-05
9.114016635375276547e-05
9.116196131823096839e-05
9.038058798519251608e-05
9.000147429172706225e-05
8.988646326117775021e-05
8.919906720258594156e-05
8.861721862998538112e-05
8.751742775117544548e-05
8.712320229594048269e-05
8.692290194751499898e-05
8.652550187897108309e-05
8.629957518935719811e-05
8.573853806504345987e-05
8.541395441585677495e-05
8.513986584976699214e-05
8.488277454187055984e-05
8.454698631480169607e-05
8.407589515067433942e-05
8.359813685776792459e-05
8.358986713611852714e-05
8.330633242275683396e-05
8.291277463419148975e-05
8.244790692928249281e-05
8.180573851788437267e-05
8.142230584029787831e-05
8.128487102645077112e-05
8.107819575595369541e-05
8.072154213993998470e-05
7.979165702366885116e-05
7.995425554386228941e-05
8.000492323105443332e-05
7.945913688492703094e-05
7.853050025029724966e-05
7.820111713330665402e-05
7.783899090204212366e-05
7.798506913975156109e-05
7.769869013989086034e-05
7.757580407660875086e-05
7.731238309105558997e-05
7.731781562684165174e-05
7.660739322594607454e-05
7.633268796826720728e-05
7.644550504106806602e-05
7.610741629537289726e-05
7.651342158332600607e-05
7.584086708239531015e-05
7.619421523248401233e-05
7.633583534744295819e-05
7.534373544517521863e-05
7.542854898673708895e-05
7.593552769776472757e-05
7.534644757445358018e-05
7.500168266431716082e-05
7.540281642771877305e-05
7.507065469560800014e-05
7.510238339795808921e-05
7.505778638742055075e-05
7.445176462191897186e-05
7.450821048649075757e-05
7.447800542789499137e-05
7.448415793990182580e-05
7.478582921035377906e-05
7.469204097715600381e-05
7.464149772300248059e-05
7.456395286298308079e-05
7.512778043988180190e-05
7.586348708350220955e-05
7.564109984647372981e-05
7.609054173189142684e-05
7.576195454395831595e-05
7.574461803602039022e-05
7.588661905520703739e-05
7.641392095731874953e-05
7.735075807309768625e-05
7.815684461228502048e-05
7.788315176975428859e-05
7.797663643489670003e-05
7.949181537293681377e-05
8.149493285475764939e-05
8.067309340777093006e-05
8.139681007715350071e-05
8.188071439208334035e-05
8.390210300888162743e-05
8.416831177456499797e-05
8.624703683539110407e-05
8.631848891194540273e-05
8.747563341659957896e-05
8.984007273213995227e-05
9.040455957234131399e-05
9.408729383332585733e-05
9.526852923503038948e-05
9.523944899958341798e-05
9.652817205268720971e-05
9.822575760493518259e-05
9.933828595844694780e-05
1.006266147717890943e-04
1.032683184543238932e-04
1.053458399500710327e-04
1.104341336158537126e-04
1.124228758678235562e-04
1.137723319575062502e-04
1.150590404108050435e-04
1.191003763869384976e-04
1.250658617669850791e-04
1.295233962892263012e-04
1.369999493333555051e-04
1.376724535286714924e-04
1.417134823584175482e-04
1.498346407086339365e-04
1.527306034181504445e-04
1.570860870213194784e-04
1.632052345839530183e-04
1.710093753143109767e-04
1.862778476955697369e-04
1.968425737327716561e-04
2.027571050059264769e-04
2.089855449363486959e-04
2.155331729338728539e-04
2.276915838737488278e-04
2.365022792267404503e-04
2.469901273445225596e-04
2.527693438344555551e-04
2.644753080331310301e-04
2.772810280706595565e-04
2.962233351987628703e-04
3.034928848400719140e-04
3.138714010011302139e-04
3.233653711525148549e-04
3.390637903027678515e-04
3.491653939944524827e-04
3.708850199574326221e-04
3.905537715360950213e-04
4.165295885532386525e-04
4.354412635269353611e-04
4.640325626607741112e-04
4.858293202159239400e-04
5.133651545783689870e-04
5.264835329496002575e-04
5.520306242406998335e-04
5.842698763490884566e-04
6.200865367358712960e-04
6.619235755742582019e-04
7.035666133718857049e-04
7.511028739538931067e-04
8.025898449487127049e-04
8.667847615253981884e-04
9.168031764163221947e-04
9.829341022182160742e-04
1.035755227368447820e-03
1.109810880265394784e-03
1.189181978164859750e-03
1.260002435025176773e-03
1.313108365849293899e-03
1.442017998092329787e-03
1.559920746818618462e-03
1.629583118043827520e-03
1.754634141009628378e-03
1.875339209737305387e-03
2.103148771656597558e-03
2.306552909093541673e-03
2.565478241760712087e-03
2.863778162612398356e-03
3.233945948018854613e-03
3.955229048668139173e-03
