1.948853581410469937e+00
1.684428735070831573e+00
1.418579245680212875e+00
1.172779403161175127e+00
9.436254969920938596e-01
7.445831683727371919e-01
5.759281744927321478e-01
4.491251421657553311e-01
3.684322967494220724e-01
3.306886972852914330e-01
3.121408420393637084e-01
3.036029463044512267e-01
3.003294822969949651e-01
2.995235307375483380e-01
2.994512589394551783e-01
2.994475710984880745e-01
2.994247956165656532e-01
2.994281023990367219e-01
2.994235432992350399e-01
2.994329588506892681e-01
2.994339096778925180e-01
2.994360744445206945e-01
2.993957607844226487e-01
2.994075037863014321e-01
2.993534138627542140e-01
2.993446526603761315e-01
2.993526129200825281e-01
2.993500201262501714e-01
2.993503048966407176e-01
2.993597697624894027e-01
2.993730971372581817e-01
2.993365257172683758e-01
2.993454686118584007e-01
2.991697237784202712e-01
2.991608135380334210e-01
2.991558472192573093e-01
2.991526525998804975e-01
2.991458278040133312e-01
2.991391032331874311e-01
2.991334385501590587e-01
2.991599930587969802e-01
2.991466525005542776e-01
2.991248284573645444e-01
2.991079721449518836e-01
2.990941492058683537e-01
2.990951535579470244e-01
2.990898138599099032e-01
2.990724985980077744e-01
2.990762381624305077e-01
2.990740895801666244e-01
2.990570545675860226e-01
2.990522833330925834e-01
2.990456022042335404e-01
2.990368099960927784e-01
2.990414429959792897e-01
2.990353219716681554e-01
2.990473290261282946e-01
2.990365475283052188e-01
2.990535938255938220e-01
2.990608193966031170e-01
2.990494684615426224e-01
2.990276603796760413e-01
2.990207822937027693e-01
2.990382204823364143e-01
2.990275388597818940e-01
2.990175873631353287e-01
2.989854580049592370e-01
2.989691401360584644e-01
2.989662927021638494e-01
2.989495762925261091e-01
2.989768931841316757e-01
2.989547047103551791e-01
2.989575630480111323e-01
2.989263892691667035e-01
2.989360921436060581e-01
2.989599677372695719e-01
2.989514346366159980e-01
2.989325878352455113e-01
2.989451122443853581e-01
2.989466295230044368e-01
2.989806263383342211e-01
2.989545234404380469e-01
2.989352229367647773e-01
2.989471551679413475e-01
2.989257303084008610e-01
2.989427853892396847e-01
2.989218910895519721e-01
2.989247873326409399e-01
2.989156283324681529e-01
2.989529226911771809e-01
2.988870972717559971e-01
2.988906300269579819e-01
2.988883246294214979e-01
2.988905628998543840e-01
2.989042677910540569e-01
2.989018194913212745e-01
2.988764173028478632e-01
2.988807252368871903e-01
2.988753980507232177e-01
2.988737735773558390e-01
2.988665939463531207e-01
2.988669142772669152e-01
2.988699475686960039e-01
2.988616597919962481e-01
2.988391432327306974e-01
2.988493866367934459e-01
2.988643424330936771e-01
2.988537404506205197e-01
2.988401464608937963e-01
2.988298253457590259e-01
2.988042192728631030e-01
2.987992066105115141e-01
2.987544031434554714e-01
2.987650562376200081e-01
2.986695088551626909e-01
2.986757581316714649e-01
2.987005687131812914e-01
2.987154413966346400e-01
2.987203361659612755e-01
2.986769496783732158e-01
2.986770293252385966e-01
2.986144033099628614e-01
2.986461107733803244e-01
2.985892996794438647e-01
2.986011258549384761e-01
2.985808539322280519e-01
2.985411225766645971e-01
2.985271026760265567e-01
2.985315301437645452e-01
2.985769957202240033e-01
2.985476770941599689e-01
2.985254528887734127e-01
2.985311363145132235e-01
2.984707966169888871e-01
2.985143695174707346e-01
2.985156170486938931e-01
2.985124556864987011e-01
2.984763919535920462e-01
2.984626522465588239e-01
2.984944348405039194e-01
2.984741047271279868e-01
2.984520470476509924e-01
2.984604297456268096e-01
2.984481804886024991e-01
2.984239187869212051e-01
2.984737030364435495e-01
2.984652559445985509e-01
2.984169040619965574e-01
2.984645036085798453e-01
2.984183579854874924e-01
2.984968386339463264e-01
2.984068736206291761e-01
2.983762832815943233e-01
2.983648265744319739e-01
2.983151453070002623e-01
2.982188743818859344e-01
2.981869590275735282e-01
2.981816491176838557e-01
2.981644893494306281e-01
2.981605492301303006e-01
2.981708512984432291e-01
2.981116092914250504e-01
2.980935726447588863e-01
2.980673425076478256e-01
2.980062420315756633e-01
2.979880140682704681e-01
2.979612726231729569e-01
2.980020411854675810e-01
2.979899432845248275e-01
2.979666435404662583e-01
2.979451929869741944e-01
2.979479372464658438e-01
2.979740542141039450e-01
2.979512538607709260e-01
2.979737248231867364e-01
2.979350237497153109e-01
2.979460864509758111e-01
2.979152823388396265e-01
2.979842083283777976e-01
2.978134360361875399e-01
2.977493035290108558e-01
2.977451693298786006e-01
2.977317604951952856e-01
2.976692743754457693e-01
2.976370138239328722e-01
2.976537661764639409e-01
2.975759260125591665e-01
2.975893274483850104e-01
2.975082320628878452e-01
2.976055007670656005e-01
2.976072011842685883e-01
2.976355938000406209e-01
2.975442046070018720e-01
2.975464148806219455e-01
2.974978184866766684e-01
2.974749686351242373e-01
2.974550463962050140e-01
2.974243884499876422e-01
2.973820494291435912e-01
2.974778482647666977e-01
2.974155742812905068e-01
2.974092450765290496e-01
2.973986117780922922e-01
2.973348842294006866e-01
2.973434406970046351e-01
2.973654193022254866e-01
2.972994422956303229e-01
2.972927225224799574e-01
2.973202375988627799e-01
2.972948787215637378e-01
2.971827015564253993e-01
2.971792413002104505e-01
2.971095630454425041e-01
2.970744482384962137e-01
2.970657254297967564e-01
2.971311945350629258e-01
2.970566076907641406e-01
2.969504689410706333e-01
2.968989654016803703e-01
2.968539394745614568e-01
2.968003426210548135e-01
2.967978100046481105e-01
2.967768003503140073e-01
2.966918235897219591e-01
2.966500664309291158e-01
2.966477797208111888e-01
2.966606312595321260e-01
2.965543663896953452e-01
2.965655172198914946e-01
2.965479790866609178e-01
2.965103203331448944e-01
2.965133233400422674e-01
2.964298423340698818e-01
2.964145543667753291e-01
2.964573854392035801e-01
2.964720227352687920e-01
2.964013662816000205e-01
2.963620752038211847e-01
2.961705536959556295e-01
2.961656149677285299e-01
2.960847130488605816e-01
2.961318975703239875e-01
2.960870802342994157e-01
2.961423017875424724e-01
2.960740289090126875e-01
2.959823541663403335e-01
2.959179322021182057e-01
2.958246372150627468e-01
2.957387893144987068e-01
2.955586693331233583e-01
2.955539253865407390e-01
2.955511625801005016e-01
2.955064035550047374e-01
2.955425758469866770e-01
2.954762435976060475e-01
2.955134635210136529e-01
2.953515470951659783e-01
2.952521171550879786e-01
2.952923187014621642e-01
2.952874093831804325e-01
2.952882819973594586e-01
2.952971087927648286e-01
2.951704510787152569e-01
2.951058491724471988e-01
2.950414516406931198e-01
2.950225024892719206e-01
2.950283177366346266e-01
2.950695627589087766e-01
2.950004199876257172e-01
2.948443871708243957e-01
2.948414489275790751e-01
2.947443627115785558e-01
2.947303527327059247e-01
2.947264339056022697e-01
2.946035391437411000e-01
2.945392435881709070e-01
2.945738090489845029e-01
2.945322589166443628e-01
2.944710748359820052e-01
2.942826107223062704e-01
2.943501317596206035e-01
2.943641416350856743e-01
2.943004937271339050e-01
2.943294053822548273e-01
2.942862072912966198e-01
2.941100370352398574e-01
2.940865356718449508e-01
2.941755487260517832e-01
2.939969477113643093e-01
2.939609289234705880e-01
2.939565086816596229e-01
2.937820676713017165e-01
2.936986260060475140e-01
2.937189029353375336e-01
2.936209181818659752e-01
2.935578782409318244e-01
2.934456673443008312e-01
2.932227622770544051e-01
2.932812202687945513e-01
2.931763215094266850e-01
2.931418986026388396e-01
2.930673859416210725e-01
2.929076776380289404e-01
2.929065548211334802e-01
2.928135397055670608e-01
2.927994235973002124e-01
2.926290739972062238e-01
2.925693552796662655e-01
2.925165951636192752e-01
2.922468581226524420e-01
2.921649240193300301e-01
2.920782523131440489e-01
2.920081415976480965e-01
2.920350009299860217e-01
2.919933480674912207e-01
2.919039622477606066e-01
2.917640219220237197e-01
2.915316781545507219e-01
2.915168727680448879e-01
2.915149030209353009e-01
2.915649772905427040e-01
2.914396672785447562e-01
2.913516503567132321e-01
2.912383379257590943e-01
2.911165242310636558e-01
2.910720285305662958e-01
2.909773347017629574e-01
2.909646696459727289e-01
2.909151514667206451e-01
2.908091131653389172e-01
2.906428908970783431e-01
2.907054766666657408e-01
2.906555478897626665e-01
2.905648642321354003e-01
2.904763730593689641e-01
2.904825553025556228e-01
2.904015738742731223e-01
2.902309256960506900e-01
2.901928500255251397e-01
2.900501886054535072e-01
2.901725043701858797e-01
2.897774922810596454e-01
2.899027330301485739e-01
2.898397122369810730e-01
2.898448451398926151e-01
2.898216644953580667e-01
2.895735752365163895e-01
2.895339218652595581e-01
2.893849059078603680e-01
2.891695430864957284e-01
2.891361050922766074e-01
2.890800198117215447e-01
2.889859112096616056e-01
2.888466538852708099e-01
2.887708755939025762e-01
2.886340325342144353e-01
2.885236749303085602e-01
2.884208707012859141e-01
2.883088843236548682e-01
2.881892506340391624e-01
2.883358494041921571e-01
2.882158069912808540e-01
2.881291204888382640e-01
2.879210580671308639e-01
2.878747694122866241e-01
2.877093743827402461e-01
2.876199300865426300e-01
2.875021426467664898e-01
2.872461008619227041e-01
2.871717062413990385e-01
2.869252649673803002e-01
2.867854010556344924e-01
2.867235449975443773e-01
2.866322190136199599e-01
2.864553918271867672e-01
2.864356206877439193e-01
2.863628347832397059e-01
2.862276865860702846e-01
2.862335593643413612e-01
2.861250554294108017e-01
2.859228187781790997e-01
2.857567580412069264e-01
2.857336036744945185e-01
2.854080777667593605e-01
2.850665563840488193e-01
2.849277115410975836e-01
2.849610599820093793e-01
2.849302965452306102e-01
2.849100518210357369e-01
2.845819991454172637e-01
2.845029434036109306e-01
2.842221221164497047e-01
2.840634425549730113e-01
2.840929396399028417e-01
2.840852152009797904e-01
2.838479504807317477e-01
2.835529396371199162e-01
2.833641048846526345e-01
2.830532969450446634e-01
2.831131129245260669e-01
2.830710690341319835e-01
2.830062836085406319e-01
2.829986597268547843e-01
2.827575934037289129e-01
2.829105733666346101e-01
2.824014019821809440e-01
2.822878594497241211e-01
2.821558058682824832e-01
2.820207233132351332e-01
2.817802134351135024e-01
2.819165581578045310e-01
2.816502942842457613e-01
2.816340027686961567e-01
2.814943658693260797e-01
2.812430774312171811e-01
2.810259316537419561e-01
2.809603434837366631e-01
2.806082326700126139e-01
2.805352738500078713e-01
2.806178037824913485e-01
2.801621524028397592e-01
2.800927966603914410e-01
2.799849890905453664e-01
2.799594840587071864e-01
2.797557914383623778e-01
2.795092975795185342e-01
2.794570917628318996e-01
2.791379724372088367e-01
2.789855399909256239e-01
2.789129367103349022e-01
2.788786822521227560e-01
2.787479651388954371e-01
2.787575239721645226e-01
2.785269951652965537e-01
2.781811669056433733e-01
2.780879004306295310e-01
2.780845560489285107e-01
2.776353995353632031e-01
2.774505322447430866e-01
2.774003391493972126e-01
2.775995298087940988e-01
2.774024291491152816e-01
2.768942455135980918e-01
2.768761175855889989e-01
2.768341555887561256e-01
2.769723435173663262e-01
2.767604645023161725e-01
2.764757425305640615e-01
2.762572402523944537e-01
2.762633731042006269e-01
2.758318791124455549e-01
2.757662981247905321e-01
2.756983368273308588e-01
2.753493360624011399e-01
2.748792042135038693e-01
2.748161101074239610e-01
2.745477757381577510e-01
2.742600814484676963e-01
2.742844253279706490e-01
2.738570119035596551e-01
2.735511975629383308e-01
2.734857158746781813e-01
2.733378201586524336e-01
2.730258911166048574e-01
2.730607172497251378e-01
2.726519625513227907e-01
2.723936707413449620e-01
2.719995647406723838e-01
2.718699775688320219e-01
2.712900503649764428e-01
2.713194148571227982e-01
2.709770327902568110e-01
2.709461115378535290e-01
2.707105772123169496e-01
2.707521703526262757e-01
2.700779532716239828e-01
2.697620675668333523e-01
2.695589355916219731e-01
2.692461595957862386e-01
2.694358563180540012e-01
2.690066911437058450e-01
2.687685410154647681e-01
2.685244074302038930e-01
2.686413440778981365e-01
2.687106980417159896e-01
2.687945878325295190e-01
2.682511564538051507e-01
2.680544042235536994e-01
2.679885297237459274e-01
2.675101000571695198e-01
2.673022129507913736e-01
2.667290961297322793e-01
2.667420210164495042e-01
2.664189383797986310e-01
2.658272315408535813e-01
2.655438923434614851e-01
2.656161508160450602e-01
2.651677204419325973e-01
2.651982661330491431e-01
2.649140278521722180e-01
2.644622515910355354e-01
2.636840422594566857e-01
2.639529681952659801e-01
2.638350820307778788e-01
2.630955707267851329e-01
2.629413506232003428e-01
2.622078827634075071e-01
2.615075876642801722e-01
2.618614360127574092e-01
2.614516846502579761e-01
2.611780396235622859e-01
2.608117324009656679e-01
2.602454490804977927e-01
2.604535235199034182e-01
2.599812831602767993e-01
2.596498344300046668e-01
2.596970298984256353e-01
2.594798051220920665e-01
2.585812940760200962e-01
2.580534258217536125e-01
2.574991494033572192e-01
2.574889637598529735e-01
2.572143130838911995e-01
2.564818871782203469e-01
2.563116514909319910e-01
2.555397431941568431e-01
2.546959881014919103e-01
2.546255021754336156e-01
2.542808949750303693e-01
2.534973266657554736e-01
2.528425581174409964e-01
2.524530128476740742e-01
2.525949166155010417e-01
2.517865060245525477e-01
2.514312871687545137e-01
2.513617951762982528e-01
2.504462953782395362e-01
2.500422359575604214e-01
2.493023171123688875e-01
2.491449037769865593e-01
2.486886199529991237e-01
2.488504112018627978e-01
2.481431476896159005e-01
2.478796476908221580e-01
2.483465839690289501e-01
2.477059436684493909e-01
2.474713834411462476e-01
2.474670127846846923e-01
2.477291689973432076e-01
2.472558099286348010e-01
2.468484009950704106e-01
2.461778267040505286e-01
2.454426391541736918e-01
2.450323975579859759e-01
2.441887447550391554e-01
2.432598858337130798e-01
2.434386891607542291e-01
2.435367677061522629e-01
2.439372454570112592e-01
2.429300155297327013e-01
2.429484872698736697e-01
2.427532348238506665e-01
2.416265997852984349e-01
2.414310162032799190e-01
2.409339141613447421e-01
2.391817288991760215e-01
2.391883622641683693e-01
2.383130030835173829e-01
2.384065273790612893e-01
2.383541663988005821e-01
2.380684489024731953e-01
2.377940085812793869e-01
2.380077226618769470e-01
2.389270847751740479e-01
2.389058923476931051e-01
2.385980896200345924e-01
2.380605037342045094e-01
2.386379056005716315e-01
2.384306450449917847e-01
2.378679370609392274e-01
2.372994598106061004e-01
2.377716471566138912e-01
2.375671269141399200e-01
2.370814817199899949e-01
2.368464182224103431e-01
2.363910736867220752e-01
2.360953107750915769e-01
2.363485383928298766e-01
2.355338548787042352e-01
2.352882876665292056e-01
2.354564189768567906e-01
2.335108170260586924e-01
2.333214565518943184e-01
2.337667523997044305e-01
2.341043145136685322e-01
2.335468985665786201e-01
2.333837320214925126e-01
2.330825362403363687e-01
2.325230792017051185e-01
2.333356997923384801e-01
2.327140880017369295e-01
2.333869413677420179e-01
2.335757956470816687e-01
2.333304726128198614e-01
2.328000659278963158e-01
2.325526866143147742e-01
2.325104975225096293e-01
2.334035713266932599e-01
2.341495810693612623e-01
2.336089388383282839e-01
2.329306131718829609e-01
2.340889727691530531e-01
2.342376581277228753e-01
2.335712302921167105e-01
2.326078687888146201e-01
2.336606420824390018e-01
2.350503542246276667e-01
2.358290695786388613e-01
2.359957613632051865e-01
2.364491856405435410e-01
2.357396009229333900e-01
2.354006251725784260e-01
2.366390598958831859e-01
2.376247351692385157e-01
2.381770399052468845e-01
2.385500048160160425e-01
2.384846450545424212e-01
2.379268186189904266e-01
2.388725602846265283e-01
2.401045869924839649e-01
2.425301191063875261e-01
2.440426808448966367e-01
2.435808627367890833e-01
2.435380562232904444e-01
2.455050972261285380e-01
2.469955432200793277e-01
2.500047325479121119e-01
2.513685442534313030e-01
2.536136818837718687e-01
2.555686026475140760e-01
2.562195533509961654e-01
2.589637120859316077e-01
2.587486222215327758e-01
2.589613339461200869e-01
2.605098693953930011e-01
2.634624358689686696e-01
2.645734371402748697e-01
2.652452681298634873e-01
2.662659921396153817e-01
2.681076062697924089e-01
2.707289452547230746e-01
2.744234529198129047e-01
2.781473767191279811e-01
2.820260977488416865e-01
2.871238617801534221e-01
2.919572548906377851e-01
2.951897710606662950e-01
2.990940370055388819e-01
3.033634832168806139e-01
3.069474586810344574e-01
3.101080413853297690e-01
3.160719192916111586e-01
3.189397050910128262e-01
3.217908861664112163e-01
3.250113828533170435e-01
3.300272348150410928e-01
3.304670508163164433e-01
3.371643237502784940e-01
3.432248555634462850e-01
3.491476143297698176e-01
3.568645497876415940e-01
3.598073944991109219e-01
3.655746616985431907e-01
3.725301566803110864e-01
3.790844486786009715e-01
3.842677718955723187e-01
3.914902307857907604e-01
3.976239125316971545e-01
4.060300865102536294e-01
4.107415809260398509e-01
4.181027095503917490e-01
4.260944394128812762e-01
4.366171483517333751e-01
4.471112932756167169e-01
4.588032157341304651e-01
4.685885172158638090e-01
4.793641255653697253e-01
4.945329815731052125e-01
5.134562572692856763e-01
5.274902707017739001e-01
5.404225209547024456e-01
5.547187273668754415e-01
5.685349311621178403e-01
5.922110673843017370e-01
6.126890198542819244e-01
6.419296263045393136e-01
6.667844948905543578e-01
6.923556870065531443e-01
7.252210484614208807e-01
7.677662785222810760e-01
8.273223856329922077e-01
