1.509766555996642882e-03
1.110290605624223159e-01
2.258742564216729976e-01
3.415621582702945691e-01
4.575028719157270829e-01
5.724154842541272492e-01
6.881539484621115310e-01
8.042969115449942752e-01
9.219398912889571474e-01
1.037712063736516033e+00
1.153770756220461324e+00
1.270806987652076447e+00
1.390876960645424765e+00
1.508823314545560290e+00
1.638618114656252178e+00
1.779115280831957691e+00
1.923522602798347636e+00
2.065536639754919523e+00
2.207163031956381971e+00
2.348907402996359028e+00
2.490045025723990335e+00
2.630525337779914707e+00
2.770162943846464554e+00
2.911317420693880553e+00
3.044297649444398957e+00
3.186918434713323478e+00
3.326859414936043091e+00
3.472025172292867889e+00
3.617949365040121990e+00
3.763216247115666935e+00
3.908230317394401521e+00
4.049334231882457225e+00
4.188280819037721869e+00
4.329317317046623259e+00
4.468617840717419298e+00
4.607143074877982691e+00
4.746982930381970611e+00
4.885272206865522548e+00
5.024673855255037402e+00
5.169586800815038963e+00
5.314044685140778768e+00
5.457609301117787304e+00
5.601224479454153027e+00
5.740963210239415027e+00
5.880381712748719458e+00
6.022142937908469662e+00
6.163550226552687583e+00
6.304738411639677409e+00
6.447274926309653154e+00
6.587856363084293676e+00
6.730325461275117327e+00
6.871176563966348461e+00
7.011724292501415157e+00
7.150687733776452504e+00
7.288420824307014101e+00
7.426979766707164643e+00
7.564948814914746578e+00
7.708142640256435030e+00
7.852347712785369360e+00
7.993468481393198211e+00
8.132431922668244439e+00
8.273181900640759423e+00
8.414218398649659036e+00
8.553872858835983806e+00
8.694555420329344031e+00
8.834816628828018992e+00
8.972094658124323274e+00
9.109035605024873306e+00
9.248454107534179514e+00
9.389136669027532633e+00
9.530864185947701017e+00
9.672473724029366338e+00
9.810476480476518546e+00
9.946069097794067559e+00
1.008189767278864046e+01
1.021907457736620373e+01
1.036006051301574615e+01
1.049974868144164653e+01
1.064413914928822535e+01
1.078837793005673085e+01
1.092670091477984329e+01
1.106261376037335786e+01
1.120107157805477271e+01
1.133715296484617774e+01
1.147633550967844585e+01
1.161841696311415006e+01
1.175856019277430242e+01
1.189888881775212148e+01
1.203898148505290777e+01
1.217801234280709721e+01
1.231911625729512672e+01
1.245339425326926097e+01
1.258765539512361009e+01
1.272516938209693649e+01
1.286194178779960318e+01
1.299798946635144326e+01
1.313140790221642540e+01
1.326705108189333338e+01
1.340272796980982939e+01
1.354061274741847498e+01
1.367832898382924256e+01
1.381596094964106669e+01
1.395381201901013846e+01
1.408653943596383229e+01
1.422924449183167184e+01
1.437023042748120005e+01
1.450317694799213264e+01
1.464401119656358219e+01
1.478107012230262818e+01
1.491426945461038578e+01
1.504753620339727149e+01
1.518011193327286001e+01
1.531506409403849212e+01
1.544794319807027350e+01
1.556774350514701588e+01
1.570291476946988496e+01
1.583822086675104757e+01
1.597347640167285832e+01
1.610423188661142646e+01
1.624349870204263624e+01
1.638131606317213951e+01
1.651729632524480706e+01
1.665443952158280538e+01
1.678733547973436302e+01
1.692651802456664711e+01
1.705900948384331528e+01
1.719276500210406056e+01
1.733046438439501813e+01
1.746421990265574564e+01
1.759827879507264470e+01
1.772674211972012870e+01
1.786024482618404008e+01
1.799276999370028918e+01
1.812846373573659875e+01
1.826361814593975197e+01
1.839425565203984547e+01
1.852622463360317440e+01
1.866173298032181549e+01
1.879349971244768014e+01
1.893185640541042147e+01
1.906915128882656774e+01
1.920230005877495572e+01
1.933165665177124737e+01
1.946148516012154417e+01
1.959635305028828967e+01
1.972874338484628254e+01
1.985973482746190655e+01
1.998661386484940650e+01
2.011822890989719070e+01
2.025525412739675346e+01
2.039199282485988007e+01
2.052773712925559124e+01
2.066648146697341559e+01
2.079951225808336446e+01
2.093407677409392420e+01
2.105337145757706097e+01
2.117539650846578425e+01
2.130539355801398216e+01
2.143866030680090873e+01
2.156933152114059737e+01
2.170229489577136661e+01
2.183451668913148325e+01
2.197194640550593192e+01
2.210485921777733154e+01
2.223790686300701580e+01
2.237048259288263097e+01
2.250263696976360350e+01
2.263398234889475802e+01
2.276173780051122364e+01
2.289232474425195463e+01
2.302223752320118422e+01
2.316293693881438287e+01
2.330237229544351507e+01
2.343621208430323222e+01
2.356759117167397477e+01
2.369767249182110191e+01
2.383313027618038760e+01
2.396565544369668643e+01
2.410067502094152303e+01
2.423116083996353254e+01
2.436461298406815601e+01
2.449380103586651103e+01
2.463003410973604090e+01
2.476803686618325173e+01
2.489609569195586758e+01
2.501495216832458368e+01
2.513960646190012227e+01
2.527115409046870198e+01
2.539390386850833892e+01
2.550067594098941726e+01
2.562013916567045513e+01
2.575824304683637678e+01
2.589681884335635687e+01
2.603347327022057911e+01
2.616485235759132166e+01
2.629201791501522933e+01
2.642727344993707561e+01
2.655919186914101715e+01
2.669412717578692451e+01
2.681483760533223659e+01
2.692917717759790364e+01
2.705910681066692547e+01
2.718531168326292402e+01
2.731251094892638420e+01
2.744168214660494343e+01
2.756003299938002371e+01
2.768922105117838939e+01
2.782250465408511531e+01
2.794817019484793619e+01
2.806547609219619588e+01
2.818323705077868269e+01
2.831508805350346591e+01
2.845170877212812144e+01
2.857599227506835149e+01
2.871229276541701836e+01
2.884554266008417045e+01
2.897587679202812438e+01
2.910937949849206419e+01
2.923298883664080705e+01
2.935644648771144460e+01
2.947376923917948588e+01
2.959582799830779010e+01
2.972306097221082766e+01
2.983846235402309333e+01
2.994552094654057584e+01
3.003742768536915975e+01
3.013225018692098089e+01
3.024453355657257703e+01
3.037675534993267590e+01
3.050939849628750622e+01
3.064522707128215373e+01
3.078011181556866305e+01
3.089527723970391904e+01
3.102476866565846692e+01
3.116010847117927440e+01
3.129836403942326939e+01
3.143050156218444258e+01
3.153811634065493053e+01
3.165842227132532116e+01
3.177070564097693506e+01
3.189566330870867006e+01
3.200963209033901080e+01
3.210878610067620542e+01
3.222816505475831406e+01
3.236094303407143258e+01
3.249222099672342523e+01
3.261545954423684179e+01
3.271431018041785421e+01
3.282816098320969189e+01
3.295038828353585103e+01
3.306201434251573090e+01
3.316792685488766779e+01
3.329158675539576961e+01
3.338779129477018159e+01
3.351229390126768237e+01
3.363924035513433353e+01
3.377495095129046376e+01
3.389144785088892320e+01
3.402366964424903273e+01
3.414874529081929921e+01
3.427714119898767109e+01
3.441152031968056946e+01
3.454891632781544075e+01
3.468541906760157190e+01
3.481976448005488578e+01
3.494372775471915560e+01
3.506504493257686050e+01
3.518865427072558560e+01
3.531603893170673558e+01
3.543204706183136210e+01
3.553543145623520871e+01
3.564173161336224638e+01
3.574643062910948998e+01
3.586599497850927776e+01
3.598574472322672335e+01
3.611129228515093104e+01
3.623292969128454644e+01
3.635392664086619163e+01
3.647049095694369925e+01
3.657188656521263681e+01
3.668427105958284073e+01
3.681844793083827483e+01
3.694734946260023634e+01
3.706109914067326372e+01
3.717715783315721012e+01
3.727371630904708155e+01
3.737541529147224395e+01
3.750258084889595978e+01
3.761820133426542156e+01
3.772866445897996357e+01
3.784640856344256576e+01
3.797198983360643609e+01
3.808796425549143549e+01
3.821243315374930205e+01
3.834293582689101498e+01
3.845902822761451745e+01
3.857916561708699987e+01
3.871490992148265775e+01
3.883285627538284501e+01
3.893472379900568825e+01
3.904660266978238781e+01
3.917838625602795588e+01
3.930713610071181563e+01
3.942744203138219206e+01
3.953778717725814573e+01
3.967036290713387103e+01
3.979973635424978795e+01
3.991817147762377260e+01
4.004880898372383768e+01
4.016640140110840917e+01
4.027789262713006480e+01
4.039299063478604523e+01
4.050677402109869973e+01
4.063822052494852244e+01
4.077175693965199343e+01
4.089261905627544991e+01
4.102355993653158350e+01
4.115568060517293247e+01
4.128313268263323721e+01
4.140431502753249760e+01
4.150930056331622353e+01
4.162107830937403463e+01
4.174778880556363703e+01
4.187731393975769123e+01
4.200014798839615793e+01
4.213211696995949751e+01
4.226973208165146900e+01
4.238922901457209491e+01
4.249145047471054681e+01
4.259240787586493582e+01
4.269648328918006541e+01
4.281412626892398521e+01
4.292575232790385087e+01
4.305020437204186834e+01
4.317880252964767607e+01
4.329137241933563018e+01
4.339682987047324048e+01
4.350709074575031110e+01
4.362040221670884677e+01
4.373764069757798723e+01
4.384063744722661227e+01
4.396746592225473904e+01
4.410395180792104242e+01
4.423560056120837203e+01
4.437237296691103694e+01
4.448003830774090517e+01
4.458595082011277810e+01
4.469459369989029085e+01
4.481973676293961262e+01
4.495081247615419784e+01
4.507969715379633158e+01
4.520187389176319925e+01
4.532497760631816419e+01
4.543486769095991917e+01
4.554238134471166433e+01
4.565061972561426984e+01
4.575280747751312305e+01
4.585578737304214769e+01
4.597319439510901873e+01
4.609857341583527557e+01
4.621818832759436191e+01
4.632470758827861346e+01
4.643144595252013573e+01
4.655006647121177821e+01
4.666037790884821135e+01
4.676283532666378306e+01
4.687540521635174429e+01
4.698807623075838791e+01
4.709393818077094096e+01
4.721630031405539540e+01
4.733389273143993137e+01
4.744995142392389198e+01
4.756338087372098755e+01
4.769044530642614887e+01
4.781981875354214395e+01
4.793587744602613299e+01
4.805658787557131717e+01
4.817392748115922529e+01
4.829527836725628731e+01
4.842426416961724556e+01
4.855498594631622211e+01
4.868661784548375238e+01
4.880277766268641670e+01
4.893744330341566950e+01
4.904853003056231131e+01
4.914898180812310358e+01
4.926905178111645256e+01
4.939475103011880464e+01
4.952491662086485036e+01
4.965363275730908299e+01
4.978130393832662293e+01
4.990346382217357757e+01
5.001443257048173052e+01
5.012978338993461591e+01
5.022780817424607847e+01
5.033222066995691080e+01
5.043164434621067471e+01
5.055587728679146409e+01
5.068085180864289896e+01
5.080742747187419184e+01
5.092213783477512834e+01
5.103123577578694636e+01
5.114830571545806492e+01
5.126937008151886488e+01
5.139486708108377400e+01
5.152973497125051949e+01
5.165590613560684830e+01
5.177897614192234954e+01
5.189227075876124218e+01
5.200725078757864850e+01
5.213210733059161583e+01
5.225276719777747303e+01
5.238123052242494992e+01
5.251571076783649517e+01
5.264860672598821623e+01
5.276255865349855867e+01
5.287991511320617377e+01
5.300524357157318178e+01
5.312408319382205946e+01
5.324973188046499217e+01
5.337017264409370654e+01
5.348255713846398862e+01
5.358000888270255047e+01
5.368143819921106541e+01
5.378453607357842969e+01
5.389504976065229869e+01
5.402703559633533814e+01
5.415752141535742226e+01
5.428220941717238190e+01
5.441330198450671674e+01
5.452068080530009553e+01
5.462773939781759935e+01
5.474728689309750962e+01
5.486980071346010135e+01
5.498408972336623179e+01
5.511964863244435264e+01
5.525129738573145488e+01
5.534964239831881372e+01
5.545464478822221821e+01
5.558022605838604591e+01
5.570014434430128603e+01
5.581337154466090311e+01
5.592327848342242191e+01
5.603932032178656897e+01
5.616050266668590751e+01
5.627465684363386345e+01
5.639442344247098049e+01
5.651451026958416435e+01
5.662578239204854924e+01
5.673702080627322175e+01
5.684241084093167018e+01
5.694087383235753208e+01
5.706035391115832311e+01
5.718826104985281233e+01
5.731514008724028031e+01
5.744658659109011722e+01
5.757601060056550324e+01
5.769073781758613961e+01
5.780420097562288362e+01
5.792856874916210330e+01
5.804793084912423495e+01
5.815069164109586097e+01
5.827568301706717335e+01
5.838668547361491790e+01
5.849285079778358920e+01
5.859075760325642079e+01
5.870068139613771052e+01
5.882430758840618523e+01
5.894634949341467234e+01
5.907031276807884268e+01
5.918303434484486303e+01
5.928896371133659216e+01
5.939229754338104783e+01
5.950699105216222762e+01
5.963781395357997184e+01
5.975613109811536106e+01
5.986354362714835986e+01
5.999062491397327790e+01
6.011340840025238919e+01
6.023944473165050795e+01
6.036131809546110105e+01
6.048598924315638925e+01
6.060609292438930140e+01
6.072134261912344755e+01
6.084582837150111345e+01
6.095265100634165378e+01
6.106360290052987239e+01
6.118780213287121938e+01
6.129829896582526771e+01
6.141002614952382288e+01
6.152664102796069301e+01
6.164076149666910709e+01
6.175528646425244972e+01
6.186128324722329097e+01
6.196761711258987759e+01
6.207211387889967114e+01
6.217524546150668385e+01
6.229828175958260061e+01
6.242625631475620906e+01
6.253801720669444819e+01
6.265134553177268373e+01
6.276937615627181088e+01
6.287665385234654991e+01
6.299441481092890172e+01
6.311950731161888939e+01
6.321992538094005454e+01
6.333873129494929799e+01
6.347181264841849924e+01
6.358857921393344270e+01
6.370425026166227411e+01
6.380364022967648197e+01
6.390105826567549485e+01
6.401811135122703433e+01
6.413334419184126034e+01
6.424475114726384106e+01
6.435826486765994048e+01
6.447364939535235351e+01
6.459468005317353345e+01
6.471566014863543614e+01
6.483539303923305397e+01
6.496267657549530838e+01
6.508513983349845944e+01
6.520018727879518394e+01
6.530908297036954480e+01
6.542441693570253847e+01
6.553658232651558535e+01
6.564488812389743089e+01
6.576445247329696997e+01
6.587302793659534927e+01
6.599830583260292372e+01
6.612889277634366181e+01
6.623817611267307370e+01
6.634479649807595081e+01
6.646173160478883801e+01
6.657881839857981277e+01
6.670362437923341759e+01
6.683232366155793613e+01
6.694792729280752042e+01
6.706836805643618504e+01
6.719354482772509130e+01
6.730373828652302848e+01
6.742149924510553660e+01
6.754687826583202082e+01
6.766910556615822259e+01
6.778715304477692882e+01
6.790218363595383266e+01
6.802377047972814239e+01
6.815208211729748200e+01
6.826539358825608872e+01
6.837336230324204678e+01
6.847748827891643941e+01
6.859042895923973049e+01
6.870808879310344253e+01
6.883340039735065830e+01
6.895490297052585049e+01
6.908029884537207010e+01
6.920689136272319786e+01
6.933461310609989425e+01
6.946088539517498361e+01
6.957246089179550097e+01
6.969133422228394181e+01
6.981300533665704222e+01
6.992623253701668773e+01
7.004443170271366625e+01
7.016974330696086781e+01
7.029903248347793010e+01
7.042124292968433963e+01
7.053337461225788729e+01
7.064567483602920106e+01
7.075613796074371464e+01
7.087907313410094901e+01
7.100022177076071728e+01
7.112103332502474018e+01
7.125091239573427515e+01
7.137094866048796860e+01
7.147473755376661586e+01
7.158346470414302587e+01
7.169829304588252228e+01
7.179827290808920282e+01
7.190637645603349881e+01
7.202024411294526374e+01
7.213465110168986882e+01
7.225748515032840658e+01
7.237811130927471481e+01
7.249145648847286338e+01
7.260180163434884548e+01
7.271369735924537281e+01
7.283194708730161437e+01
7.294964062940476879e+01
7.306364311927490007e+01
7.316883090449567817e+01
7.328123225298580223e+01
7.339831904677680541e+01
7.352627674783066425e+01
7.365384680412945784e+01
7.377266957225842248e+01
7.387864950110947859e+01
7.399979813776909054e+01
7.413073901802546573e+01
7.425610118463178821e+01
7.437785656960414826e+01
7.447834205540426922e+01
7.458224892752156165e+01
7.469244238631938515e+01
7.480880445295953507e+01
7.492879015535396547e+01
7.503987688250074939e+01
7.514850290815816436e+01
7.527757298111799855e+01
7.540628911756220987e+01
7.552676358943072898e+01
7.564391779970067375e+01
7.577383057864977900e+01
7.589678260612689087e+01
7.601703797443794031e+01
7.614073158318565504e+01
7.626063301498079738e+01
7.639089973044539761e+01
7.651194724238652611e+01
7.662320251073110455e+01
7.672818804651458890e+01
7.683386460120931361e+01
7.695219859986474376e+01
7.707892595017406734e+01
7.720413642970258650e+01
7.732289178135235375e+01
7.744784944908425928e+01
7.757091945539953315e+01
7.767322518613704574e+01
7.778009838333696280e+01
7.789560088986779363e+01
7.801528321810609157e+01
7.813510037930279850e+01
7.825247369312998558e+01
7.837372345450849309e+01
7.849849572692241395e+01
7.862493655719559627e+01
7.873590530550340816e+01
7.885218310154475319e+01
7.896362376520679049e+01
7.907862064814408143e+01
7.919717375035659757e+01
7.932272131228103262e+01
7.943402714298495937e+01
7.954174304617404800e+01
7.965478485121614938e+01
7.976071421770767245e+01
7.987075598942749366e+01
7.999038775530613066e+01
8.010201381428603895e+01
8.022198266256073396e+01
8.032971541986958641e+01
8.044526848875985081e+01
8.057015874001253053e+01
8.068825678099071297e+01
8.080581549013565734e+01
8.090818863735236732e+01
8.102660690660634657e+01
8.115136232490057466e+01
8.127190421324807801e+01
8.137643468779755551e+01
8.148846524565217919e+01
8.161017006826500619e+01
8.172385232985867276e+01
8.184242228619105219e+01
8.196464958651701238e+01
8.208753419751491265e+01
8.220907047892977459e+01
8.232393252890861390e+01
8.243569342084695961e+01
8.254915657888336966e+01
8.266914228127794217e+01
8.278671784454267879e+01
8.290756310704639986e+01
8.302613306337849508e+01
8.315670315299942672e+01
8.327599783648265941e+01
8.339067449114399722e+01
8.351706475905758964e+01
8.364261232098169785e+01
8.376450253891219688e+01
8.387830277934436651e+01
8.400086716206646997e+01
8.411213928453084065e+01
8.422814741465532506e+01
8.434203192568669749e+01
8.445488833541124052e+01
8.457013803014538667e+01
8.468786528048808293e+01
8.480655321565882332e+01
8.492913445250052007e+01
8.503808070643425765e+01
8.515730797343826453e+01
8.527849031833746096e+01
8.539891422784656072e+01
8.551542798156461345e+01
8.564159914592110567e+01
8.576168597303407637e+01
8.587744129136196136e+01
8.599690451604287489e+01
8.611273435507476393e+01
