2.234236576550467299e-02
1.472156633602637703e-02
1.028214689974649328e-02
7.071189187014841407e-03
4.671402981895678326e-03
2.969154700422175011e-03
1.824397817194369636e-03
1.131691315665977939e-03
8.106080246264504982e-04
6.820942352283744904e-04
6.199454277475728234e-04
5.927201188897537583e-04
5.801461444645954766e-04
5.772826321097117210e-04
5.769323506560376791e-04
5.769257795223884213e-04
5.769208897919105884e-04
5.769159614524597491e-04
5.769131443645973949e-04
5.769070590076184370e-04
5.769045460206011743e-04
5.769008027823850377e-04
5.768868647358849815e-04
5.768647909244642262e-04
5.767532300423726822e-04
5.767473905803568611e-04
5.767437924477379673e-04
5.767393160533896721e-04
5.767375594776816489e-04
5.767341640518850029e-04
5.767265666495823527e-04
5.767211733837169802e-04
5.767182196965898490e-04
5.764897533445629630e-04
5.764810292915562668e-04
5.764762230375955823e-04
5.764703971103978843e-04
5.764650696112618138e-04
5.764593503015655101e-04
5.764552022270646526e-04
5.764510187300519745e-04
5.764458037728761386e-04
5.764360775077791068e-04
5.763455903639433039e-04
5.763228655731101376e-04
5.763085546247109434e-04
5.763008663474167336e-04
5.762923688828014250e-04
5.762876378359060338e-04
5.762765854180662605e-04
5.762712617687596080e-04
5.762598876616535724e-04
5.762533465860897840e-04
5.762466887480886032e-04
5.762421695157549789e-04
5.762359283160651061e-04
5.762307138817897864e-04
5.762244785797890432e-04
5.762188274493998830e-04
5.762071478149482368e-04
5.761916991579736896e-04
5.761801297117202358e-04
5.761671432578982077e-04
5.761513541132747343e-04
5.761461214101375140e-04
5.761371274167647509e-04
5.761136226913146944e-04
5.761006334749697085e-04
5.760875198112008939e-04
5.760808399182382319e-04
5.760708922145340574e-04
5.760614932861411004e-04
5.760480985828533721e-04
5.760371895427548105e-04
5.760235185784791465e-04
5.759809874789354519e-04
5.759759466115805171e-04
5.759674728943602095e-04
5.759641151331437855e-04
5.759605286334111693e-04
5.759542585927177093e-04
5.759390209527938918e-04
5.759318139030017566e-04
5.759197988902066325e-04
5.759094293023109224e-04
5.758984671190821650e-04
5.758938384246913922e-04
5.758704998885771746e-04
5.758549961727870477e-04
5.758432557373135236e-04
5.758361398003565470e-04
5.758211369164396810e-04
5.758081371461413675e-04
5.757954093500135609e-04
5.757832601773196432e-04
5.757773399137785207e-04
5.757625743996344723e-04
5.757427297920947751e-04
5.757258479840688357e-04
5.757180875962986154e-04
5.757024537097306860e-04
5.756835802636659036e-04
5.756659892489189448e-04
5.755424241009208988e-04
5.755352199078956699e-04
5.755251338744324981e-04
5.754977089544610104e-04
5.754840928214243964e-04
5.754683873337619474e-04
5.754554546100494735e-04
5.754339996322962959e-04
5.753610336548613778e-04
5.753436590710751374e-04
5.753154859686328108e-04
5.750929817557247055e-04
5.750630069016609983e-04
5.750457817665658106e-04
5.750284094741893622e-04
5.750108364216867255e-04
5.749940858746069089e-04
5.749807562415608017e-04
5.749597261332270014e-04
5.749105424081000799e-04
5.748274702857646265e-04
5.748105641885745826e-04
5.747251420125528646e-04
5.745864281967347741e-04
5.745737141802224369e-04
5.745395205385344728e-04
5.745233829735993001e-04
5.744636252364523389e-04
5.744440993929196939e-04
5.741123690665955303e-04
5.740875566763439450e-04
5.740605838267913170e-04
5.740198667173153704e-04
5.739919577907172214e-04
5.739602404949816633e-04
5.739349922413245972e-04
5.739139033653808779e-04
5.738968211633085296e-04
5.738640262832820759e-04
5.738448154783846924e-04
5.737683311229030761e-04
5.737305676591930321e-04
5.736816020138964549e-04
5.736544739655814566e-04
5.736143254331250692e-04
5.734737613931432118e-04
5.734556107205116557e-04
5.734254366821574678e-04
5.733728011994750897e-04
5.733506917324184471e-04
5.732831704610579816e-04
5.732505492239158874e-04
5.731377754210477231e-04
5.730934364984946808e-04
5.730520153115657104e-04
5.730333065919624574e-04
5.729944403692340893e-04
5.729520829166679426e-04
5.728973000401450192e-04
5.728759687368555238e-04
5.728309910937372197e-04
5.727650205348380806e-04
5.727069137836268654e-04
5.726625993684909691e-04
5.726296911115824140e-04
5.725729421556730644e-04
5.725059878440173691e-04
5.724725294385224050e-04
5.724661939485457991e-04
5.724372327123594412e-04
5.723972437979784299e-04
5.723536641083777198e-04
5.723124740393265150e-04
5.722421984033856674e-04
5.721164144233668349e-04
5.720668553592125850e-04
5.718544112271021791e-04
5.718139035935772491e-04
5.717777436873034552e-04
5.717296885826254763e-04
5.716974229681067452e-04
5.716643432183682707e-04
5.716129778813391514e-04
5.715158518532284515e-04
5.714932768462243967e-04
5.714046110722852947e-04
5.712872178991678599e-04
5.711829342787875206e-04
5.711475417124498933e-04
5.711123126083744381e-04
5.710725877525027515e-04
5.709720363751811818e-04
5.709075584183284516e-04
5.708154751360735137e-04
5.707549716462110038e-04
5.706652099581465028e-04
5.705579658694707405e-04
5.703879313942706274e-04
5.702766950013758804e-04
5.702378828900619718e-04
5.701818306036677761e-04
5.700920723905589498e-04
5.700362240060775779e-04
5.699602513029923025e-04
5.698292227784822889e-04
5.697374971668261101e-04
5.696386695675879214e-04
5.694275438688613591e-04
5.693607024010452966e-04
5.693172806624160077e-04
5.692311753381954723e-04
5.691860911223865001e-04
5.691365205633396474e-04
5.690171140130542097e-04
5.689700120237153793e-04
5.688986886012795943e-04
5.688325202166626257e-04
5.687513459260421953e-04
5.686833322174587868e-04
5.686231385098584022e-04
5.684792583782491242e-04
5.682441018174121160e-04
5.681186485078953312e-04
5.680184290929363080e-04
5.679214274502679839e-04
5.678676643737075270e-04
5.677971239968457621e-04
5.677500130076397825e-04
5.677120285758392336e-04
5.676489231337625979e-04
5.675570490513111906e-04
5.675034414595355034e-04
5.674501709315082562e-04
5.673882433914731504e-04
5.671032937325595508e-04
5.669371775297652990e-04
5.668315474333615080e-04
5.667015732697565020e-04
5.666231549734182527e-04
5.664109665015141766e-04
5.662299143550968616e-04
5.661512995414611686e-04
5.660030058386881840e-04
5.658302763663538692e-04
5.656123517750304966e-04
5.654873284839936291e-04
5.651948802968021239e-04
5.651188022076463185e-04
5.649972716481387958e-04
5.648636108498779253e-04
5.646886128703770998e-04
5.645908960507876190e-04
5.644796854526276013e-04
5.644015597066795150e-04
5.643030526428501970e-04
5.642208783899260510e-04
5.640903334381776237e-04
5.639177883405494581e-04
5.638086001730132366e-04
5.637447886627092782e-04
5.636218525147015631e-04
5.635485096991800849e-04
5.633916928620080018e-04
5.632962296169154561e-04
5.631705826823506017e-04
5.630619519859171888e-04
5.629005003286324414e-04
5.627454917498573260e-04
5.623266286315987440e-04
5.621815797840415537e-04
5.620495814557507474e-04
5.618508465226150494e-04
5.616752592801831307e-04
5.615214504690956661e-04
5.613531300149712322e-04
5.611350963075209183e-04
5.607937869814296449e-04
5.605925595430502964e-04
5.605119102083561426e-04
5.603846104322116484e-04
5.601837452661713804e-04
5.600078991067950450e-04
5.597240252650187518e-04
5.595977125444854400e-04
5.594559820686063846e-04
5.593340076520841343e-04
5.591047145341498849e-04
5.589139953690762993e-04
5.586977813022154507e-04
5.585304073685347457e-04
5.583632373472597731e-04
5.582099981318491399e-04
5.579140231613509415e-04
5.577015356816876664e-04
5.575703235883254765e-04
5.573419736730902225e-04
5.570854248865231241e-04
5.567891860778970397e-04
5.565822752804286790e-04
5.564699245132274496e-04
5.564043935435862087e-04
5.560728981717164834e-04
5.558647134925668839e-04
5.556569995866201487e-04
5.552431046736578399e-04
5.549736333563870310e-04
5.546778300574521908e-04
5.544606358311180089e-04
5.542381271103698388e-04
5.540909074003081336e-04
5.539790816407298918e-04
5.538831042994756546e-04
5.536698746824548437e-04
5.534554824509792378e-04
5.532177903878182906e-04
5.530974310684503648e-04
5.528671384841979224e-04
5.525890934424370878e-04
5.524068653662699306e-04
5.522453337698919693e-04
5.520112029396431015e-04
5.518562321665179812e-04
5.515229642208094611e-04
5.513871115997318138e-04
5.512357888925219088e-04
5.510992941647884381e-04
5.509201766152373994e-04
5.506231258951187419e-04
5.504479235385091465e-04
5.501965337026552870e-04
5.499722931921434410e-04
5.498208984160943584e-04
5.495090903466014025e-04
5.492927210629706698e-04
5.488853959300602631e-04
5.486238244210513192e-04
5.483106446080527946e-04
5.482160793497976988e-04
5.479769252679339260e-04
5.477901806566166584e-04
5.475270840582680681e-04
5.473875245648567034e-04
5.470225271524133907e-04
5.468093695374818750e-04
5.465604334973773971e-04
5.462130125462074911e-04
5.460583198445978373e-04
5.458209116661039660e-04
5.455894121934710570e-04
5.452869765188790747e-04
5.449638323703034134e-04
5.444958286405838675e-04
5.442058283324826542e-04
5.439076918998637326e-04
5.435986287934374116e-04
5.433556876804364983e-04
5.430417946791188085e-04
5.429309605293199895e-04
5.426775072010357097e-04
5.425414234252632847e-04
5.421658949574529240e-04
5.419059084232515219e-04
5.416386929827547237e-04
5.412289731907739959e-04
5.408513105996213969e-04
5.405410507215687235e-04
5.401888551230992147e-04
5.397678982857280526e-04
5.392793551994918199e-04
5.389042287660060189e-04
5.382913248710056260e-04
5.378959496035908960e-04
5.376197856668544139e-04
5.374302644586152538e-04
5.370804580564511686e-04
5.368452433585447830e-04
5.366630408578183711e-04
5.364631751418435634e-04
5.361207913319572744e-04
5.357009940483334039e-04
5.353447503671411329e-04
5.348287420373365204e-04
5.343591630093014622e-04
5.340064436870034341e-04
5.335274858345354738e-04
5.331796495819913313e-04
5.327326415768434721e-04
5.323213330724755124e-04
5.318769787425425529e-04
5.314460269428410589e-04
5.310503680530609351e-04
5.306665146030255069e-04
5.301405259651502475e-04
5.296517766586013786e-04
5.293931824091217342e-04
5.290167623444313886e-04
5.289209192557359825e-04
5.285294867083062745e-04
5.281623047452206924e-04
5.274812939525116377e-04
5.270022476710332525e-04
5.268123996281444702e-04
5.264557111122628247e-04
5.262400243207442877e-04
5.256888443645499169e-04
5.253823710256415444e-04
5.249477687333406559e-04
5.245612524700857390e-04
5.239853646632679305e-04
5.236816340587948509e-04
5.233098978517940116e-04
5.226961875609809722e-04
5.221857033870842433e-04
5.217275612497028958e-04
5.214371885683971456e-04
5.209626373728027879e-04
5.204830122078644636e-04
5.199049660880963094e-04
5.195209402593635190e-04
5.191244176583303775e-04
5.186734047209159461e-04
5.178778088604327635e-04
5.171303081712402393e-04
5.166597157280514120e-04
5.163286763363077398e-04
5.160746442076916867e-04
5.154783898248082707e-04
5.151920262547022254e-04
5.146402665321544393e-04
5.141443871310995457e-04
5.137809922869218237e-04
5.130844811840722108e-04
5.127422254248238317e-04
5.123961417415568917e-04
5.119928374853116365e-04
5.112466278687597277e-04
5.108666168704155451e-04
5.107535473362335944e-04
5.100405241420006511e-04
5.093142683372246966e-04
5.087561586252199123e-04
5.083867020469847765e-04
5.083129390708723003e-04
5.077407315761030965e-04
5.069073763956754956e-04
5.062533701068521949e-04
5.059926979611619868e-04
5.054137606094316875e-04
5.046520037623778527e-04
5.041141718496168446e-04
5.033697783178267852e-04
5.024153073667392451e-04
5.020836264859684190e-04
5.014608048346686506e-04
5.007845549917479743e-04
5.003065698439225408e-04
4.996636530793345521e-04
4.990645900894291609e-04
4.986589264714741052e-04
4.980093309359770763e-04
4.973963683028756032e-04
4.967459315973130063e-04
4.955923383116147196e-04
4.949397405938808303e-04
4.944204680317895121e-04
4.934299677269444583e-04
4.930095443842971714e-04
4.924129923456308129e-04
4.918086205109856298e-04
4.911965692279675550e-04
4.904844556979092189e-04
4.898509222922425854e-04
4.892258623686976437e-04
4.880595126275626833e-04
4.875429546316778408e-04
4.869747090940673077e-04
4.867515285436562725e-04
4.860067242851421514e-04
4.854754730399399244e-04
4.847566904209434308e-04
4.839336349018121442e-04
4.833719673641470832e-04
4.824255109725830693e-04
4.817716255300081413e-04
4.810417968685840083e-04
4.803286015653997340e-04
4.793927957602368731e-04
4.786009430770152219e-04
4.775626982603529730e-04
4.768429606817166312e-04
4.757616134250547846e-04
4.746122205408080164e-04
4.738490332266983391e-04
4.731424137449433262e-04
4.722314106150521992e-04
4.715665466090879937e-04
4.701108629843094304e-04
4.687435609889936835e-04
4.676102923815903239e-04
4.671792339978260737e-04
4.667646771205144897e-04
4.659432860027476020e-04
4.647149802788948106e-04
4.638062334624628333e-04
4.625068698979982592e-04
4.616036502393698810e-04
4.606709381428878564e-04
4.591841800127481024e-04
4.578176385879335203e-04
4.573395798510817753e-04
4.558770357111705516e-04
4.543721478193697336e-04
4.529159915714726318e-04
4.527283159974942366e-04
4.523439380667711412e-04
4.515772267440124445e-04
4.505744889968121988e-04
4.494796182893815773e-04
4.486434465192222932e-04
4.481889543337037223e-04
4.471159751200646550e-04
4.459791492919083105e-04
4.443574830808837682e-04
4.429408959807640397e-04
4.416474577657405511e-04
4.401942607694914840e-04
4.395569777202559033e-04
4.386847545813610488e-04
4.376818198381481474e-04
4.369077458955242699e-04
4.355178557306899328e-04
4.338972334806533594e-04
4.332897231346207107e-04
4.315504041840230020e-04
4.305420538116081224e-04
4.289158172364186021e-04
4.282680792992892894e-04
4.268955434600136970e-04
4.255139642767686529e-04
4.248114514694971314e-04
4.235170879764948407e-04
4.229845057709609750e-04
4.209534786077298433e-04
4.198850660482928072e-04
4.188029410088326158e-04
4.177647492958546315e-04
4.169722496558330533e-04
4.156249699297343654e-04
4.136947581912919628e-04
4.111586301594573941e-04
4.102278116579188686e-04
4.089647662708064063e-04
4.072733025045182221e-04
4.067857511548049715e-04
4.058890682195656738e-04
4.048809563596508549e-04
4.030235861098233475e-04
4.015955771948572102e-04
3.998362382037698990e-04
3.989822529552309628e-04
3.977499585035987328e-04
3.959396063611537704e-04
3.928141434436338802e-04
3.922995247353374087e-04
3.908414180815404778e-04
3.908272290044223084e-04
3.902708219110137653e-04
3.898737544477640809e-04
3.884990929971043156e-04
3.879911230555443437e-04
3.875592027563575957e-04
3.875386523386182246e-04
3.866633407305079166e-04
3.844398416252981909e-04
3.835948804086951260e-04
3.832571383390017869e-04
3.820319729397448445e-04
3.806379980390449305e-04
3.804091140773617702e-04
3.800546778659844851e-04
3.799877393980390311e-04
3.797310438370566114e-04
3.779241057744341559e-04
3.763689004871081370e-04
3.755763635575910656e-04
3.729446187416918333e-04
3.711413700548983619e-04
3.710533914084484445e-04
3.663392250396649936e-04
3.657814110291771927e-04
3.637905500259349658e-04
3.646750912258254649e-04
3.642873662977179914e-04
3.631661688584767876e-04
3.624811403162600228e-04
3.614754307945263444e-04
3.616303853426303008e-04
3.608948531895258692e-04
3.619121369521107715e-04
3.619163481914090233e-04
3.612805782714561750e-04
3.579708452163711660e-04
3.579795617922004020e-04
3.579775973708735162e-04
3.586917862470987979e-04
3.573543265180917469e-04
3.570086648444968603e-04
3.555374491589587322e-04
3.541888845581632798e-04
3.541603863364313357e-04
3.516133802151875367e-04
3.515315332812866760e-04
3.523978415652030574e-04
3.541568959783870257e-04
3.535891615646908986e-04
3.558473135938419849e-04
3.558467752938059827e-04
3.543380944442622469e-04
3.549580293175698550e-04
3.588004688544201796e-04
3.598105168855076069e-04
3.618954783671513823e-04
3.633318407718929654e-04
3.625790838052202225e-04
3.638690669195034761e-04
3.675238896303201740e-04
3.671015354189312990e-04
3.724058768710136486e-04
3.746749029552962789e-04
3.742273301665955949e-04
3.728513038861164643e-04
3.782881638155703285e-04
3.825821469394743318e-04
3.869687236891221501e-04
3.900580276215415945e-04
3.947219820681376447e-04
4.005299870485749814e-04
4.039577446778498020e-04
4.099686178722591911e-04
4.110440999367722943e-04
4.120090902943350703e-04
4.142851835888958440e-04
4.215018396981651282e-04
4.246214272015193573e-04
4.285317483449116536e-04
4.329404477526163815e-04
4.388443897867980279e-04
4.468299659516878188e-04
4.572891437377988363e-04
4.658685894789262082e-04
4.802232731468990333e-04
4.948933601427107313e-04
5.088053599831594701e-04
5.223818768125782028e-04
5.337993584221007587e-04
5.468610040898131720e-04
5.558278168749341804e-04
5.744883372847369839e-04
5.911775085185625670e-04
6.017052419580332665e-04
6.116812290846035957e-04
6.213367906042014657e-04
6.452081313750286738e-04
6.509459956217965911e-04
6.784079470749246809e-04
7.034520490053644635e-04
7.259992964529612047e-04
7.537204656502405212e-04
7.729765305358246704e-04
7.981710366505337080e-04
8.241340797431618561e-04
8.573910775339521227e-04
8.757757521025956665e-04
9.213954067748799303e-04
9.512999965725062266e-04
9.861424801517323577e-04
1.005020221993039534e-03
1.039737250525996429e-03
1.082410096029203482e-03
1.143677866451234823e-03
1.215514324090343325e-03
1.280654085185903464e-03
1.329776133656965231e-03
1.397119175099055966e-03
1.478776307118632397e-03
1.591640032725162926e-03
1.673668803554625084e-03
1.740774628136356351e-03
1.839463888693248280e-03
1.938626329932805620e-03
2.085828043868695209e-03
2.230404086109715345e-03
2.450405176939608048e-03
2.634023005328551929e-03
2.867638519612460742e-03
3.148257760867443928e-03
3.497728541748572079e-03
4.081114657989347305e-03
