4.284989429801035477e-01
2.004445500743520236e-01
1.129666034509209938e-01
9.807328695862034540e-02
9.429643161603043500e-02
9.305974573607964095e-02
9.211292613471111501e-02
9.162287374813585239e-02
9.153431672742813607e-02
9.149519171927057715e-02
9.135588556634124946e-02
9.122405598965477314e-02
9.118070710631091813e-02
9.111973030123766970e-02
9.099178107904573598e-02
9.098589568934833949e-02
9.083898369046715382e-02
9.071436106893579487e-02
9.059371363640156272e-02
9.043869760985150108e-02
9.020274408799315580e-02
8.993531859979367327e-02
8.991746948159759500e-02
8.980763018607623716e-02
8.970811590216509757e-02
8.972913345494343274e-02
8.960347346935002011e-02
8.920575051020984692e-02
8.918174051654913226e-02
8.904019610348525016e-02
8.918622847026565215e-02
8.892491227007258414e-02
8.875503060052665483e-02
8.857974409561467088e-02
8.850401348987663175e-02
8.834714247212822891e-02
8.825300016316842133e-02
8.821822139722701461e-02
8.821532777683406545e-02
8.812476337269004034e-02
8.813383045467847177e-02
8.817693248131039385e-02
8.812246772364727698e-02
8.799423412825843616e-02
8.776297898460336255e-02
8.756503961821401893e-02
8.746559334234370320e-02
8.701424121049074201e-02
8.694382533154298986e-02
8.680541810888633969e-02
8.677644206040209529e-02
8.662397758796742953e-02
8.671171586928998198e-02
8.643036539834597631e-02
8.611972879601750841e-02
8.613748909321590486e-02
8.593776069499484138e-02
8.568464972602464480e-02
8.540992728563907843e-02
8.535535152899001443e-02
8.534500111744057482e-02
8.509357571945674881e-02
8.491025894107283312e-02
8.460924679098656698e-02
8.454982004679448271e-02
8.443767322348981474e-02
8.411601974014977501e-02
8.410335935540085017e-02
8.378546069558519271e-02
8.370165376249082134e-02
8.339918410489643996e-02
8.330489791617098905e-02
8.306480066782244431e-02
8.303438026334164501e-02
8.308603496792213439e-02
8.304953758501180949e-02
8.292567757987601151e-02
8.213078908661516908e-02
8.202128809317135727e-02
8.160098153782020802e-02
8.153280605974713713e-02
8.132597967431640096e-02
8.133489570088858756e-02
8.089729403815079656e-02
8.059690524301764414e-02
8.060404011357703846e-02
8.036157692337131397e-02
8.030488345542019513e-02
8.018571898413288934e-02
8.004272533692213809e-02
7.977328309142849017e-02
7.926256257753781787e-02
7.891365278114249870e-02
7.895570118707456730e-02
7.851246315430952805e-02
7.791253295628333686e-02
7.784723623817334237e-02
7.765470291115277035e-02
7.764603452545686124e-02
7.763654195662268720e-02
7.751223021150840942e-02
7.749212513868758423e-02
7.756322718326516541e-02
7.755073972546545902e-02
7.718439172405741622e-02
7.679333267165486254e-02
7.682137620270138023e-02
7.642425998620236416e-02
7.629783598361518371e-02
7.632097236846027699e-02
7.597377687464362817e-02
7.597391660108168687e-02
7.568065718681613041e-02
7.583249507803949130e-02
7.574724615337818934e-02
7.553136652053794864e-02
7.532503353504625687e-02
7.489226161283618621e-02
7.476627768763112469e-02
7.453004045178965309e-02
7.420051243661653084e-02
7.387426315518558217e-02
7.379199064178310064e-02
7.364825134802756301e-02
7.332388172626645717e-02
7.298740481235768685e-02
7.277974459923999828e-02
7.271355111615508682e-02
7.240808607612297942e-02
7.229360881642442338e-02
7.194008960876628611e-02
7.198862354418236742e-02
7.175796321791491628e-02
7.133885870510089933e-02
7.146994312856676246e-02
7.144564011119634850e-02
7.145031740242918650e-02
7.092154174155006208e-02
7.027232310132559834e-02
7.006153057981764909e-02
6.964908193349063359e-02
6.940193974911892938e-02
6.888228255523914934e-02
6.888513935346468609e-02
6.863258503854330339e-02
6.848409382780253074e-02
6.867530931773806191e-02
6.858531860119411461e-02
6.849421355625415209e-02
6.883420595175425427e-02
6.835061124999930460e-02
6.810909207252865971e-02
6.805993648313451994e-02
6.806651909931260569e-02
6.757302732884719332e-02
6.750099425390912455e-02
6.761316425054439416e-02
6.752370313555569603e-02
6.723740278995736508e-02
6.708715623844824227e-02
6.694742286168137158e-02
6.698727215162648962e-02
6.686655833287356854e-02
6.651285512662322152e-02
6.701541938326004144e-02
6.720922351028807418e-02
6.747284451101945302e-02
6.720643816348474686e-02
6.706332471549315832e-02
6.661892161257307321e-02
6.658035986542186480e-02
6.668018673258735429e-02
6.677889208367872309e-02
6.706705941165601315e-02
6.633811627625367524e-02
6.673441528609504181e-02
6.666289516702414431e-02
6.725810831092751685e-02
6.734412133440274839e-02
6.680397087873363171e-02
6.696973506182252178e-02
6.735274471331625934e-02
6.680901548814559276e-02
6.717720498684096042e-02
6.756924777297294848e-02
6.783375020176127257e-02
6.754195909405567855e-02
6.708321651881633818e-02
6.693688862286799324e-02
6.686655034286992372e-02
6.695770357140308493e-02
6.733083175463974723e-02
6.679375780799130802e-02
6.719696400856814411e-02
6.780249089742690360e-02
6.753730720188594328e-02
6.735572777905882158e-02
6.740025089622717069e-02
6.708083587851208784e-02
6.672591127858201743e-02
6.743639552302696516e-02
6.711267701517403816e-02
6.801503947271794748e-02
6.844900963508850078e-02
6.895928553037224129e-02
6.913204198720547533e-02
6.915540144202093897e-02
7.026098125748043988e-02
7.062273697778055637e-02
7.059941471699009152e-02
7.078866861717605929e-02
7.116094691779606407e-02
7.224944436493213606e-02
7.317295939658102766e-02
7.397110231607520459e-02
7.437177992682002248e-02
7.460546651481061997e-02
7.562942405578745864e-02
7.658598477939221327e-02
7.714364766048527333e-02
7.758182530773106989e-02
7.737240278022836093e-02
7.807252477201669094e-02
7.736313919501540404e-02
7.763340079209475608e-02
7.786603832888200349e-02
8.018344394072919601e-02
8.103963161134558613e-02
8.199882353662686640e-02
8.192666010527235865e-02
8.221997817852880197e-02
8.246933462924189995e-02
8.323738393301330363e-02
8.417654195497799308e-02
8.576457945306205366e-02
8.782223302684707966e-02
9.032901052495480310e-02
9.250259347121884967e-02
9.257931936773457215e-02
9.390948151758515827e-02
9.465581660429082944e-02
9.558872797129554233e-02
9.731729162386265619e-02
9.837830707058894952e-02
9.958219102278773049e-02
9.933224558909041491e-02
1.014794756595221031e-01
1.024848660775064257e-01
1.059920265077282098e-01
1.080351497334598593e-01
1.091074559231149932e-01
1.109817892372826492e-01
1.124022925767124148e-01
1.120731593668152781e-01
1.148526251064669185e-01
1.169866050846594951e-01
1.211981606424965691e-01
1.234148626364807572e-01
1.261984021721851423e-01
1.269612430843635453e-01
1.318974120732923361e-01
1.337071500081487008e-01
1.376933184294042711e-01
1.409905008613965005e-01
1.429994332037353988e-01
1.460759457840732911e-01
1.478577894201593412e-01
1.498351389021832791e-01
1.533709733900666672e-01
1.569780887858564233e-01
1.621357990789446535e-01
1.663734678518384025e-01
1.685677751164224858e-01
1.719593173844436718e-01
1.754551011144812322e-01
1.804656203990568086e-01
1.848647400010034192e-01
1.895718988524507098e-01
1.951267927734492147e-01
2.010724279515724855e-01
2.039010469077638110e-01
2.078067585386792204e-01
2.118355911820714033e-01
2.164881311045576684e-01
2.226109534427253567e-01
2.288890086393972900e-01
2.327745151664458445e-01
2.343762719605819445e-01
2.418513608229535261e-01
2.491316374567013048e-01
2.553440828075732028e-01
2.618565381940015646e-01
2.668293025296269994e-01
2.728463015191214813e-01
2.813162347215684145e-01
2.871873372590538764e-01
2.957964811275151651e-01
3.078220845611989165e-01
3.150437906257032017e-01
3.228786761076777312e-01
3.302946547589462600e-01
3.376684573123253097e-01
3.492125149024232766e-01
3.658296639581236076e-01
3.786637923030622410e-01
3.876965774804932985e-01
4.005398467187541445e-01
4.157510166577068067e-01
4.247730758573788901e-01
4.385714288217621992e-01
4.545898433938914129e-01
4.673181556420953897e-01
4.809844970193451474e-01
4.981588427834189869e-01
5.155930351417122859e-01
5.346389315592617875e-01
5.595030157764395717e-01
5.880742221770390854e-01
6.221361679311737669e-01
6.537660782354163258e-01
6.995298786519585921e-01
7.534084381822026000e-01
