1.434927008479442529e-03
1.611727139407197196e-01
3.244756750446689542e-01
4.874759326812087568e-01
6.556053324044056607e-01
8.357924202460705887e-01
1.021024565877889811e+00
1.199344982337194443e+00
1.389168130558051883e+00
1.577814098627871697e+00
1.769369383356682146e+00
1.957393127632383489e+00
2.146291348591711223e+00
2.337426211838015799e+00
2.526778487998473821e+00
2.715239470616003903e+00
2.902506456223196363e+00
3.094364444419436921e+00
3.284002607188004408e+00
3.469554273146542744e+00
3.653020648551812855e+00
3.824479786416516980e+00
4.011427251697003982e+00
4.194910443961581414e+00
4.378578621678459903e+00
4.541477978159186080e+00
4.727517333037416947e+00
4.904996906531677858e+00
5.094063296083987780e+00
5.274401735659330903e+00
5.457817660486660394e+00
5.625072583526208980e+00
5.803830238327305935e+00
5.979476774157805430e+00
6.151188164911998157e+00
6.327675543707531602e+00
6.520559360321052544e+00
6.713560894949692326e+00
6.896253694827108482e+00
7.083554314152872955e+00
7.263203262496904955e+00
7.433855191115165795e+00
7.623005664963970140e+00
7.809028202982909228e+00
7.966899318532779439e+00
8.132691174813205137e+00
8.316914308886968143e+00
8.480250903709514176e+00
8.667265636427185171e+00
8.848024497485065254e+00
9.033391177991271448e+00
9.220910416487923200e+00
9.405570788903490964e+00
9.581873182246743781e+00
9.754694485714770380e+00
9.939825730190760211e+00
1.012034915521841683e+01
1.027137580903296943e+01
1.042551358181815679e+01
1.057864234304529383e+01
1.076214235216913906e+01
1.092443630171504765e+01
1.109352426241835765e+01
1.126345306608669183e+01
1.145771586516286256e+01
1.163453958114441988e+01
1.180650322478810388e+01
1.198189750772910322e+01
1.215964615097216672e+01
1.232878456225334673e+01
1.248214875951070546e+01
1.264958866800257553e+01
1.283048206393485202e+01
1.302035566273357503e+01
1.321212956663325322e+01
1.339389743924914100e+01
1.355972292924814937e+01
1.371502106532506104e+01
1.389335829864365657e+01
1.404657114416731822e+01
1.421735760765996837e+01
1.437822212416534384e+01
1.455671070921760446e+01
1.471739024027069043e+01
1.490063799650502041e+01
1.509150379000248954e+01
1.526493050040531685e+01
1.543625510339558637e+01
1.559434483811638117e+01
1.577564183867181846e+01
1.594050876769072111e+01
1.609424293585268728e+01
1.625460294657902338e+01
1.642283324745804052e+01
1.657401125300631506e+01
1.671903428805061154e+01
1.688655828083897958e+01
1.706504686589125797e+01
1.724918591566849102e+01
1.743519163682811168e+01
1.762614151462204148e+01
1.781835265686356706e+01
1.800202083458037805e+01
1.817679289372745544e+01
1.834401418304851816e+01
1.850694717324793359e+01
1.868607479895380763e+01
1.886051052091480074e+01
1.902677324925575064e+01
1.918950443714355814e+01
1.933124818462436423e+01
1.947077210667749725e+01
1.964621684019655135e+01
1.980114500536892308e+01
1.997578252964155965e+01
2.014386147878686728e+01
2.030667675097127045e+01
2.046606138385827478e+01
2.062825443224849309e+01
2.079944450036446568e+01
2.096563996126826268e+01
2.113555194807737081e+01
2.131010538805348986e+01
2.148438975828072373e+01
2.164106687682044949e+01
2.182211162448643549e+01
2.201252336278298927e+01
2.219989124954602033e+01
2.235680380411591628e+01
2.252390737542187082e+01
2.267511901468892077e+01
2.285291810851001415e+01
2.301063787232624946e+01
2.317764054247645333e+01
2.336487389436515016e+01
2.355301535665605783e+01
2.371606606487059210e+01
2.389238527507320242e+01
2.407260599663361589e+01
2.424768075924796307e+01
2.442078794932422525e+01
2.458557079404672407e+01
2.474660347914521097e+01
2.490201933323730898e+01
2.505249103069511918e+01
2.519776631862897531e+01
2.536724106709629822e+01
2.553150258918047300e+01
2.567876226651187466e+01
2.585819259568514283e+01
2.602622109425255914e+01
2.617018466716100633e+01
2.633651466293919441e+01
2.651633177987629963e+01
2.668296447912184632e+01
2.683822898148035563e+01
2.700738420962094466e+01
2.716764331919162956e+01
2.733303157084902679e+01
2.751227691456986690e+01
2.768355106698237478e+01
2.782801914566980983e+01
2.798361998521429328e+01
2.816671638971514113e+01
2.834587764913950991e+01
2.852056562399002715e+01
2.870736173753692100e+01
2.887628152964733275e+01
2.903200008720682490e+01
2.918348079622257529e+01
2.936023724476708452e+01
2.953289037964225727e+01
2.970273509901421249e+01
2.986538220260552379e+01
3.002703711149811738e+01
3.019599053732718019e+01
3.036485987885970061e+01
3.051637422159405233e+01
3.069461055375694514e+01
3.086445527312887194e+01
3.102323449908114839e+01
3.119213747433233763e+01
3.135811431606519406e+01
3.154163114204840568e+01
3.171414974204922643e+01
3.186008088749589362e+01
3.201391595681365487e+01
3.216465672402012643e+01
3.232188879891666744e+01
3.248263559740710349e+01
3.264000220717814216e+01
3.280861929582111713e+01
3.298176011961595577e+01
3.315002405421369502e+01
3.331240208805620995e+01
3.346426958483588976e+01
3.361738152920389666e+01
3.378455236794700767e+01
3.396453765347712306e+01
3.412326642885151529e+01
3.427940540789357726e+01
3.443313957605561626e+01
3.458838726155470766e+01
3.475234608017144922e+01
3.493228091512381184e+01
3.511499053186072672e+01
3.528530612329304716e+01
3.545631120595670893e+01
3.562433970452421050e+01
3.578049550042555182e+01
3.592975638401369309e+01
3.608095120642111908e+01
3.622893400870202640e+01
3.640436192536132154e+01
3.657543427546178094e+01
3.673856906797251298e+01
3.690794291528362692e+01
3.705385724387047475e+01
3.723414523286765387e+01
3.740555392015418334e+01
3.755878358253686855e+01
3.771426670406584947e+01
3.788935828353920243e+01
3.804529546026915909e+01
3.821352576114772859e+01
3.838601072742950748e+01
3.855718397868579217e+01
3.873888458386412026e+01
3.890417193436525167e+01
3.905718297757699986e+01
3.921476820651843553e+01
3.939256730033909548e+01
3.955802281943321219e+01
3.971979544634053383e+01
3.988092903259451560e+01
4.004133949389846947e+01
4.019818478103075421e+01
4.038202112734040128e+01
4.055743222714036733e+01
4.070906428788942577e+01
4.086552278725770293e+01
4.103385398929221139e+01
4.119730830212954231e+01
4.137117225087394701e+01
4.153450884569627277e+01
4.170603525099788556e+01
4.187799889464126579e+01
4.203104357157160109e+01
4.219185763749870688e+01
4.235398341845127135e+01
4.253153025938241427e+01
4.269089807540969872e+01
4.285288932148793606e+01
4.301617546573231010e+01
4.317468562193530346e+01
4.334537118427186897e+01
4.350959907263713689e+01
4.368531287590466405e+01
4.385692336550276593e+01
4.400781548444261659e+01
4.417436409939118391e+01
4.435157460313634914e+01
4.452934006323848593e+01
4.469800760245906446e+01
4.486771778695618451e+01
4.504474330524902825e+01
4.522383729723591017e+01
4.536951618979259138e+01
4.551174762619270808e+01
4.565404633002997059e+01
4.581324597746424843e+01
4.597510268866792416e+01
4.613727892019842614e+01
4.631620474359215223e+01
4.647464763235795715e+01
4.663781605858719104e+01
4.681566560298575297e+01
4.697874994491858303e+01
4.715246254192927466e+01
4.731097269813231065e+01
4.747479698187432717e+01
4.764496122157260771e+01
4.781783297561833024e+01
4.797699898933404228e+01
4.814432117981045423e+01
4.829840850201740921e+01
4.846208143402565582e+01
4.861880900314277199e+01
4.878495401346827265e+01
4.894847559374292700e+01
4.911830349625520853e+01
4.928288453866570507e+01
4.945965780406903178e+01
4.963614518286421173e+01
4.980948780897012540e+01
4.997047004349033017e+01
5.012258979315913621e+01
5.027896420823096690e+01
5.045114647104530547e+01
5.060767223785084923e+01
5.078012357041403391e+01
5.095065778101694320e+01
5.112837279054117801e+01
5.129202890569014528e+01
5.144926098058628128e+01
5.160143118083298219e+01
5.175963863356858496e+01
5.193599147748948042e+01
5.210607163289122923e+01
5.227929654098210932e+01
5.245981996600934139e+01
5.263201904568302325e+01
5.279283311161020009e+01
5.295129281723532699e+01
5.312229789989864059e+01
5.329323571512472313e+01
5.345290623461945501e+01
5.362187647730734597e+01
5.378820647308513969e+01
5.394991183255526579e+01
5.411528326735287919e+01
5.427898433911182963e+01
