1.097620841674323009e-03
2.257505019011195270e-04
8.813743436922193326e-05
7.170468034911468185e-05
6.861377594816868983e-05
6.753832579583886396e-05
6.700599184040363090e-05
6.671398722720131070e-05
6.666051546596880699e-05
6.660459118808667253e-05
6.650309880345525509e-05
6.645410147631642891e-05
6.637698827217239296e-05
6.634276130550935228e-05
6.629461130524882473e-05
6.625078503455388067e-05
6.615084577391251643e-05
6.610463953305357901e-05
6.601409609472993318e-05
6.591226548434487762e-05
6.580237579119229037e-05
6.556291011774242070e-05
6.547137238148625297e-05
6.540881742305970886e-05
6.534688671430882495e-05
6.522292078538514731e-05
6.513865181509602355e-05
6.501109415173395370e-05
6.494635302861561581e-05
6.485690600847126674e-05
6.468811617530891695e-05
6.449675781665201461e-05
6.432470892918796656e-05
6.417251781178836959e-05
6.400433215052127225e-05
6.385839701944268261e-05
6.380133484939832557e-05
6.378532485913222978e-05
6.368742709859982905e-05
6.362333678631436925e-05
6.344197419725543588e-05
6.330167798205544834e-05
6.325954637806064588e-05
6.318943281030154919e-05
6.297104483495759579e-05
6.269392092288108946e-05
6.258613190943418142e-05
6.230499643716685986e-05
6.224351064947857405e-05
6.210761968255329782e-05
6.197182059276880469e-05
6.191512402841325112e-05
6.180591281894195685e-05
6.164987062045511551e-05
6.139603878437110691e-05
6.135663645884801339e-05
6.131670032045380273e-05
6.119453591801727699e-05
6.090442693372928709e-05
6.055225700168750849e-05
6.043449304991393685e-05
6.027990277791349085e-05
6.005191047441658838e-05
5.966509676961200958e-05
5.960787354642223680e-05
5.955057189173129536e-05
5.945420754941934576e-05
5.922563075003551105e-05
5.901959460684964349e-05
5.875865509194574553e-05
5.836620826337171397e-05
5.824492889140297103e-05
5.802593863691804938e-05
5.794057035402600935e-05
5.793224555096089214e-05
5.786437133145572382e-05
5.763302517956585215e-05
5.696544165010104024e-05
5.676299598561433213e-05
5.644907827946774108e-05
5.623907014610339804e-05
5.592765209888601971e-05
5.577812183672836244e-05
5.545037936033630246e-05
5.529056849568464427e-05
5.524163907165034401e-05
5.512115292833053129e-05
5.471083998656257527e-05
5.440492328615165088e-05
5.427443061179044960e-05
5.410530718765307266e-05
5.359000688794517727e-05
5.332791790255176376e-05
5.327551012691356461e-05
5.283181106278653542e-05
5.207692665597646049e-05
5.198826199702668498e-05
5.174584430639287308e-05
5.147840263329985357e-05
5.143457559284170261e-05
5.141692356011919333e-05
5.138853104737645941e-05
5.139660930960914963e-05
5.125766276660680121e-05
5.098261523063418624e-05
5.059709870693760597e-05
5.036508277196178669e-05
5.005507025676303446e-05
4.994695231484080824e-05
4.973243985831041686e-05
4.927431228195470623e-05
4.909538750327570685e-05
4.891538459153869158e-05
4.898930631970519145e-05
4.877526114968189620e-05
4.857600598610072485e-05
4.834503424811283513e-05
4.792490236705002982e-05
4.755733757707056438e-05
4.729426087258287219e-05
4.674638993942282892e-05
4.616160998718833123e-05
4.609920484600813731e-05
4.606454281860303252e-05
4.537554702139744281e-05
4.515260324187022440e-05
4.497448728630386387e-05
4.489488221605671912e-05
4.451177309177251220e-05
4.435871585681283071e-05
4.394786147353436527e-05
4.378644465333845896e-05
4.334831763408660053e-05
4.303672892915847412e-05
4.298501940035368810e-05
4.299159799545336231e-05
4.287923141119670382e-05
4.275216028847074229e-05
4.237908621575486748e-05
4.188849408954813423e-05
4.156548089955072370e-05
4.141529622588471901e-05
4.073859496845030925e-05
4.054767271585278681e-05
4.016115662826117322e-05
3.988319691932673528e-05
3.968154400698098449e-05
3.969867030303012077e-05
3.927195479213278485e-05
3.933357201994782483e-05
3.904347962607428841e-05
3.867267791927796991e-05
3.836733277236022545e-05
3.837676598360925711e-05
3.815872483912911687e-05
3.792983919137401350e-05
3.787075916108476639e-05
3.756463239748615199e-05
3.738376840745728991e-05
3.722594114887226545e-05
3.694086554680189031e-05
3.655015189382339330e-05
3.637929246940561917e-05
3.611112106307240904e-05
3.607852542740946954e-05
3.605687966892169111e-05
3.605122043159545971e-05
3.595366582478076012e-05
3.580122311269550589e-05
3.542608044107994723e-05
3.538189318112875466e-05
3.534233799233733273e-05
3.526501900881386635e-05
3.539048223222179742e-05
3.480993578747266273e-05
3.475968851572925662e-05
3.484779322450115243e-05
3.506693202324244398e-05
3.498207150122343786e-05
3.472102352802514493e-05
3.442246595811051228e-05
3.463563024021131995e-05
3.444140389937729317e-05
3.445886721892230537e-05
3.465789023132595655e-05
3.442552779533699319e-05
3.426690806984664589e-05
3.407256465276518648e-05
3.383253513066390635e-05
3.341762218170168963e-05
3.322669144039652593e-05
3.337100206419569361e-05
3.308982555720921780e-05
3.319355873799595305e-05
3.362635127504949383e-05
3.327803509944207927e-05
3.267859064648043639e-05
3.281184205338312466e-05
3.241115208986259375e-05
3.228436570570595031e-05
3.195554179340275947e-05
3.182392105345558807e-05
3.239735802397576323e-05
3.235064202431518846e-05
3.248997302818168920e-05
3.270019905564998977e-05
3.271237654878246493e-05
3.335039733500238125e-05
3.354491641554510254e-05
3.379961669959414156e-05
3.376439833987861016e-05
3.407621970427235017e-05
3.480979435870842795e-05
3.557048284132072489e-05
3.661983361019724453e-05
3.708416003831419065e-05
3.691690704257184682e-05
3.781024566291214432e-05
3.834702435683649802e-05
3.869637677888105448e-05
3.879169991568121414e-05
3.925175638223212383e-05
3.987216719227877339e-05
3.923346044323149779e-05
3.970377825706314660e-05
4.005277452326738930e-05
4.169084933886605212e-05
4.255323469930909083e-05
4.357069770474116780e-05
4.428929024289244621e-05
4.312673662966346285e-05
4.331558344883826875e-05
4.438968343122949437e-05
4.444055669030249961e-05
4.634469627021839698e-05
4.885934705922603799e-05
5.103926011869861136e-05
5.302232587033491572e-05
5.422926373909641102e-05
5.531597293926530137e-05
5.650651736742060368e-05
5.746998095056094169e-05
5.970680371248779838e-05
6.085468019010227818e-05
6.278348837258222769e-05
6.211954511633959266e-05
6.409075686759994330e-05
6.550914366164101339e-05
6.985618388658600174e-05
7.220453629760815810e-05
7.318913457098047805e-05
7.648390475526516629e-05
7.866897942109752815e-05
7.848322340498355934e-05
8.237668720528249172e-05
8.462502282852327553e-05
8.937852884923237480e-05
9.165547362836901654e-05
9.585575293158826195e-05
9.896507554511646640e-05
1.067795229710330040e-04
1.093334563498202559e-04
1.153869335756381784e-04
1.213438971449460132e-04
1.265110622417066301e-04
1.326458424352190517e-04
1.349922004805645880e-04
1.388509295521056313e-04
1.449014592216387842e-04
1.514090881758819063e-04
1.616960949566146656e-04
1.716181223252802855e-04
1.791394211177984631e-04
1.844454711724228147e-04
1.902539266190890043e-04
1.977727868100348529e-04
2.056142045707711440e-04
2.153557214677387962e-04
2.280409066961748110e-04
2.437390606109923860e-04
2.489092513580761835e-04
2.588641651379288105e-04
2.672417540049528599e-04
2.791288235329482306e-04
2.931905798459519914e-04
3.155209050170849970e-04
3.318558121251996497e-04
3.350987210552717338e-04
3.549867470936267149e-04
3.786255031989073480e-04
3.974637860937072441e-04
4.229720816961030907e-04
4.354691500009060250e-04
4.533591306673330945e-04
4.879088904171494144e-04
5.111105457148875080e-04
5.410512782350254809e-04
5.832750974656015228e-04
6.056716798228010349e-04
6.409573725451683758e-04
6.761245539013037908e-04
6.995570467150075784e-04
7.430618327615182107e-04
8.085805484563105732e-04
8.605774222342258382e-04
9.088620070251111514e-04
9.737523730626303047e-04
1.041670548765890334e-03
1.094472590361101781e-03
1.170111717357112235e-03
1.240035522945845273e-03
1.325405815367632556e-03
1.396475501159403793e-03
1.502560376582789481e-03
1.613482825664450723e-03
1.728242682472621661e-03
1.877776373400164575e-03
2.090205771444749155e-03
2.350692862437840907e-03
2.581852549515170278e-03
2.924386497109607991e-03
3.384671454249574708e-03
