2.588364811289049494e-01
9.836972281677935914e-02
6.736570231361867223e-02
6.402282542049438085e-02
6.269173397069582876e-02
6.224266476581519908e-02
6.173642148816749914e-02
6.168671981621259154e-02
6.158104776354758614e-02
6.089125488448942497e-02
6.078650656786262901e-02
6.067846557266659557e-02
6.059132188336993630e-02
6.045318268508576703e-02
6.025863262007308263e-02
6.009213683325521915e-02
6.003608295458284783e-02
5.991485383598754710e-02
5.974164120442773673e-02
5.966582646706172083e-02
5.949898807662740152e-02
5.941344166859555131e-02
5.901139678647020215e-02
5.903921565904147323e-02
5.892733833999073967e-02
5.875276487600808450e-02
5.870367658572520075e-02
5.860449199944129522e-02
5.848267542661057111e-02
5.809162733634019166e-02
5.810335093189069461e-02
5.793441788176180440e-02
5.789329416696179648e-02
5.773302178985953437e-02
5.750502943678836854e-02
5.756301800148268255e-02
5.730056701125647856e-02
5.716552358551545837e-02
5.709394477267568796e-02
5.698318716964145131e-02
5.692199613152770787e-02
5.683032299945654786e-02
5.667973020865951089e-02
5.666039875840044038e-02
5.662032350091517757e-02
5.664288769739047463e-02
5.649153455647062949e-02
5.618720278724537165e-02
5.614349511144819949e-02
5.598830307276262547e-02
5.588151309196168204e-02
5.585379495925785198e-02
5.569574855272395320e-02
5.566498033905747933e-02
5.565050044779209365e-02
5.559760840848197716e-02
5.536612595536080650e-02
5.498727330210188141e-02
5.493888642044859189e-02
5.485787545016773681e-02
5.470212628622388856e-02
5.467522873383673376e-02
5.455211959560402751e-02
5.444500136747931068e-02
5.440397187244686017e-02
5.441077736894979477e-02
5.437357241312286427e-02
5.415478610723228892e-02
5.409886654769577308e-02
5.396211480843558783e-02
5.401511848433233204e-02
5.402002151598959967e-02
5.381234773488620393e-02
5.357815307174693120e-02
5.326492430864880612e-02
5.320824986896925679e-02
5.301254468278069482e-02
5.287911926517219197e-02
5.289107017207853728e-02
5.300684434709317105e-02
5.288090401675350771e-02
5.254096551822756006e-02
5.252576910367998120e-02
5.245114202228589456e-02
5.220965500662825415e-02
5.194548804085258320e-02
5.162110299550423664e-02
5.163093396984339001e-02
5.121270320349504551e-02
5.083896203211320242e-02
5.083504409697867793e-02
5.071265098085021850e-02
5.077678103027822437e-02
5.052613078970171617e-02
5.046891396779456390e-02
5.023351328936446342e-02
5.004850783107286927e-02
5.007141101114385984e-02
4.968281809869939253e-02
4.964424760269832426e-02
4.957746745106128561e-02
4.966917058375756172e-02
4.967267871236239613e-02
4.952778980802424041e-02
4.943764751031184956e-02
4.935975418628497230e-02
4.944323719718059229e-02
4.911719565474944454e-02
4.891049990172061102e-02
4.881237703066800687e-02
4.887126722334753093e-02
4.883735808053241145e-02
4.873264353368228496e-02
4.844996752758656822e-02
4.818657113603309894e-02
4.788708518961177357e-02
4.782624473510166396e-02
4.795027497150280288e-02
4.755659874197719350e-02
4.758085981739194198e-02
4.746444473548169785e-02
4.746227706509084654e-02
4.744618477860964439e-02
4.718738837325450047e-02
4.709206836952990749e-02
4.710942421331613256e-02
4.680411211774636315e-02
4.598009457983959908e-02
4.614203990888007811e-02
4.547926616989862031e-02
4.537979391453897393e-02
4.520447970208565230e-02
4.522695210303333962e-02
4.487508550694545295e-02
4.511116349922776603e-02
4.522070970639679999e-02
4.479147217633085154e-02
4.501588774493965606e-02
4.455353023870054635e-02
4.494047682584382392e-02
4.474228110805649611e-02
4.498224744343433390e-02
4.413456986622060763e-02
4.382558211491548866e-02
4.398703079894811241e-02
4.401397363708287741e-02
4.354507009604437207e-02
4.294196284112845180e-02
4.297455341698167008e-02
4.296418133033185621e-02
4.299230696984980560e-02
4.259237677455909865e-02
4.264789870499124946e-02
4.296784185841916182e-02
4.292293565322090332e-02
4.334703514926735446e-02
4.324012571456172654e-02
4.295578922153658885e-02
4.329980740139990902e-02
4.302761699246412247e-02
4.321627165967171363e-02
4.351702711309346494e-02
4.393920945533158484e-02
4.405402734101399737e-02
4.376236835272966086e-02
4.412749686239032798e-02
4.447534786276081953e-02
4.430154918917537932e-02
4.449607778656478746e-02
4.394143099674049924e-02
4.421447224244114127e-02
4.441924752504359392e-02
4.417911472812369178e-02
4.404640876568246405e-02
4.441643735496796780e-02
4.460286360390723626e-02
4.459299567182510582e-02
4.501110013455719011e-02
4.512763210731081387e-02
4.536714290138711692e-02
4.583983973854506566e-02
4.649030145463306507e-02
4.655997034642521404e-02
4.729508176429741279e-02
4.661368934233712374e-02
4.651651910261197370e-02
4.650329606969644258e-02
4.656377374069924080e-02
4.676554522935488095e-02
4.721307473790661846e-02
4.814761224945512952e-02
4.824132457885083047e-02
4.853819084777145909e-02
4.928477766866737331e-02
4.939317342073551442e-02
4.999733985735126812e-02
5.113935215905187487e-02
4.997412750091284606e-02
5.119943823683062445e-02
5.001013307526659679e-02
5.067609544057982002e-02
5.054335243934155592e-02
5.131470728193211761e-02
5.205426668953854613e-02
5.261031192876922807e-02
5.328540500235937755e-02
5.410274489349454347e-02
5.375176779347087125e-02
5.472453243703923748e-02
5.608717238715302950e-02
5.708847211969458879e-02
5.767482446226894488e-02
5.915208703142425112e-02
6.037698312204274609e-02
6.106589051707812105e-02
6.256869838825659946e-02
6.298432244931463642e-02
6.378069781741081690e-02
6.432712331821370533e-02
6.471877646885627888e-02
6.619193189288169465e-02
6.754543191033396399e-02
6.759115005994047187e-02
6.810447253290760616e-02
6.929952228395648561e-02
6.894664947063998406e-02
6.921251323987026582e-02
7.026587910219438127e-02
7.058635841060195704e-02
7.229638396046163262e-02
7.348629157548237922e-02
7.434024669603503388e-02
7.548853740077084151e-02
7.621020131102686224e-02
7.767122602937598375e-02
7.887081861645540981e-02
8.039318278047301314e-02
8.116164804430672786e-02
8.308587718494750418e-02
8.425104619264475736e-02
8.591575322870649567e-02
8.810213558019759639e-02
8.945306125216044568e-02
9.141895454060365578e-02
9.301584334786454356e-02
9.508207778009193645e-02
9.705777092963725761e-02
9.780229117593021437e-02
9.919570084228662710e-02
1.007336033199602576e-01
1.020492819470087686e-01
1.028038120104244196e-01
1.040139080937827615e-01
1.059855430680637506e-01
1.088635797230635555e-01
1.121589964465343620e-01
1.161498246099387233e-01
1.193097697546019187e-01
1.214593296426909608e-01
1.237772815749879768e-01
1.253638367609644921e-01
1.292838235345124820e-01
1.327384787084799345e-01
1.365731520055393500e-01
1.382223301694063822e-01
1.407056517950850405e-01
1.434095655536140601e-01
1.473424200996652778e-01
1.499356610605307172e-01
1.537829622507106697e-01
1.576783479277877598e-01
1.629332710636231252e-01
1.662920347665861609e-01
1.715726925126508373e-01
1.745369060676449924e-01
1.782468555435375301e-01
1.847425265807110251e-01
1.893038962097153832e-01
1.942514875728290069e-01
1.985235491351330928e-01
2.038470574034713934e-01
2.093359044676992575e-01
2.146594808386349529e-01
2.195331778319296323e-01
2.245324997715060222e-01
2.301798904727241635e-01
2.336876977873217076e-01
2.388518928046068079e-01
2.460670327474564489e-01
2.534889718275245007e-01
2.613449914490273973e-01
2.661533768180644466e-01
2.726133527767456988e-01
2.780885145909983702e-01
2.825697888831385507e-01
2.937759973460931651e-01
3.004311722026361542e-01
3.063497587268160238e-01
3.156895340079378665e-01
3.242924853615122283e-01
3.352949542042857334e-01
3.447151000379019004e-01
3.521218514864449256e-01
3.634710877634269033e-01
3.723955873099684677e-01
3.883284600566828670e-01
3.966869518043772413e-01
4.091275364078056920e-01
4.222653427843685581e-01
4.356476290151210518e-01
4.531401943306204716e-01
4.719787138021583339e-01
4.859856482953518464e-01
5.029278422247066560e-01
5.190160288191821847e-01
5.401521283760311043e-01
5.687874826040543175e-01
5.979634701999265722e-01
6.302846492865050720e-01
6.604295657320627955e-01
7.032726376867430851e-01
7.621596619462459588e-01
