1.418110149178928529e-03
1.622153592173516123e-01
3.261573609747206448e-01
4.946735484618289269e-01
6.706059709004632552e-01
8.574693518844301865e-01
1.045425828722931660e+00
1.235030357772882503e+00
1.423625875264799889e+00
1.601828573709003001e+00
1.783882332933024006e+00
1.975773954847845681e+00
2.163511812515439114e+00
2.351451472494643813e+00
2.537305841920593608e+00
2.728003466825092538e+00
2.917893882483166834e+00
3.100418513767614126e+00
3.264057812057579167e+00
3.446313373593222984e+00
3.637683672869744367e+00
3.817551240384715161e+00
3.999150944407631414e+00
4.189310429814510961e+00
4.382480133036174230e+00
4.575162147338112106e+00
4.762008711462754285e+00
4.931668445382264565e+00
5.117051942747764315e+00
5.285383144782556997e+00
5.468260930112270657e+00
5.634405940437992477e+00
5.819167214009372202e+00
6.000195144816046877e+00
6.189396069242752318e+00
6.376225816508104494e+00
6.564854967718606105e+00
6.748455877998252639e+00
6.926809928176136388e+00
7.108258280465322265e+00
7.286444162050202067e+00
7.453413198481644741e+00
7.635618309439355933e+00
7.823272082810427186e+00
8.010488617839694570e+00
8.204751416915854634e+00
8.389058635286135157e+00
8.554463703802655417e+00
8.731993727874820976e+00
8.915594638154480833e+00
9.072759445613749918e+00
9.242166926643779590e+00
9.410884916442467940e+00
9.593039576822281589e+00
9.778927579966810057e+00
9.964126091880007863e+00
1.014525492384249183e+01
1.031784079128030740e+01
1.050347654153530108e+01
1.068621979199059169e+01
1.085510595038232395e+01
1.100979867952438340e+01
1.118936354357191654e+01
1.135449954233960668e+01
1.152713586035534732e+01
1.168983341452444513e+01
1.187442651950281025e+01
1.206334155732138669e+01
1.224016527330294579e+01
1.239134327885124520e+01
1.256735978558634947e+01
1.275353367533895366e+01
1.292981925182289871e+01
1.307420324621381091e+01
1.322168154271601104e+01
1.339847162497893507e+01
1.357887733199149594e+01
1.376858276219718569e+01
1.393815841182023085e+01
1.410840673581525806e+01
1.427899139699629671e+01
1.445119047667021484e+01
1.463869289830757303e+01
1.481930040763170098e+01
1.498859017064662602e+01
1.517113161879032646e+01
1.534223760260964831e+01
1.549084262868497142e+01
1.563421761151784928e+01
1.580051397357726195e+01
1.597560555305083874e+01
1.616399926823111954e+01
1.633772868210136764e+01
1.651150854654953548e+01
1.666589857222420434e+01
1.685461180773118528e+01
1.702258985572066408e+01
1.716916004182062139e+01
1.733110083732121609e+01
1.751276780878126615e+01
1.766741008734545204e+01
1.783927282983336937e+01
1.801988033915754883e+01
1.819547642441031599e+01
1.837021484983870678e+01
1.854621453971460454e+01
1.871025744262793111e+01
1.885652492526051205e+01
1.903087656292503382e+01
1.918376988812201134e+01
1.937024648134227789e+01
1.954385817719745688e+01
1.971852933518870543e+01
1.986903466636510274e+01
2.003677727832446465e+01
2.019328622827111275e+01
2.034382519316606519e+01
2.052345732465096972e+01
2.069762397686309185e+01
2.087740746008161352e+01
2.104883296422786643e+01
2.119700075196141853e+01
2.134738836512266857e+01
2.150695798346201570e+01
2.167016004341026303e+01
2.183191585345863572e+01
2.200012933747848365e+01
2.216286052536628048e+01
2.233107400938614617e+01
2.249414153445993847e+01
2.267315144215067590e+01
2.284086042039148978e+01
2.300964567762748558e+01
2.318243334737704231e+01
2.334698075606937451e+01
2.352282909421157342e+01
2.370935613800968156e+01
2.388818106024804777e+01
2.405252666662871519e+01
2.420977555838457462e+01
2.437439023451408460e+01
2.454421813702678890e+01
2.471944425137485979e+01
2.487506190777859416e+01
2.503616186031433344e+01
2.520770508247554176e+01
2.536199420699458784e+01
2.551675420357393165e+01
2.568167158317085352e+01
2.586569291493324130e+01
2.604774667415729894e+01
2.620020276101257295e+01
2.635666126038129775e+01
2.653760510689160057e+01
2.672823546435892794e+01
2.691553608368489137e+01
2.709338562808383699e+01
2.726884717846215267e+01
2.743262101162670419e+01
2.759182065906138348e+01
2.777537111876326748e+01
2.791824159581715037e+01
2.806713250850063091e+01
2.824831179104109324e+01
2.840016247096150792e+01
2.855974890616021611e+01
2.873431916299556832e+01
2.889237526399790568e+01
2.906087463462582576e+01
2.922182323542786619e+01
2.936898201160344613e+01
2.951597261918595549e+01
2.968606959144739932e+01
2.986196838016757127e+01
2.999923884307435529e+01
3.015238442116086759e+01
3.032369220729200876e+01
3.050118859764572576e+01
3.066065731482927248e+01
3.081997468027909193e+01
3.098852450148491400e+01
3.115870555804277942e+01
3.132898751575655538e+01
3.150367549060704775e+01
3.166448955653462960e+01
3.182051081756156208e+01
3.196390261725376192e+01
3.212022658174812051e+01
3.229736981805658047e+01
3.247760735647624841e+01
3.264837700310973645e+01
3.280688715931313482e+01
3.297616010546886400e+01
3.314354956338299019e+01
3.331613543082092832e+01
3.349031889989247901e+01
3.365908734026925941e+01
3.383108461763160335e+01
3.398409566084377786e+01
3.414512834594233226e+01
3.428266787859794107e+01
3.443872277334345711e+01
3.460214345246263434e+01
3.478091792412310923e+01
3.494743290535360103e+01
3.510930643341720980e+01
3.527624183613022524e+01
3.543794719560073503e+01
3.562491147774058220e+01
3.580651118176358949e+01
3.596862014585727962e+01
3.612196752625507656e+01
3.628823025459561791e+01
3.645220589007128353e+01
3.660521693328303172e+01
3.674300871882782360e+01
3.690489906375021434e+01
3.708522068646594505e+01
3.726661858817690387e+01
3.744312278383146264e+01
3.760543355023638412e+01
3.774707639656103453e+01
3.790745322414643681e+01
3.808066131537808729e+01
3.825603878145942360e+01
3.842014895180950163e+01
3.859556005160946057e+01
3.877337596228933592e+01
3.893524949035249705e+01
3.908846233587583896e+01
3.925649083444302789e+01
3.943395359107763909e+01
3.958985713408911522e+01
3.975258832197659586e+01
3.992470331735373179e+01
4.010453725114972201e+01
4.027332250838544070e+01
4.043748312931346334e+01
4.059474883792815803e+01
4.077409508280443617e+01
4.095345814454010736e+01
4.111454128021610188e+01
4.129116319388574396e+01
4.143981867053867774e+01
4.160858711091505313e+01
4.177042700525954899e+01
4.190917735178437198e+01
4.206344965944364844e+01
4.222673580368802249e+01
4.238270661413666573e+01
4.253913147978634868e+01
4.270364525475944362e+01
4.286652779438066574e+01
4.303194967975628771e+01
4.320826888995856052e+01
4.338201512068783217e+01
4.353512706505539853e+01
4.369607566585697356e+01
4.384252813394147807e+01
4.400885812971920785e+01
4.416817549516856189e+01
4.433421960433820175e+01
4.450804991936402644e+01
4.468759796655196936e+01
4.485557601454113552e+01
4.502518529788249424e+01
4.519534953758076057e+01
4.534908370574243719e+01
4.550396142033648772e+01
4.567851486031212005e+01
4.583961481284734418e+01
4.601778387757257605e+01
4.618838535561263825e+01
4.634486067184025870e+01
4.649997382246457533e+01
4.666445396371931054e+01
4.683253291286442277e+01
4.699679443494820674e+01
4.717610704610606120e+01
4.733875414969701012e+01
4.749533036708042033e+01
4.765575764524361801e+01
4.783508707326055287e+01
4.800557083328553176e+01
4.816862154149968944e+01
4.833422841232751210e+01
4.849795179491363228e+01
4.865834543935834944e+01
4.880422613422668121e+01
4.897433992334709529e+01
4.913311914929899871e+01
4.929255423276350001e+01
4.946169264404437627e+01
4.963429532834123137e+01
4.980134844906885405e+01
4.996043037848799884e+01
5.013639643464482987e+01
5.030252462811093750e+01
5.046949366454209240e+01
5.063903568044625558e+01
5.081424497793479134e+01
5.097879238662670076e+01
5.114261667036866754e+01
5.130634005295483746e+01
5.146237813084065493e+01
5.161510328744423504e+01
5.177679183005507468e+01
5.195410323495614335e+01
5.212687408784590559e+01
5.229012659837160015e+01
5.244924216150934626e+01
5.261229286972345420e+01
5.277922827243605752e+01
5.294723995414392448e+01
5.311094651987079374e+01
5.327843687894029046e+01
5.344570861883885016e+01
5.360971788803310289e+01
5.377473616878538110e+01
5.394521992881037420e+01
5.411291209019147885e+01
5.427874890308159905e+01
