3.994433369676433812e-04
5.806280430366980911e-05
3.213235970672493334e-05
2.971753748765306897e-05
2.880329333965915816e-05
2.834806933421521883e-05
2.816355624093902548e-05
2.812561297444275552e-05
2.809658843189618936e-05
2.781256219435195170e-05
2.759601307204860246e-05
2.754947059697278081e-05
2.746805831346978431e-05
2.742106854652902879e-05
2.735181601114599985e-05
2.729305699201393993e-05
2.724681281712314077e-05
2.721766868152613927e-05
2.703993131660308382e-05
2.694673073659122092e-05
2.690203320278631259e-05
2.684556117151873310e-05
2.670385023475577439e-05
2.666535935713943640e-05
2.665304532716621859e-05
2.658557264020089324e-05
2.655650309053856617e-05
2.646710940381430163e-05
2.639128575011383978e-05
2.611979342190999201e-05
2.609161243178361228e-05
2.597619206611339338e-05
2.592291366214647595e-05
2.585219440330099880e-05
2.578307410924691063e-05
2.571904756914187190e-05
2.567511911386302685e-05
2.561719947866810331e-05
2.555336588852173156e-05
2.549892620956598871e-05
2.542350212295433048e-05
2.539388255356289723e-05
2.534071257540688486e-05
2.530921050149064611e-05
2.524598151782360736e-05
2.524059010476038391e-05
2.517520552505723443e-05
2.496328586703750832e-05
2.488522899054029490e-05
2.485628486783985835e-05
2.481249066141236098e-05
2.473942068598441852e-05
2.466183070149629886e-05
2.456983084746496306e-05
2.450896849116059707e-05
2.446204429990752680e-05
2.434386077504469760e-05
2.389783431139646708e-05
2.386469342928453717e-05
2.384377268205622530e-05
2.376217280616070834e-05
2.364959892016946759e-05
2.356536718357128370e-05
2.350144830605699483e-05
2.343784599463367049e-05
2.341345754347683825e-05
2.337871390163715239e-05
2.334505923212516334e-05
2.325808540957204713e-05
2.315298929846310426e-05
2.308920399434997520e-05
2.308267893596380196e-05
2.298942792111332499e-05
2.285981340601290687e-05
2.272785120887259105e-05
2.255731473643092896e-05
2.245748848333481472e-05
2.246083377308761515e-05
2.236269248241106068e-05
2.228550103900071868e-05
2.204331052933967112e-05
2.187380108622114042e-05
2.183000770883539705e-05
2.173310101758896414e-05
2.157069824373638808e-05
2.144752018593578242e-05
2.132032592728475337e-05
2.124891794834132914e-05
2.094087493898358826e-05
2.076852334157812386e-05
2.070306382007843830e-05
2.066608429052765048e-05
2.061427248323256429e-05
2.045630966895260888e-05
2.013990971098634185e-05
2.007920494347452967e-05
2.000444690466940268e-05
1.996479744690387743e-05
1.984289753896151238e-05
1.979295475907037738e-05
1.968159174782127592e-05
1.972777695304053558e-05
1.967542497800515620e-05
1.956475592981112550e-05
1.938891067949747121e-05
1.932546145274320642e-05
1.931727835924511319e-05
1.926378612976616426e-05
1.916834990369512627e-05
1.912264584269176307e-05
1.911397860870967362e-05
1.902030808037987597e-05
1.879722737982398402e-05
1.847797173606442015e-05
1.839716737381715802e-05
1.806386402107861800e-05
1.805440372950912076e-05
1.791214578567109950e-05
1.764168104215293228e-05
1.756696842452769425e-05
1.739877440322612029e-05
1.742214577751880001e-05
1.737679167996743635e-05
1.721219329253284889e-05
1.714434302244223157e-05
1.704023060704505928e-05
1.690333272629898054e-05
1.630087445780696665e-05
1.615935984509540784e-05
1.573977150671920406e-05
1.566079646081339761e-05
1.566177949417079748e-05
1.558228369312976281e-05
1.555942643636375769e-05
1.551735771422926090e-05
1.551224521722702380e-05
1.533699730269828679e-05
1.544740809058781802e-05
1.535226911903863980e-05
1.532651000110550377e-05
1.522200545081797822e-05
1.518851364718497039e-05
1.483997757115351399e-05
1.459409362763001508e-05
1.466856848855548810e-05
1.456294601240510577e-05
1.438070115710107653e-05
1.416760823370729475e-05
1.409171408948568772e-05
1.397267235801521182e-05
1.396755481267695793e-05
1.361718979967080583e-05
1.369094518907452788e-05
1.374803144128052243e-05
1.380126158894613443e-05
1.393129303240973276e-05
1.379721587505871114e-05
1.378888649228245155e-05
1.383203991250080889e-05
1.361755205950407663e-05
1.354552672431179887e-05
1.365326159699326326e-05
1.368424712978443167e-05
1.366508461940741866e-05
1.360537431202381454e-05
1.366166291486889819e-05
1.381924993535409466e-05
1.366535092781419944e-05
1.375881896617402871e-05
1.352625190098250062e-05
1.368483881070040286e-05
1.364986176273645148e-05
1.357063314975121912e-05
1.354822080133765074e-05
1.376995599227530679e-05
1.388644255388764419e-05
1.370671804945247666e-05
1.405194092862692075e-05
1.390549279113684230e-05
1.394574745265223985e-05
1.402144310202515094e-05
1.423767988295581457e-05
1.441483282050596632e-05
1.457490709010512450e-05
1.442600200568774586e-05
1.424371077663601651e-05
1.428641347033944006e-05
1.407469993653828847e-05
1.424902257409654504e-05
1.432293797799148396e-05
1.475346761936070456e-05
1.477859895240760396e-05
1.498840691603766039e-05
1.542869465149076364e-05
1.537214704505877143e-05
1.561968800232210294e-05
1.645635554084364627e-05
1.587709295491715082e-05
1.659259970403935395e-05
1.601281009779723918e-05
1.626495297380935407e-05
1.600380258045082442e-05
1.640279229368436090e-05
1.688551926536552378e-05
1.715067553573611806e-05
1.744956052583802351e-05
1.776578279554242695e-05
1.772771374576420742e-05
1.833736625116978738e-05
1.917535038687648392e-05
1.972585119653289711e-05
2.035722666711680664e-05
2.137319951047980934e-05
2.204644871229144968e-05
2.242154247994039123e-05
2.353664125643722553e-05
2.418464464989483032e-05
2.497690401564296953e-05
2.538629115770232197e-05
2.575332930714654273e-05
2.693639832489364897e-05
2.821729938023986522e-05
2.800590211298543459e-05
2.846731054139737976e-05
2.917257741914905953e-05
2.897178509294762053e-05
2.901768846352172676e-05
3.003801559960424933e-05
3.013815175378644926e-05
3.183005794826325858e-05
3.308655291590352043e-05
3.354785279865447054e-05
3.508120078394557978e-05
3.575891656436493854e-05
3.683648782104899513e-05
3.787898641890290478e-05
4.008965542562157442e-05
4.078332983096992183e-05
4.232453201217146224e-05
4.331697976678287881e-05
4.502146704944569625e-05
4.808974708922708418e-05
4.924112053313045839e-05
5.114679671152732552e-05
5.203832935201488412e-05
5.432552973018864127e-05
5.649073656078640559e-05
5.734644077329584906e-05
5.898634551227295429e-05
6.116255006092307452e-05
6.326436630043624104e-05
6.417464278318548278e-05
6.528753224867445560e-05
6.797861588221807349e-05
7.273206665826424319e-05
7.648406432013184349e-05
8.212287479049378426e-05
8.677986453971237935e-05
9.100512170921529751e-05
9.493257733625419428e-05
9.646848416958377786e-05
1.019062439989367608e-04
1.085295360886075780e-04
1.129583867953077089e-04
1.172983073282436652e-04
1.213355556361394780e-04
1.259680755243806514e-04
1.328725566614947563e-04
1.377509579250849991e-04
1.438770974925244616e-04
1.508380853127376498e-04
1.611192005996117237e-04
1.670814381011570180e-04
1.787738124208895318e-04
1.858178526007356855e-04
1.922197611321622990e-04
2.090866194782618564e-04
2.172727356573287175e-04
2.293602176032609713e-04
2.403638154812649016e-04
2.529132571170999186e-04
2.643414810408132708e-04
2.767496907301009537e-04
2.889355352695707302e-04
3.044041763482570502e-04
3.181155398701488563e-04
3.293749806266850597e-04
3.488966835538568701e-04
3.705720102231147830e-04
3.965646673456468623e-04
4.228335975173435550e-04
4.391475456843615499e-04
4.608571289481335929e-04
4.786606855675369860e-04
4.980171655809387298e-04
5.267463932355453916e-04
5.489401765636503505e-04
5.692550568218242204e-04
6.154112700272131075e-04
6.566832275015662248e-04
6.955843330058562477e-04
7.358345699813550718e-04
7.639195634153939313e-04
8.170675251340875703e-04
8.694915611504290889e-04
9.401438716807273286e-04
9.819040738019636956e-04
1.047428411456614644e-03
1.110608435844913670e-03
1.177383523245856094e-03
1.266215492697906567e-03
1.367924104918121896e-03
1.469022710666580437e-03
1.559388999162853026e-03
1.676501224025414051e-03
1.812043254744370724e-03
2.009051398948147500e-03
2.184678834950192113e-03
2.415883661464399493e-03
2.640005190487590934e-03
2.998948373468931106e-03
3.515743651142936872e-03
