8.964361952552372947e-02
2.786127363610545193e-02
2.521984085324324373e-02
2.468610324550847557e-02
2.406145599799748569e-02
2.395222893025509420e-02
2.356518809746463092e-02
2.333808431410715548e-02
2.314934241333521311e-02
2.305283327758477982e-02
2.277590026733286935e-02
2.273473560817867306e-02
2.251929389162103320e-02
2.244821374754887161e-02
2.239151245586421674e-02
2.240923580369076282e-02
2.218121111706129744e-02
2.207857613391401783e-02
2.224758653364541927e-02
2.214475899258094155e-02
2.186693024078827097e-02
2.160964608197687292e-02
2.164972448979471387e-02
2.162882687199219056e-02
2.148913174483743291e-02
2.158060481943289630e-02
2.167664485542426106e-02
2.157643227725904514e-02
2.151055362627975198e-02
2.138497827877511651e-02
2.136927489677157427e-02
2.120545726800372385e-02
2.102043674985290544e-02
2.108757969151937167e-02
2.100280759681383627e-02
2.097827467146350794e-02
2.085145547695739163e-02
2.089644506068548055e-02
2.104430161055957302e-02
2.101152157250690822e-02
2.087129950949666995e-02
2.073846580680211577e-02
2.075551570709693525e-02
2.060381658255686435e-02
2.031050769594771807e-02
2.027775246884787330e-02
2.027613006830599265e-02
2.022287139848654922e-02
2.013913577308959479e-02
2.011362315037821397e-02
1.991769225819025463e-02
1.987970018119949653e-02
1.995447759703177643e-02
2.001016992861747237e-02
1.995863817797753625e-02
1.994210349280001529e-02
2.021047728105397276e-02
2.016574075985353917e-02
1.991977678458876563e-02
1.996014582072511839e-02
1.991753671042900686e-02
1.972917386818739266e-02
1.993107718438252504e-02
1.980739608482157132e-02
1.988778556294880026e-02
1.981689875649413762e-02
1.990609615411036148e-02
1.971979152772874999e-02
1.981965823678977570e-02
1.974008710829191701e-02
1.981458137769012001e-02
1.975428175011497908e-02
1.977769538794322060e-02
2.006786486086058544e-02
2.001209178334980091e-02
2.022414633538779927e-02
2.036806720528373457e-02
2.029943082078372943e-02
2.024289887825085274e-02
1.990613308949502197e-02
1.987959263164373880e-02
1.982186508289771748e-02
1.997461932948262769e-02
1.990997260024729779e-02
1.999610013853738918e-02
1.988302079193190672e-02
1.987476324680981579e-02
1.978657504029411249e-02
1.985883565384684996e-02
2.018325755558223605e-02
1.988402920615491704e-02
1.998537857285606970e-02
1.978285565799660362e-02
1.958287384218777849e-02
1.981694747155130290e-02
2.002671560528752545e-02
2.010546912062208258e-02
1.998188898524350457e-02
1.986286874637111649e-02
2.025492438878740559e-02
2.006074241254813401e-02
2.022532811795041754e-02
2.031584564089678607e-02
2.029952499618751377e-02
2.013236156096233700e-02
2.019934246926390758e-02
2.043761754743856490e-02
2.065033242246636438e-02
1.999958831013834426e-02
2.060520792581517144e-02
2.048646938812540702e-02
2.050160929595180523e-02
2.048311917173547061e-02
2.057460219643161489e-02
2.065106113294039314e-02
2.031881928041547741e-02
2.027520437477030660e-02
2.059210089140826178e-02
2.066812394484861259e-02
2.108503026827263788e-02
2.112222163977852188e-02
2.139368469095238173e-02
2.150328166889264869e-02
2.162216661846616192e-02
2.180617416325885544e-02
2.201145056837226430e-02
2.184816028560496518e-02
2.200930344994943624e-02
2.161281991566782815e-02
2.184588457241428555e-02
2.198901085894346477e-02
2.165904663519526568e-02
2.210700856388916891e-02
2.204731392134212306e-02
2.200706820034375316e-02
2.198228375666957252e-02
2.217236113997283695e-02
2.241128960330548286e-02
2.262966358931072300e-02
2.288229656577238369e-02
2.325993154481382705e-02
2.339292528632089252e-02
2.323861873573386527e-02
2.354169005176844076e-02
2.336743923516692092e-02
2.380038435867443125e-02
2.366046590171820910e-02
2.379929555862960941e-02
2.389374285422504740e-02
2.434258065731721710e-02
2.471235127378441573e-02
2.502863792721747235e-02
2.508756093716966659e-02
2.530952356884494728e-02
2.580261888638271661e-02
2.562521811976163286e-02
2.610564362077618175e-02
2.637907905008183423e-02
2.632220893679632773e-02
2.701392211818866296e-02
2.706567525329655124e-02
2.727682624269819542e-02
2.712821659363602936e-02
2.766354147186356888e-02
2.839671434505689276e-02
2.916125401609373849e-02
2.905159641492159606e-02
2.917866216009788044e-02
2.995213194066541351e-02
3.010426252034419450e-02
3.046988972258772230e-02
3.075051253577975804e-02
3.059429093693796786e-02
3.117870369921950380e-02
3.179619024899490998e-02
3.176325413965572914e-02
3.247082664254447720e-02
3.316232131476153783e-02
3.397865594013083079e-02
3.448082874876456927e-02
3.500591568533535647e-02
3.621348338737015449e-02
3.649342470821857753e-02
3.684848225705569108e-02
3.787267646734262388e-02
3.801921001849747211e-02
3.864235327283439131e-02
3.882803449004190027e-02
3.897228073603580673e-02
3.866475288957731821e-02
3.946905595630066654e-02
3.984853992172381759e-02
3.982644837502966051e-02
4.087007111834490419e-02
4.114434442848165230e-02
4.182966493031986532e-02
4.249637954890696234e-02
4.401176586793054124e-02
4.409466645222175768e-02
4.459094869503184982e-02
4.602562678769243909e-02
4.680809014104315990e-02
4.692165665379643275e-02
4.744948369450383702e-02
4.779330479381811020e-02
4.866978235532074676e-02
4.997096215577830070e-02
5.206263848241220876e-02
5.254261203617100612e-02
5.381082520402354769e-02
5.467987864366655876e-02
5.504454302313549485e-02
5.505666784963928612e-02
5.538166000457499932e-02
5.623496857792496112e-02
5.687039585728345670e-02
5.817070109238576398e-02
5.905045540692984568e-02
6.031266935488895087e-02
6.143725680775614928e-02
6.221415907032712411e-02
6.354670139671254880e-02
6.500087311952822133e-02
6.596283817602126287e-02
6.724402385098769697e-02
6.890670032277666779e-02
6.916247010083509394e-02
7.056451802376394189e-02
7.139896543155786757e-02
7.220218640745257321e-02
7.348280053110925469e-02
7.386922254086351891e-02
7.627816043030755111e-02
7.676850091610828986e-02
7.859995216254796191e-02
7.798894611699140611e-02
7.929201419550704899e-02
8.168993626862618151e-02
8.377271461623764237e-02
8.591587490989566200e-02
8.746535217475241708e-02
8.813338741989321101e-02
9.014555515870813218e-02
9.176653603540972648e-02
9.203615665194095352e-02
9.496973421854872088e-02
9.837493650763091957e-02
1.005636137705693406e-01
1.027131424607456017e-01
1.053424151788183993e-01
1.074833449998331553e-01
1.081097453811735720e-01
1.107314896723675668e-01
1.132024436677281642e-01
1.146125068612187659e-01
1.177067136417845189e-01
1.192172712504883381e-01
1.212700066048388176e-01
1.237899257748701631e-01
1.256906114125670715e-01
1.290231229535379054e-01
1.325816269132953640e-01
1.341292189024950732e-01
1.365898363073423105e-01
1.384476910635768221e-01
1.401371170351859152e-01
1.440330331640304884e-01
1.480675999997521086e-01
1.507815891880930070e-01
1.543154538941769738e-01
1.554749522660758276e-01
1.605280536919953260e-01
1.627294477799252903e-01
1.664198824734013371e-01
1.725397220933860831e-01
1.779433737207037347e-01
1.845915223722864873e-01
1.894549674387663862e-01
1.924108071836392042e-01
1.972904408225586992e-01
2.014704390382750510e-01
2.055860864746438810e-01
2.104099248160652691e-01
2.184917247170375387e-01
2.230079337768395564e-01
2.302485650000111739e-01
2.321748296957576452e-01
2.379850997898337595e-01
2.425172474286638458e-01
2.484598376804965925e-01
2.545407086439798738e-01
2.616541714057253332e-01
2.679854411507155421e-01
2.744400183225652601e-01
2.812942760739355896e-01
2.899672627852910023e-01
2.981377994481306803e-01
3.024998143975021203e-01
3.081687820901439223e-01
3.161131352597690292e-01
3.296254802727395794e-01
3.412095774852420549e-01
3.498834055432645807e-01
3.642652309686533196e-01
3.760387087874779710e-01
3.835452245755338052e-01
3.950162748675035695e-01
4.063505968714662964e-01
4.206518449447211316e-01
4.342965285494768124e-01
4.473092037756748462e-01
4.673124700053685188e-01
4.900852871657357390e-01
5.065181995755435596e-01
5.254869506429639125e-01
5.522131208230847133e-01
5.742175393653827786e-01
6.028474747674559264e-01
6.286861462277084645e-01
6.674396016213853811e-01
6.999408107368710885e-01
7.543974316223647225e-01
