1.418110149178928529e-03
1.652928444693456955e-01
3.423015459032134888e-01
5.297871506813011111e-01
7.127490203075488306e-01
8.980147996579679326e-01
1.082860157525872946e+00
1.267621431097275098e+00
1.456149681151991615e+00
1.645367422438029692e+00
1.823671022038036327e+00
2.009020885684957847e+00
2.197397784005972188e+00
2.387590903131450837e+00
2.583199050951703768e+00
2.773022199172579416e+00
2.959061554050838261e+00
3.147354368075361286e+00
3.339010553959993022e+00
3.528631899869264288e+00
3.711442417761819268e+00
3.886937601858650115e+00
4.071228003369649073e+00
4.259251747645355302e+00
4.431047222696067323e+00
4.619037333253155353e+00
4.799880278607507655e+00
4.988526246677288611e+00
5.177542185651694773e+00
5.344225335475041305e+00
5.524933745954988318e+00
5.696746037864976131e+00
5.884416628095340940e+00
6.070943671893268778e+00
6.260850904410608209e+00
6.444905869891358385e+00
6.608427450166178829e+00
6.785183898710512196e+00
6.968868893286661148e+00
7.153209745375544770e+00
7.333699536684628484e+00
7.520781536839484360e+00
7.701254511289225668e+00
7.885595363378086198e+00
8.047283905989189634e+00
8.218574875260895141e+00
8.389411789331450819e+00
8.579722626472014113e+00
8.734566707347809711e+00
8.896103898225192097e+00
9.081790099058109078e+00
9.262818029864760661e+00
9.439927632454400808e+00
9.623864879920050797e+00
9.808121647712438218e+00
9.985533953769499149e+00
1.016462794575661732e+01
1.034363785344722331e+01
1.052431263020858765e+01
1.067755910945081332e+01
1.082747585055153650e+01
1.098026827459266741e+01
1.116432324007343979e+01
1.135325509475134353e+01
1.154718155664150814e+01
1.168889167040359744e+01
1.184989072178335157e+01
1.202683215578001885e+01
1.221835380679017824e+01
1.240995954209686225e+01
1.259152561240114743e+01
1.277194813627295567e+01
1.293000423727517223e+01
1.310349821511520929e+01
1.328292854428834602e+01
1.346303154783349854e+01
1.365685710856783075e+01
1.380731198916619640e+01
1.397182576413976385e+01
1.414193955326038399e+01
1.430744552293268512e+01
1.448374791627589708e+01
1.465302086243149660e+01
1.483685720874133374e+01
1.501147791615453109e+01
1.516830638642781537e+01
1.532119971162475380e+01
1.549016995431294141e+01
1.566716183888745739e+01
1.583026299767980838e+01
1.597674909948328725e+01
1.613007966302205176e+01
1.631726256433269739e+01
1.646902915995650929e+01
1.662873331317015868e+01
1.676654191557455675e+01
1.694213800082712140e+01
1.712831189057969183e+01
1.731051700153740924e+01
1.749198217068587624e+01
1.766564431711891459e+01
1.784774852692078184e+01
1.803515004740238581e+01
1.822438460554785422e+01
1.840394946959550282e+01
1.858233715349212289e+01
1.875369539020114473e+01
1.893561461455087880e+01
1.909466291025183082e+01
1.927439594289251090e+01
1.944607369992816004e+01
1.963022956656483942e+01
1.978396373472694236e+01
1.996287274126185096e+01
2.012045797020368454e+01
2.028852010248984783e+01
2.045960926945000224e+01
2.062516568970035991e+01
2.075771061514371141e+01
2.094432174323825535e+01
2.108525828147265457e+01
2.122888551719509564e+01
2.139230619631428709e+01
2.156238635171639118e+01
2.173552717551131863e+01
2.191946442297703967e+01
2.208021122146746507e+01
2.225706857116770010e+01
2.241039913470655875e+01
2.256981740131221414e+01
2.275659669799979667e+01
2.293542162023818420e+01
2.310084350561407973e+01
2.325708338581192436e+01
2.342008364344858151e+01
2.359105509239369169e+01
2.376343915751998281e+01
2.392716254010653643e+01
2.408402464409855170e+01
2.425970481364780795e+01
2.443069307945215840e+01
2.458439361389564226e+01
2.474086893012371036e+01
2.490669442012276846e+01
2.505343277481582831e+01
2.522020000893581582e+01
2.537413597940949828e+01
2.553054402820029622e+01
2.567650880736546526e+01
2.581729399386610524e+01
2.596231702891052251e+01
2.611309142983577658e+01
2.628110311154394552e+01
2.645096464777521206e+01
2.660801173721947777e+01
2.678281743008517779e+01
2.696584656714858852e+01
2.715356760795707913e+01
2.733742077112636082e+01
2.750664326670419157e+01
2.767620209946811016e+01
2.783158431984152159e+01
2.797746501471024416e+01
2.816785993614746531e+01
2.835220078823636669e+01
2.852150736811078957e+01
2.870307343841524883e+01
2.886156677775933233e+01
2.902332258780765173e+01
2.919753969059774690e+01
2.936920063077424103e+01
2.953573242886388073e+01
2.970505582559754387e+01
2.987747352444250026e+01
3.005041254592576649e+01
3.021753293409103946e+01
3.038707494999558989e+01
3.057082721200903563e+01
3.074052057964737372e+01
3.089972022708218091e+01
3.107671211165687097e+01
3.125844635055422671e+01
3.141727602708435185e+01
3.157060659062324959e+01
3.171638638433618240e+01
3.186685808179396773e+01
3.201726251181450777e+01
3.218041412118485312e+01
3.234919937842088444e+01
3.252524951887478721e+01
3.269531285741769011e+01
3.287484408774663081e+01
3.303096624992941344e+01
3.318044575268850593e+01
3.331751441328368202e+01
3.345984675083993665e+01
3.362562179026115672e+01
3.377885145264418298e+01
3.394096041673789443e+01
3.409952102351910241e+01
3.426879396967484581e+01
3.445032640626064335e+01
3.462010385819540659e+01
3.477989209570566231e+01
3.494116021683444018e+01
3.509943493700759376e+01
3.527116314462124080e+01
3.544532979683348373e+01
3.562647544565541580e+01
3.579526070289144712e+01
3.595382130967274037e+01
3.610772364642756571e+01
3.626657013981653677e+01
3.643253016468963779e+01
3.660671363376071241e+01
3.677956857094712007e+01
3.695181810119854049e+01
3.711140453639673353e+01
3.727139457621822061e+01
3.743091374397931759e+01
3.760521493106553947e+01
3.776678575566124607e+01
3.793224127475534146e+01
3.809695685204016513e+01
3.826850007420101463e+01
3.844085050560839534e+01
3.861072885869855043e+01
3.878874657169006213e+01
3.895551380580970147e+01
3.911900175236566923e+01
3.927853773698597450e+01
3.945287255779064850e+01
3.961888303324167993e+01
3.977344122750905342e+01
3.992440061388609251e+01
4.008867895282914162e+01
4.025796871584386594e+01
4.041767286905729151e+01
4.059446295132003968e+01
4.075700915375516331e+01
4.091292951362591168e+01
4.107175919015561050e+01
4.123820690394842359e+01
4.140500777178650083e+01
4.157333897382101640e+01
4.174678250108296140e+01
4.190645302057771460e+01
4.206017037188001950e+01
4.220909491828177096e+01
4.236984171677178779e+01
4.253469182893108780e+01
4.270319119955839682e+01
4.287570979955882677e+01
4.305594733797820339e+01
4.321992297345386191e+01
4.337718868206859923e+01
4.353443757382408563e+01
4.368226902437125858e+01
4.382236471964016999e+01
4.398961964267942193e+01
4.416001931840774830e+01
4.432355771554161095e+01
4.448886188290207855e+01
4.465137445161865770e+01
4.481166719490749273e+01
4.496508184274239994e+01
4.514308273887470335e+01
4.532254670176618561e+01
4.550162387689367449e+01
4.566504455601239698e+01
4.581578532321849906e+01
4.598256937419727564e+01
4.615428076495116727e+01
4.631916451082906860e+01
4.648292152713384695e+01
4.665021008389172152e+01
4.682489805874183730e+01
4.699509593215881864e+01
4.714829196082293805e+01
4.731983518298385150e+01
4.748066606577030768e+01
4.764894681722689995e+01
4.780052842739808483e+01
4.797060858279988338e+01
4.814470796757448312e+01
4.832428964848085684e+01
4.849204907729913572e+01
4.865442711114137353e+01
4.882861058021248368e+01
4.898982825076289060e+01
4.916258228679339481e+01
4.931991526284531346e+01
4.948925547643785450e+01
4.965126353937530723e+01
4.981239712562921795e+01
4.997329527585287678e+01
5.013375618773474685e+01
5.030316366876439105e+01
5.047474052464384187e+01
5.065319547597728445e+01
5.081886961424238791e+01
5.097277195099704983e+01
5.112173013111732445e+01
5.127832316536008506e+01
5.144606577731910591e+01
5.161834894128930529e+01
5.179093480872690947e+01
5.195733207194180636e+01
5.211964283834666389e+01
5.228378664241527929e+01
5.245724698653638285e+01
5.260987124198415898e+01
5.277855559806402397e+01
5.293990780348890013e+01
5.311002159260927158e+01
5.328129574502137444e+01
5.345245217941835847e+01
5.361493111441623682e+01
5.378390135710414910e+01
5.394506857707668956e+01
5.411156674144744727e+01
5.428075010933837774e+01
