4.756058352968206549e-05
5.246142237367161101e-06
4.484146548384492666e-06
4.361478937159142897e-06
4.177158183051428489e-06
4.145530472254870470e-06
4.041773536388510007e-06
3.971556714048024770e-06
3.950623347419474445e-06
3.936925811133178230e-06
3.857060897812037590e-06
3.823458336636258498e-06
3.783783314954505674e-06
3.771604474694522919e-06
3.769984887286189807e-06
3.766247637876922990e-06
3.735383739275143239e-06
3.727925278679488058e-06
3.734940837161751771e-06
3.720472719305879722e-06
3.679668418520207084e-06
3.634180861927607170e-06
3.633736138581942603e-06
3.624514224651476881e-06
3.600349673473050273e-06
3.602669472539826429e-06
3.619785470852131736e-06
3.596332752478616384e-06
3.583601838263117634e-06
3.553909595209301151e-06
3.536682673151629158e-06
3.462405342545752417e-06
3.437650255196008718e-06
3.437639501075997443e-06
3.433083708554179338e-06
3.425651430296233970e-06
3.392586805141352247e-06
3.394277284941174332e-06
3.384143594214865029e-06
3.387578138131863203e-06
3.365973886703919927e-06
3.355738795457360232e-06
3.345034205088854223e-06
3.311882414384552484e-06
3.282388536663369135e-06
3.268100221684968813e-06
3.241787464486737615e-06
3.237977903869575198e-06
3.217037530767747116e-06
3.119068865169157088e-06
3.112971696929815932e-06
3.092548340081940751e-06
3.107252134514490452e-06
3.106853948206631654e-06
3.080353160451893453e-06
3.077452757160837806e-06
3.098077754624187913e-06
3.085585192067490963e-06
3.077025522346388169e-06
3.074634429916863213e-06
3.059149931828695142e-06
3.009476731246140707e-06
3.011278720257969990e-06
3.004984366563352575e-06
3.021609243437632036e-06
3.009344730354638698e-06
2.999309004363786114e-06
2.982932746284336942e-06
2.970934325836552722e-06
2.975510737790268207e-06
2.967058473325890805e-06
2.956491016722016819e-06
2.970133740615754567e-06
2.978097809344813466e-06
2.972221941124397769e-06
2.996861285331704996e-06
3.021432624691546246e-06
3.004342162468816671e-06
2.963839224104196368e-06
2.878753885576101178e-06
2.841353948428935198e-06
2.801063026206996305e-06
2.800243281371316034e-06
2.819593036733770891e-06
2.805537546850233997e-06
2.789705829718060344e-06
2.752681970396568493e-06
2.752626479114181032e-06
2.752579508017743127e-06
2.819658885857782341e-06
2.756073619779111368e-06
2.778408986876381511e-06
2.732769982769109376e-06
2.680724706442747573e-06
2.733948764844800231e-06
2.752494594906600527e-06
2.772054514567971233e-06
2.694889680122837635e-06
2.693473175949436180e-06
2.735370090864230069e-06
2.760582750157060856e-06
2.756016796863356863e-06
2.804286869944460051e-06
2.786164063149528715e-06
2.750109832543256254e-06
2.756307397936892790e-06
2.810895132077323706e-06
2.865321085399278258e-06
2.658549823256031418e-06
2.742470669697497126e-06
2.745549654333338520e-06
2.708363554872955876e-06
2.690063956895605197e-06
2.697965628227404292e-06
2.721760693659718771e-06
2.605008272625491463e-06
2.619293700638827245e-06
2.663071736654847452e-06
2.705650530860270909e-06
2.761675422967510844e-06
2.781767990369198284e-06
2.827076537242809530e-06
2.862907709935478068e-06
2.880724372579990254e-06
2.950674946577877150e-06
2.963977104554225806e-06
2.885416188260188829e-06
2.911429542860406325e-06
2.829302715509476301e-06
2.856532068875366153e-06
2.922365237781214850e-06
2.856060499458565879e-06
2.970571211193018747e-06
2.989736192017507258e-06
2.935173146585991867e-06
3.004562582717638502e-06
3.086867125940007631e-06
3.147365649381805969e-06
3.227337797751159189e-06
3.229996280347978972e-06
3.296217195143327822e-06
3.389419174593981848e-06
3.313072965971780322e-06
3.393874342757703281e-06
3.358206339069058709e-06
3.479404519164084757e-06
3.499018517629040993e-06
3.539455846285719755e-06
3.559425087748580418e-06
3.692985669567060231e-06
3.788905795861679634e-06
3.818359659861398660e-06
3.880978206221806289e-06
3.908958735490492317e-06
4.022605006747674271e-06
3.978330844868426631e-06
4.135948539077111836e-06
4.190927120973357842e-06
4.241012092919117947e-06
4.416980028880013226e-06
4.422960334317499443e-06
4.519760435682049628e-06
4.501511580649721798e-06
4.626625850530023513e-06
4.884934753340967803e-06
5.096343562841996559e-06
5.055444189324945568e-06
5.073940233315727689e-06
5.358589618316306732e-06
5.433584189530263042e-06
5.700342643245106004e-06
5.946789226508975381e-06
5.890137380170097146e-06
6.073767807081555704e-06
6.264199359704371417e-06
6.335537809157067846e-06
6.617971826428191322e-06
6.787934161290210840e-06
7.026680872186152496e-06
7.243178665113970361e-06
7.314594869738943226e-06
7.791666881629549519e-06
7.903577017304502390e-06
8.096664498297092240e-06
8.562380440452239944e-06
8.659961840309274335e-06
8.961971064324331438e-06
9.007160013654401167e-06
8.998665401704975447e-06
9.047224451702559869e-06
9.423138161771063705e-06
9.715625508239223687e-06
9.765066005283811238e-06
9.999103360959074252e-06
1.018088565346668440e-05
1.058501816231149966e-05
1.089993114023744993e-05
1.177477545453034894e-05
1.186591293603054876e-05
1.206209780050083762e-05
1.287402560382141668e-05
1.318432802517611809e-05
1.307825696418491148e-05
1.334081636200908960e-05
1.356284909338513580e-05
1.422291197833790670e-05
1.499809956819185100e-05
1.628819379693455190e-05
1.660307666030954983e-05
1.737117653320789927e-05
1.795815056307174855e-05
1.809633114285905188e-05
1.826508896720797215e-05
1.863701877838507109e-05
1.949541620492168160e-05
1.974048901786473636e-05
2.075440117139720677e-05
2.110157482236522033e-05
2.194449832740940923e-05
2.291059363866239636e-05
2.340081124516396746e-05
2.487520081371828962e-05
2.581120258810376403e-05
2.682736954144833744e-05
2.747872965847374111e-05
2.845457981468236646e-05
2.842934982527276543e-05
2.953323922882137377e-05
3.050811703660366825e-05
3.155333177713616087e-05
3.247291114822206724e-05
3.238813411321215586e-05
3.439515141359346053e-05
3.516293794966993146e-05
3.734051330170325085e-05
3.715673569723959400e-05
3.841986593673485324e-05
4.133157147296682949e-05
4.340491457263238211e-05
4.566460912238062239e-05
4.727208040678997466e-05
4.822214153597939530e-05
5.017569947804549895e-05
5.148461161317688302e-05
5.169400303090413763e-05
5.425239774798880973e-05
5.807246486394730575e-05
6.039541610514972638e-05
6.308867369681391468e-05
6.592194793290831033e-05
6.868582914494379503e-05
6.951786394160862045e-05
7.335299703953776225e-05
7.677150289609798860e-05
7.866697118870494580e-05
8.174699307392315655e-05
8.422093070571317144e-05
8.766741933084927236e-05
9.375894897724813446e-05
9.692810660345713169e-05
1.027949435187604818e-04
1.091143628048600741e-04
1.114686407180792704e-04
1.157847005607609472e-04
1.195816004852510203e-04
1.205881950278679649e-04
1.277356757911618772e-04
1.334714166777961316e-04
1.388500365460782165e-04
1.447084280549606561e-04
1.468620508164780508e-04
1.586741473782862842e-04
1.651578786363161336e-04
1.739936676896174344e-04
1.827607267777353161e-04
1.921343554892998898e-04
2.075839040087706271e-04
2.170779799537269792e-04
2.259664323855604864e-04
2.360495603002796456e-04
2.449525777971470913e-04
2.576524773670270168e-04
2.703417881224007887e-04
2.908146155410502843e-04
3.049032816348998948e-04
3.191027419766024275e-04
3.260139772134132137e-04
3.438740534760828635e-04
3.545445917864305544e-04
3.749081957180170114e-04
3.938816920401215570e-04
4.154106074549934334e-04
4.368731843462456826e-04
4.586310417260685440e-04
4.809798466593437935e-04
5.069910298994402759e-04
5.382423852504474027e-04
5.599531964416044894e-04
5.829242391591581531e-04
6.205300543472781934e-04
6.752819452802629342e-04
7.166602436814927760e-04
7.523637180923376877e-04
8.145248438062019499e-04
8.720938426718244634e-04
9.068955970570617871e-04
9.615388869453051325e-04
1.018813106686623868e-03
1.077678833841834655e-03
1.141702450444519006e-03
1.215541320224459683e-03
1.323153755920955261e-03
1.451462394480079396e-03
1.531917117236144665e-03
1.651495210538681977e-03
1.821858529069809648e-03
1.987908489506059421e-03
2.179681292052784887e-03
2.364815331642461903e-03
2.648926014433301140e-03
2.905822621637896720e-03
3.388679860334611622e-03
