2.601338255632758667e+00
2.596627641972768519e+00
2.594072150369804763e+00
2.590492697414668477e+00
2.587926466379972812e+00
2.583390790308768725e+00
2.579317902825295938e+00
2.574656218909028738e+00
2.571284714660785564e+00
2.568966743964308908e+00
2.565072410050606155e+00
2.559388976758655954e+00
2.557344199905550397e+00
2.553403946413446590e+00
2.549025315274494385e+00
2.545348854298891350e+00
2.542705978849113979e+00
2.538680061535480537e+00
2.534603535676346109e+00
2.530320859766076680e+00
2.526935031790893404e+00
2.523091892149524895e+00
2.519293016914119221e+00
2.512290720788980636e+00
2.509302766952209662e+00
2.505634545886679110e+00
2.502391319974575534e+00
2.499431674304493978e+00
2.496268137701156409e+00
2.494109729567080436e+00
2.491914900249068143e+00
2.488247212516585094e+00
2.485499284202707937e+00
2.479034515489057178e+00
2.474105762844530432e+00
2.471378687424210074e+00
2.467261670132192997e+00
2.463346886607860498e+00
2.458882756239684220e+00
2.455680285756370651e+00
2.452340683263440457e+00
2.449059537275492637e+00
2.444766545843926497e+00
2.439531606432866262e+00
2.433926873164260041e+00
2.428559799388730234e+00
2.425596639567086932e+00
2.422045368960813683e+00
2.418885612080280190e+00
2.414575192669392578e+00
2.411351336464706563e+00
2.407865125101918302e+00
2.405598227681212897e+00
2.402237163860088121e+00
2.398793124188473680e+00
2.396364136639709486e+00
2.391339784322460638e+00
2.388329570055094386e+00
2.385308078934945453e+00
2.382749436399763887e+00
2.377603106689354817e+00
2.375337244095778289e+00
2.370433632825896808e+00
2.365550295270587799e+00
2.361358532836906221e+00
2.358072649859627390e+00
2.354654049790246173e+00
2.352691843540655192e+00
2.350520191793633362e+00
2.349078761908916402e+00
2.345296394718108690e+00
2.341425741594982846e+00
2.337970500810685692e+00
2.334372440454664854e+00
2.328881854440877142e+00
2.326335350599662011e+00
2.322205241853104951e+00
2.318732862590783927e+00
2.315368489868457225e+00
2.311996662177298933e+00
2.305977590077778583e+00
2.302537861857380186e+00
2.299562435641807401e+00
2.295543907754901802e+00
2.291680310842657331e+00
2.289578867115529270e+00
2.287415987566252973e+00
2.282873955269646871e+00
2.278190645673314751e+00
2.272169872795806622e+00
2.269116268463428288e+00
2.266343154487978850e+00
2.262287462972359720e+00
2.258978829083420514e+00
2.254775739816852642e+00
2.251362364618565426e+00
2.249370366708026925e+00
2.245820396709849565e+00
2.242906641827236758e+00
2.239421325565621679e+00
2.236993886983966728e+00
2.233856356586691128e+00
2.230383152418237813e+00
2.226297935051339660e+00
2.222397323395417068e+00
2.219680722556221397e+00
2.216294043281305193e+00
2.211462187419126924e+00
2.208144695299120830e+00
2.204994327175883839e+00
2.201268753285072766e+00
2.195746912239808779e+00
2.192003686191608125e+00
2.189668429404293626e+00
2.187369386897377144e+00
2.184139700568627607e+00
2.180719660747165722e+00
2.176153538648196495e+00
2.171910834945802282e+00
2.169137234754458188e+00
2.166296181324780967e+00
2.162057443684338498e+00
2.158934469113285015e+00
2.155490443516047794e+00
2.152999543525397019e+00
2.150307060943926984e+00
2.145574180602765502e+00
2.141833324906064373e+00
2.138886194739451962e+00
2.134590099837118782e+00
2.131367530722304338e+00
2.128634739430557588e+00
2.125690258546473199e+00
2.120367806079714867e+00
2.117330074762088898e+00
2.115294610022595556e+00
2.111640250371585648e+00
2.108128771201928764e+00
2.103735835357173567e+00
2.098763576781518481e+00
2.093822368177017612e+00
2.089451050181952763e+00
2.086481010732079255e+00
2.082271147484802576e+00
2.079492454514935584e+00
2.074188837366061744e+00
2.071221494308894684e+00
2.067018565631456806e+00
2.064591004478621983e+00
2.059594659876676559e+00
2.057572499257255494e+00
2.053551388565453717e+00
2.051477313807876790e+00
2.046572729201049157e+00
2.040818731290663379e+00
2.038430439940758454e+00
2.034617257786910383e+00
2.031415236988053152e+00
2.029161760342572673e+00
2.025025513302809443e+00
2.021062058407415485e+00
2.016556727420389716e+00
2.013337914937078033e+00
2.008194476217513458e+00
2.003990564383853812e+00
2.000480821064432035e+00
1.995203516915398545e+00
1.991675092742094977e+00
1.987021699076658265e+00
1.983229532524086958e+00
1.979978021590905080e+00
1.976700215949845685e+00
1.973552669111388713e+00
1.970454894319719541e+00
1.968277722735208624e+00
1.965693970603461738e+00
1.961432899473160241e+00
1.957557116532464558e+00
1.955000068923863132e+00
1.949801251234573929e+00
1.947461760527240182e+00
1.944487238942620655e+00
1.941931885571863692e+00
1.939084802521711559e+00
1.934708097272244798e+00
1.931672828089380678e+00
1.926928410059716823e+00
1.921963809759085651e+00
1.918829354748638805e+00
1.915703609050479761e+00
1.911963912721990067e+00
1.908176418966532228e+00
1.903666998474954353e+00
1.900486803973178596e+00
1.896824209713475540e+00
1.894490061512044798e+00
1.890561502594951815e+00
1.887113405033435942e+00
1.883655055033720771e+00
1.880976127242262930e+00
1.877962377375346881e+00
1.875418192837447595e+00
1.871925725698724952e+00
1.868527359824513123e+00
1.865336712987532231e+00
1.862606241404585639e+00
1.857428203712157000e+00
1.854319986750291971e+00
1.849947735918870961e+00
1.845037011247821157e+00
1.841648969662099455e+00
1.840016815437429898e+00
1.836522166124630928e+00
1.831999485266519567e+00
1.828566248995617149e+00
1.823460938939109433e+00
1.819862658566281377e+00
1.816414782902268765e+00
1.811342260623441502e+00
1.808111924987481522e+00
1.804155040363451867e+00
1.800217783420998030e+00
1.796247240709737403e+00
1.793258271027101225e+00
1.790182105273916635e+00
1.786730658513846937e+00
1.783877735484552085e+00
1.778919183556684658e+00
1.777027682673618880e+00
1.773894616154172876e+00
1.771757468791809176e+00
1.769707974664312289e+00
1.766603105340714519e+00
1.764180193005981279e+00
1.761761781305963614e+00
1.759704462423112625e+00
1.755499068122604145e+00
1.751761520902453517e+00
1.748204210291595562e+00
1.742836758741788339e+00
1.738715359092533275e+00
1.734223814316398604e+00
1.731522654571722830e+00
1.728172872517745429e+00
1.724359929431682259e+00
1.722080896379985848e+00
1.719589845611517065e+00
1.716119130747484789e+00
1.713140948234790351e+00
1.709607444939530430e+00
1.705801452772659266e+00
1.701732895582703575e+00
1.698581849143302680e+00
1.694322476567966751e+00
1.689205679512614910e+00
1.685136351760062157e+00
1.681264418327101717e+00
1.677996670948134872e+00
1.675486309524926609e+00
1.672279156293138502e+00
1.668255043499158097e+00
1.664869259176531946e+00
1.661338213486935222e+00
1.657946060882276473e+00
1.654158339420821022e+00
1.650453818413035512e+00
1.647561565497092539e+00
1.643993216470662322e+00
1.642182767353693063e+00
1.638866682981005907e+00
1.635696361704543467e+00
1.631379074103098015e+00
1.628490523606383356e+00
1.626640740337550017e+00
1.622131385881863119e+00
1.618699957203718398e+00
1.616292793959116070e+00
1.612969857967623266e+00
1.608256231999014352e+00
1.604502189018663483e+00
1.600543348719827952e+00
1.598260962664736384e+00
1.593728886369602415e+00
1.589698901012258192e+00
1.586030698591848420e+00
1.582427942577643964e+00
1.580577597875106655e+00
1.577252128548057186e+00
1.574043108241746980e+00
1.570915235843854507e+00
1.567673128164985163e+00
1.563987646675990772e+00
1.561658209426030952e+00
1.558599308395437477e+00
1.555550533743041752e+00
1.552447012017678318e+00
1.549182668513453098e+00
1.546992206459874897e+00
1.544182541441769141e+00
1.539470335371146303e+00
1.537096460413180266e+00
1.532732987535647684e+00
1.528679983442267742e+00
1.525206118621617479e+00
1.520638066879309802e+00
1.518096312332718467e+00
1.513286001661849234e+00
1.509313642633714592e+00
1.504566621706491913e+00
1.500124049214297317e+00
1.496348081565677779e+00
1.491705894130748389e+00
1.488889687492826575e+00
1.487104324716753023e+00
1.484328067008606311e+00
1.481152944589329890e+00
1.478558674913429627e+00
1.475078995333725773e+00
1.471906564434368292e+00
1.468548686210650933e+00
1.464942691571313738e+00
1.462339486428881674e+00
1.458786174366879962e+00
1.455593912190251693e+00
1.451993149556393359e+00
1.449215467262451762e+00
1.446210552157662255e+00
1.444363334375377894e+00
1.440544879560113678e+00
1.437250638584121054e+00
1.433718889733497814e+00
1.430429132989186947e+00
1.425173705262782642e+00
1.421986351656223890e+00
1.418111504394045541e+00
1.415155579764349358e+00
1.411103305294570953e+00
1.408346905491688617e+00
1.406024942840443659e+00
1.402937290803789816e+00
1.400397646730580759e+00
1.397871698517856087e+00
1.395775540824750749e+00
1.392416204831467219e+00
1.389226271128660706e+00
1.386867735012248026e+00
1.383614236903790040e+00
1.380284369913079567e+00
1.377264025607449760e+00
1.373595867687923189e+00
1.369180640473240285e+00
1.366070464473767343e+00
1.363147197987532255e+00
1.360506605377028055e+00
1.357567049784149438e+00
1.353892306087844721e+00
1.349948801136944931e+00
1.348295865087381307e+00
1.344833389846187721e+00
1.341526637798404531e+00
1.338931102869484580e+00
1.334315932299238394e+00
1.331391761389348893e+00
1.329598731405743806e+00
1.326392415120337676e+00
1.321714636644076180e+00
1.319984956128800846e+00
1.317996535324259977e+00
1.315152679130141111e+00
1.311268161904981966e+00
1.307919822558994305e+00
1.304239713047466998e+00
1.301116901262990400e+00
1.297765506362462462e+00
1.294836222816701188e+00
1.291822911694586740e+00
1.289836063216379891e+00
1.286869592495208048e+00
1.283474764467338769e+00
1.280637410902520257e+00
1.279102559489834423e+00
1.275628077906496127e+00
1.273535358755829350e+00
1.270015376358828885e+00
1.266468715986375004e+00
1.263864568912890229e+00
1.260450475684824934e+00
1.258218544652591975e+00
1.255895838348264570e+00
1.252752401058808029e+00
1.250064391599676528e+00
1.246557063188384218e+00
1.244116942227160072e+00
1.241210415243328091e+00
1.237809522509572879e+00
1.234437545993627205e+00
1.232195093137445463e+00
1.229541694736230095e+00
1.226435205006547235e+00
1.223457186155180842e+00
1.219998517826141882e+00
1.216183126053851371e+00
1.213133266921628151e+00
1.209480707717329295e+00
1.206353906264877374e+00
1.203755043847383854e+00
1.201539902324637366e+00
1.197822186314942750e+00
1.194917951292861158e+00
1.191552306361193470e+00
1.190268356847467235e+00
1.186902820549559534e+00
1.183560149077230061e+00
1.180745261416991543e+00
1.178287331945990335e+00
1.176039565594534153e+00
1.173295764004428809e+00
1.171175913762068532e+00
1.167975117233876148e+00
1.166791328274681794e+00
1.163570142276480146e+00
1.160876527312001416e+00
1.158623025565318709e+00
1.155465986412617774e+00
1.152264554865684465e+00
1.148295894977340526e+00
1.145957206056298805e+00
1.144062473328932406e+00
1.142148143850397979e+00
1.139410740306307401e+00
1.136191367227750826e+00
1.132243100954143600e+00
1.128802923702656891e+00
1.126395617169922980e+00
1.123612438329565144e+00
1.121097623332482751e+00
1.117412322800988678e+00
1.113753589523918341e+00
1.111946341161478058e+00
1.110710862073734928e+00
1.107024412204943076e+00
1.103327637153141083e+00
1.101659563665027486e+00
1.099937787358867824e+00
1.097109401069900070e+00
1.094258746378741431e+00
1.091612442417241757e+00
1.088519124156616558e+00
1.085594878565378618e+00
1.082200284944294877e+00
1.080659163323066663e+00
1.077472014868345207e+00
1.074437968982475233e+00
1.072597775893034955e+00
1.069694875814723556e+00
1.067713055512490739e+00
1.065422007023731688e+00
1.062874651342641252e+00
1.060426219219568589e+00
1.056843969794454274e+00
1.054421956078390954e+00
1.051266866671447753e+00
1.049118437034034512e+00
1.046074179366295542e+00
1.043295408493539078e+00
1.040658037092252242e+00
1.037956691254187325e+00
1.033924145858989840e+00
1.031132506233077395e+00
1.028917583082235687e+00
1.025499385356623216e+00
1.022977998146678891e+00
1.021408201120752146e+00
1.018585921449703058e+00
1.015017249069147809e+00
1.012387883756478812e+00
1.009231760568251257e+00
1.005522795280455295e+00
1.002271806221397332e+00
9.999300001376922875e-01
9.979451322200427743e-01
9.948566646426134641e-01
9.914307603387603196e-01
9.889054787032899307e-01
9.856709173036407590e-01
9.840692964353079386e-01
9.819556402173855725e-01
9.800638249668420787e-01
9.776824484393380477e-01
9.749175253393744800e-01
9.720795999769702433e-01
9.698683740845104317e-01
9.675388069555550530e-01
9.664486805849016315e-01
9.642292277987756233e-01
9.621122752955184598e-01
9.585062740723639951e-01
9.559412043949281346e-01
9.537687859962107328e-01
9.524065057122177436e-01
9.511714275526059748e-01
9.487737826841479150e-01
9.461235071979378075e-01
9.432086401966370826e-01
9.400336591596650804e-01
9.375428999386657969e-01
9.355136961686399966e-01
9.325247012013223591e-01
9.298973994992010272e-01
9.282763101053554955e-01
9.269537793856217345e-01
9.246320930045202058e-01
9.219672018599297525e-01
9.198386818868274917e-01
9.170312340796967776e-01
9.147176279757145423e-01
9.122124659144467129e-01
9.084563736454379645e-01
9.050440532079376821e-01
9.025877291338827435e-01
8.991182065656367906e-01
8.967665977917029796e-01
8.943721708782785829e-01
8.918933075953332512e-01
8.897027971929138968e-01
8.873259606032769531e-01
8.847971967341302646e-01
8.832357447830745389e-01
8.805412291517686896e-01
8.776495342360550733e-01
8.760182682064014958e-01
8.738197085257867203e-01
8.718049975092794224e-01
8.691655540600309315e-01
8.675178470755118276e-01
8.651631093089824365e-01
8.629274323693821858e-01
8.609730041025949188e-01
8.602310158842071397e-01
8.575227501325841661e-01
8.548422679020812875e-01
8.527349108734921801e-01
8.504777733746233803e-01
8.485157909728767711e-01
8.454654356836445173e-01
8.433807350982636120e-01
8.419686304923180709e-01
8.394152779517706220e-01
8.381583764759522603e-01
8.358782337616972313e-01
8.325889514799355018e-01
8.311296727206745061e-01
8.286578678308350598e-01
8.266286281937441638e-01
8.247859821638270361e-01
8.228195976660557243e-01
8.200453308555545329e-01
8.186876164883660767e-01
8.163756622953420861e-01
8.141667262813303552e-01
8.115028057052988686e-01
8.092363643427962216e-01
8.068735371494240027e-01
8.048753013526060984e-01
8.028136159830085994e-01
7.996552786799845380e-01
7.983331326517328907e-01
7.962537604161771254e-01
7.945685963035394872e-01
7.927891894860906730e-01
7.907452814511918282e-01
7.890947407778572398e-01
7.858856188378084973e-01
7.830123362239331808e-01
7.807301522132154004e-01
7.775085095897263932e-01
7.753606703328606020e-01
7.720647479617712694e-01
7.691642728505150295e-01
7.676834444095050891e-01
7.655047021833096821e-01
7.635279854398686616e-01
7.616649636304856363e-01
7.591876819344675065e-01
7.573737165878314803e-01
7.553867016892248376e-01
7.534772567933294418e-01
7.510187382479125429e-01
7.483484790284234967e-01
7.468969075223269583e-01
7.446583177673957721e-01
7.431395249460845953e-01
7.411884382916826830e-01
7.388639858058934085e-01
7.362094853828472507e-01
7.343713025885693080e-01
7.317179037444810907e-01
7.305593772048365464e-01
7.290171153713840280e-01
7.274733264325758952e-01
7.252881745909217637e-01
7.233462649365179908e-01
7.209622662775837520e-01
7.193251602554783242e-01
7.173834893421531245e-01
7.154565003356160302e-01
7.131585072265547165e-01
7.117108570491519348e-01
7.099758252099154232e-01
7.082268982039994221e-01
7.060607308672870452e-01
7.046219874379939796e-01
7.025371857930392538e-01
7.002689019532308823e-01
6.980211441940665784e-01
6.959559530719469089e-01
6.935891210235149984e-01
6.910449593974492544e-01
6.883810073241136696e-01
6.876745348864853336e-01
6.856410211870495042e-01
6.838586665397352604e-01
6.815105363072345712e-01
6.791015002772838871e-01
6.771850030769549500e-01
6.755489871197630780e-01
6.743002928226422554e-01
6.736118141996837450e-01
6.719143532954545694e-01
6.700768749661412116e-01
6.674781915905209084e-01
6.660098429389554875e-01
6.644654896638579888e-01
6.632169109409083996e-01
6.606753463674420734e-01
6.593216866780148289e-01
6.572429113828369696e-01
6.552442981106132436e-01
6.538292496395120557e-01
6.525835537203374948e-01
6.509918527212914530e-01
6.491492616353287115e-01
6.485728268083416070e-01
6.469357952779221099e-01
6.456637666730583591e-01
6.439322935880597010e-01
6.423147367497274995e-01
6.405944043357989504e-01
6.388884678751166613e-01
6.371122100552017997e-01
6.355655269211227809e-01
6.339517057243593268e-01
6.321985084132134558e-01
6.310237054572958026e-01
6.295710539135129791e-01
6.286294520038809841e-01
6.269980002116978257e-01
6.254485972295842355e-01
6.239344236801162014e-01
6.224226737719962266e-01
6.205710037559573067e-01
6.192566691169093529e-01
6.170404716943543866e-01
6.161731924193687426e-01
6.149098779934862868e-01
6.128291076858263242e-01
6.108075191699087192e-01
6.087654468605026015e-01
6.072666522806732248e-01
6.060291775557661298e-01
6.040233834022415982e-01
6.026773256167681225e-01
6.007688556577028827e-01
5.990910140762182312e-01
5.978264844517255927e-01
5.970456193179359827e-01
5.958183543483047684e-01
5.951207060546177541e-01
5.929230047602322973e-01
5.918732479247887923e-01
5.907423332670100891e-01
5.899931053152663862e-01
5.881074277732361022e-01
5.863581412936147430e-01
5.859437177169627420e-01
5.837269414775683174e-01
5.824767230285240460e-01
5.814650238734400123e-01
5.799372785353524851e-01
5.787540784187507059e-01
5.774350724529182521e-01
5.754509758710428802e-01
5.742410610084224265e-01
5.736081477091139469e-01
5.727426899361008905e-01
5.710954260054776910e-01
5.692737785617693058e-01
5.679378959231412560e-01
5.670505144243938034e-01
5.660865627357029028e-01
5.643343400974050184e-01
5.631467512928547414e-01
5.622827716964439171e-01
5.608541009506028407e-01
5.595785874947115657e-01
5.580766902325577927e-01
5.576389785564775936e-01
5.567749429202046851e-01
5.553460385384135778e-01
5.539669629484539337e-01
5.520800218983920038e-01
5.511945132495138511e-01
5.498443740929384038e-01
5.486242992650152139e-01
5.477192922468530067e-01
5.473619648739864729e-01
5.459838874184661517e-01
5.445910018816076947e-01
5.434176943094588541e-01
5.422002730135583315e-01
5.412566632016385659e-01
5.400923455379937899e-01
5.396138484646310074e-01
5.391016984265707412e-01
5.374562173292655176e-01
5.361884026259450264e-01
5.348894657007824405e-01
5.336466157669325083e-01
5.324083973271760417e-01
5.311611839052511330e-01
5.296730095889564671e-01
5.288096198311715845e-01
5.273386339610649509e-01
5.264471033231700181e-01
5.250887486922555247e-01
5.241616929035642913e-01
5.235725093418812648e-01
5.221009009361252673e-01
5.213434837192270077e-01
5.208055829490795263e-01
5.204150162009376634e-01
5.196564550753632883e-01
5.182336438446183413e-01
5.176453646884038307e-01
5.160331419725850965e-01
5.145534714065969073e-01
5.131472457809966858e-01
5.117978747623516123e-01
5.110381760199983470e-01
5.090958467344949279e-01
5.079717121872026064e-01
5.069684840476972321e-01
5.056903935251944038e-01
5.043901365482621468e-01
5.032671576753932063e-01
5.025830726486865130e-01
5.011764602486609155e-01
5.006318758435999161e-01
4.993425590108588885e-01
4.981508729068417352e-01
4.968739196882223097e-01
4.956243744954956232e-01
4.940878971939377529e-01
4.934390252552982026e-01
4.925664261019607748e-01
4.922790226914901535e-01
4.914361712744509392e-01
4.901038569854793137e-01
4.893123319796017223e-01
4.887154134794805538e-01
4.884201593365892213e-01
4.876118985030307162e-01
4.871527046518009385e-01
4.865165251829783877e-01
4.848486801909331900e-01
4.839644457119327559e-01
4.835047016996291136e-01
4.825872121524592551e-01
4.818488970306561425e-01
4.809837180410016511e-01
4.803304994663886718e-01
4.797207048264409135e-01
4.794166085877958339e-01
4.789228981973904231e-01
4.781350543237187223e-01
4.770222804400389149e-01
4.764923149715648010e-01
4.757479369645774003e-01
4.753461428506778885e-01
4.745065995336169018e-01
4.743594857591345582e-01
4.733510295362053921e-01
4.721121325894709342e-01
4.716256357460571480e-01
4.707652350651278517e-01
4.695288987351238785e-01
4.688333330807233912e-01
4.680904733949261542e-01
4.669289222310573639e-01
4.658418829984122822e-01
4.653690111360174186e-01
4.645329559560412713e-01
4.644635701585279053e-01
4.638105490241115625e-01
4.631019365392680665e-01
4.623264687834844344e-01
4.616711201260116915e-01
4.609630822010564177e-01
4.601196609843572483e-01
4.601614659599767010e-01
4.594166825269715981e-01
4.578305853913547385e-01
4.573463347290769310e-01
4.566651304684863355e-01
4.559509326981091570e-01
4.557780773480769043e-01
4.561077103714574199e-01
4.558502286173478080e-01
4.551262631651483703e-01
4.549113286112577148e-01
4.543031135464096204e-01
4.539713713662600902e-01
4.534901575498917481e-01
4.531588404740168330e-01
4.525707290586565290e-01
4.519580005696779423e-01
4.514191579113573383e-01
4.504694360485397286e-01
4.493691740214044161e-01
4.490479222076381172e-01
4.490342269843727863e-01
4.481330697316191491e-01
4.477806332903054853e-01
4.470735767257973392e-01
4.463293896804060301e-01
4.458154929344086415e-01
4.453176057800308230e-01
4.444917795933285287e-01
4.442457665940470757e-01
4.434698642374138577e-01
4.434042406929437630e-01
4.427788755367277895e-01
4.418904391211592730e-01
4.416358777403256441e-01
4.416781614141921386e-01
4.412370843463870318e-01
4.409239356126244958e-01
4.407001961091720488e-01
4.401773102616385325e-01
4.396991341421347399e-01
4.392892698396050899e-01
4.380798085432997535e-01
4.372061192268220653e-01
4.366708087378691761e-01
4.360029430077404511e-01
4.357607939247668538e-01
4.353225167570362597e-01
4.344429752125675837e-01
4.343192951254447598e-01
4.337343085048280811e-01
4.335764635575785619e-01
4.326715647484635774e-01
4.325165682376043708e-01
4.316583559723107255e-01
4.313448659838092780e-01
4.312833252864991529e-01
4.302152061459855736e-01
4.296791322998719798e-01
4.292400654038634467e-01
4.292040881081007897e-01
4.285209430920744467e-01
4.282040480101834135e-01
4.283149397526735402e-01
4.279023410788059811e-01
4.276163398650034142e-01
4.275233242216530116e-01
4.272954415078923374e-01
4.269296461101282358e-01
4.264672414678518653e-01
4.262524808602218829e-01
4.257324263303792211e-01
4.253308412435287122e-01
4.247470871361557765e-01
4.242691986777853419e-01
4.237833055844919539e-01
4.233855541846311410e-01
4.228954507941387053e-01
4.224014976951692146e-01
4.218101708783255632e-01
4.216570671729746311e-01
4.216522978489467000e-01
4.212497139771323451e-01
4.207642349457589859e-01
4.202676016642537538e-01
4.196492202686620265e-01
4.193403776185472553e-01
4.192940389956300029e-01
4.187011063547338430e-01
4.186125524741158288e-01
4.184462514415181467e-01
4.178720117812809165e-01
4.177833753920050519e-01
4.173064187875382691e-01
4.172303359509083598e-01
4.169442025563608878e-01
4.162069205588953547e-01
4.161370211410796993e-01
4.155769699058994293e-01
4.154507328241640041e-01
4.147883149288293381e-01
4.144510907898137364e-01
4.142481274807997549e-01
4.140323741591511175e-01
4.137757319877408690e-01
4.133909791816608448e-01
4.130665521578489874e-01
4.132485422422988997e-01
4.131805090181741025e-01
4.129542023336804091e-01
4.128340813850989166e-01
4.123919886135233859e-01
4.121599221343990593e-01
4.117420481782065877e-01
4.111599104323815368e-01
4.109635239939729012e-01
4.110216138295313404e-01
4.102566956975603474e-01
4.105064562036808695e-01
4.101533675709022053e-01
4.095628749335625818e-01
4.096140284617236782e-01
4.092627569399426846e-01
4.092020855287876735e-01
4.090251026607160667e-01
4.086190202439538011e-01
4.079984168466330163e-01
4.075405994291032008e-01
4.076982194829507633e-01
4.072699143178517556e-01
4.076275596800076895e-01
4.072467999718948906e-01
4.071463458913038291e-01
4.067390723678075970e-01
4.064762784147872288e-01
4.062000001615866385e-01
4.058776108946203776e-01
4.057523069081803158e-01
4.058743231299752341e-01
4.055119120510427000e-01
4.049396498137500799e-01
4.049377209965334123e-01
4.050471897621662487e-01
4.045241144279876355e-01
4.040995799776792574e-01
4.045987482374703847e-01
4.041108245876676719e-01
4.043867241077184760e-01
4.038692616728895568e-01
4.035745855950027550e-01
4.027170761837759461e-01
4.023791797873268461e-01
4.020182713145579179e-01
4.018611662431303411e-01
4.016981162459834498e-01
4.017812583244587676e-01
4.014033791623488057e-01
4.015994544309260950e-01
4.013382475025542573e-01
4.011568669192578929e-01
4.008617069122770715e-01
4.006799025890570021e-01
4.004369295212285018e-01
4.003504769724317569e-01
4.004217694608035449e-01
4.002684249150371687e-01
3.997628730770960148e-01
3.996123750452422185e-01
3.995251344529244242e-01
3.996163441769073899e-01
3.994148218816137019e-01
3.991904717275640557e-01
3.986524084920520794e-01
3.986185548547088731e-01
3.983278051595269820e-01
3.979170829360209050e-01
3.980808834288376286e-01
3.967755652094278052e-01
3.964653700595268671e-01
3.965550197227195039e-01
3.965743777367144451e-01
3.962650707444605458e-01
3.959372743927527805e-01
3.958052934287084601e-01
3.959087581818191426e-01
3.953941785722370206e-01
3.951728721981407899e-01
3.950789600287754610e-01
3.946425879545236715e-01
3.944758609535817251e-01
3.944834166791319485e-01
