1.491927471470239682e-03
3.000789609838390090e-03
4.475782414410719480e-03
6.052383220370509756e-03
7.510441358044929287e-03
9.137846164698452608e-03
1.079912030514779478e-02
1.229104777661803663e-02
1.396925658396528519e-02
1.542731472163970559e-02
1.698698086070159208e-02
1.859745100045720467e-02
1.998777047053998043e-02
2.159824061029558956e-02
2.312403741556164766e-02
2.475144222221516838e-02
2.619256569299167545e-02
2.763368916376817905e-02
2.929496330421753336e-02
3.095623744466687033e-02
3.266831558580993861e-02
3.422798172487181989e-02
3.571990919634206174e-02
3.736424866989349058e-02
3.921180414621984467e-02
4.085614361977128739e-02
4.234807109124152230e-02
4.394160656409921289e-02
4.551820737005901618e-02
4.692546150703971047e-02
4.831578097712248970e-02
4.994318578377599654e-02
5.140124392145042215e-02
5.297784472741021849e-02
5.445283753198253834e-02
5.587702633586114076e-02
5.750443114251467536e-02
5.923344395055565870e-02
6.070843675512798548e-02
6.238664556247523751e-02
6.379389969945592487e-02
6.525195783713035047e-02
6.686242797688596307e-02
6.847289811664157566e-02
7.013417225709089875e-02
7.165996906235697073e-02
7.352445920558123293e-02
7.499945201015355278e-02
7.664379148370499550e-02
7.830506562415433247e-02
7.984779709631829869e-02
8.130585523399271042e-02
8.273004403787130590e-02
8.440825284521856486e-02
8.600178831807626934e-02
8.749371578954651119e-02
8.912112059620003190e-02
9.076546006975147463e-02
9.232512620881334897e-02
9.376624967958985257e-02
9.539365448624337329e-02
9.683477795701989077e-02
9.837750942918385699e-02
9.986943690065409884e-02
1.015137763742055416e-01
1.032258545153486168e-01
1.048701939889000456e-01
1.062774481258807469e-01
1.076508329290656041e-01
1.092782377357191248e-01
1.108209692078830910e-01
1.124483740145366395e-01
1.141096481549859765e-01
1.157201182947415752e-01
1.172289804331097113e-01
1.187886465721716134e-01
1.202467047098460390e-01
1.216539588468267402e-01
1.233829716548677236e-01
1.250273111284191663e-01
1.266885852688684755e-01
1.283498594093178125e-01
1.300111335497671772e-01
1.317232116909102246e-01
1.333336818306658511e-01
1.347240013007486303e-01
1.361989941053209641e-01
1.378772029126681953e-01
1.395384770531175600e-01
1.411489471928731587e-01
1.429965026691995544e-01
1.448609928124237889e-01
1.465900056204648139e-01
1.481835410933224906e-01
1.498109458999760113e-01
1.514383507066295598e-01
1.528794741774060495e-01
1.546084869854470190e-01
1.564560424617733314e-01
1.581173166022226961e-01
1.595923094067950299e-01
1.612197142134485506e-01
1.627963150194083330e-01
1.646608051626325953e-01
1.663220793030819322e-01
1.678140067745521880e-01
1.693398035798182322e-01
1.709164043857780424e-01
1.724930051917377971e-01
1.740188019970038968e-01
1.755784681360657573e-01
1.772228076096171723e-01
1.787486044148832165e-01
1.801050545511702072e-01
1.815123086881508530e-01
1.831905174954981674e-01
1.849703343042328751e-01
1.866316084446822399e-01
1.881743399168462061e-01
1.897848100566017771e-01
1.912089988604803725e-01
1.925993183305631518e-01
1.943283311386041212e-01
1.958202586100744047e-01
1.972275127470550782e-01
1.986686362178315957e-01
2.002621716906893001e-01
2.017710338290574501e-01
2.032968306343235221e-01
2.047379541051000396e-01
2.063822935786514545e-01
2.080435677191008192e-01
2.098741885285292652e-01
2.115185280020806802e-01
2.133830181453049424e-01
2.148410762829794096e-01
2.162821997537558438e-01
2.178757352266135761e-01
2.197063560360419943e-01
2.213168261757976485e-01
2.229781003162469577e-01
2.245547011222067402e-01
2.260635632605749179e-01
2.275216213982493019e-01
2.293861115414735918e-01
2.310473856819229566e-01
2.327086598223722935e-01
2.343021952952299425e-01
2.358618614342918585e-01
2.375908742423328557e-01
2.389642590455176852e-01
2.404561865169879686e-01
2.420835913236414616e-01
2.437448654640907986e-01
2.454230742714380298e-01
2.467964590746228870e-01
2.483222558798889590e-01
2.499665953534404017e-01
2.513569148235231809e-01
2.530520582977683341e-01
2.545101164354428014e-01
2.562899332441774813e-01
2.577649260487497873e-01
2.593245921878117310e-01
2.609689316613631460e-01
2.626471404687103495e-01
2.645116306119346672e-01
2.661390354185881324e-01
2.677325708914458646e-01
2.692414330298140701e-01
2.708857725033654851e-01
2.724962426431211115e-01
2.742929941187537413e-01
2.760558762605905270e-01
2.774800650644690947e-01
2.790227965366330332e-01
2.805147240081033444e-01
2.823284101506338684e-01
2.841929002938581306e-01
2.858541744343074953e-01
2.872614285712881688e-01
2.887533560427583690e-01
2.901098061790453042e-01
2.916525376512092982e-01
2.933138117916587184e-01
2.951444326010871921e-01
2.967887720746386071e-01
2.983484382137004953e-01
2.999927776872518548e-01
3.018742024973740112e-01
3.035693459716192755e-01
3.053322281134560612e-01
3.069596329201095819e-01
3.085701030598652084e-01
3.100958998651312526e-01
3.117233046717847733e-01
3.134353828129278208e-01
3.148765062837042827e-01
3.164700417565620150e-01
3.178942305604406382e-01
3.196063087015836301e-01
3.210304975054623089e-01
3.225732289776262474e-01
3.239635484477090821e-01
3.256417572550563411e-01
3.273030313955057058e-01
3.288288282007716390e-01
3.302868863384461617e-01
3.318804218113038385e-01
3.337449119545281007e-01
3.355077940963648864e-01
3.369489175671414039e-01
3.383223023703262333e-01
3.399666418438777038e-01
3.414416346484500653e-01
3.430521047882056918e-01
3.447641829293489057e-01
3.462391757339211007e-01
3.480867312102474687e-01
3.497310706837989391e-01
3.512399328221670891e-01
3.526471869591477626e-01
3.543253957664950771e-01
3.559697352400463810e-01
3.577664867156790662e-01
3.594277608561285420e-01
3.612753163324547989e-01
3.629873944735979019e-01
3.643946486105786309e-01
3.660051187503342573e-01
3.676155888900899393e-01
3.691244510284580893e-01
3.706333131668261838e-01
3.722776526403775987e-01
3.741252081167039667e-01
3.755155275867867459e-01
3.769397163906652581e-01
3.785671211973187233e-01
3.801606566701765111e-01
3.818388654775237145e-01
3.833477276158918645e-01
3.849920670894433905e-01
3.865009292278115405e-01
3.880944647006692172e-01
3.899589548438934794e-01
3.913492743139762586e-01
3.930105484544255678e-01
3.945363452596915010e-01
3.960790767318553840e-01
3.979435668750798127e-01
3.997572530176104477e-01
4.013846578242639684e-01
4.031644746329987039e-01
4.048596181072438016e-01
4.066394349159784261e-01
4.083515130571214180e-01
4.099619831968771000e-01
4.116063226704285705e-01
4.130135768074092439e-01
4.148780669506335061e-01
4.165732104248787149e-01
4.183699619005111781e-01
4.199804320402668600e-01
4.216247715138183305e-01
4.231505683190844302e-01
4.246594304574526357e-01
4.262190965965144129e-01
4.275924813996994645e-01
4.290505395373739317e-01
4.306948790109251801e-01
4.323561531513745448e-01
4.340343619587217483e-01
4.355940280977838031e-01
4.370182169016623708e-01
4.385778830407242590e-01
4.401544838466840970e-01
4.415109339829710322e-01
4.429859267875433937e-01
4.447149395955842799e-01
4.465116910712168541e-01
4.483423118806453278e-01
4.500205206879925868e-01
4.518003374967273222e-01
4.532753303012995727e-01
4.549704737755447814e-01
4.566825519166877734e-01
4.582422180557496616e-01
4.597849495279134890e-01
4.614462236683627983e-01
4.633276484784850102e-01
4.647857066161594775e-01
4.664300460897109479e-01
4.677864962259979387e-01
4.692276196967743451e-01
4.707703511689383946e-01
4.725671026445710243e-01
4.740420954491433303e-01
4.759065855923675925e-01
4.776525330673064840e-01
4.794492845429391137e-01
4.809073426806136364e-01
4.825347474872671016e-01
4.841452176270227836e-01
4.857895571005741431e-01
4.873492232396360868e-01
4.889766280462894410e-01
4.907056408543306047e-01
4.923161109940862312e-01
4.939943198014334347e-01
4.955539859404954894e-01
4.972152600809447431e-01
4.990797502241687833e-01
5.009103710335973680e-01
5.025547105071488385e-01
5.044192006503731562e-01
5.057756507866599804e-01
5.071998395905387147e-01
5.085901590606215494e-01
5.103530412024582796e-01
5.121497926780909093e-01
5.136755894833570091e-01
5.151675169548272093e-01
5.167441177607868807e-01
5.181683065646656150e-01
5.197957113713190802e-01
5.214569855117684449e-01
5.233045409880947574e-01
5.250335537961356991e-01
5.267625666041767518e-01
5.281359514073616923e-01
5.297802908809130518e-01
5.313907610206687337e-01
5.330520351611180985e-01
5.345608972994861929e-01
5.360020207702627104e-01
5.375108829086308049e-01
5.392568303835696408e-01
5.408334311895294233e-01
5.423761626616933063e-01
5.442406528049176240e-01
5.455801682743067760e-01
5.471906384140623469e-01
5.488180432207158121e-01
5.503946440266755946e-01
5.519881794995333824e-01
5.534970416379015878e-01
5.552429891128405348e-01
5.568534592525961058e-01
5.583792560578620945e-01
5.599389221969240937e-01
5.616510003380671412e-01
5.634308171468019877e-01
5.649058099513742937e-01
5.663469334221507001e-01
5.677203182253356406e-01
5.691445070292144859e-01
5.707380425020720516e-01
5.721452966390527806e-01
5.737388321119105683e-01
5.753831715854619278e-01
5.770444457259111815e-01
5.788581318684417054e-01
5.807056873447681289e-01
5.821129414817488579e-01
5.837742156221981116e-01
5.855879017647287466e-01
5.872491759051780003e-01
5.890967313815046458e-01
5.907410708550558942e-01
5.924700836630970580e-01
5.939450764676692529e-01
5.955216772736291464e-01
5.969966700782014524e-01
5.986748788855487113e-01
6.003530876928959703e-01
6.019127538319579696e-01
6.033708119696322703e-01
6.050151514431837407e-01
6.068627069195100532e-01
6.086594583951426829e-01
6.101005818659193114e-01
6.119820066760415234e-01
6.133553914792263528e-01
6.147457109493091876e-01
6.165593970918397115e-01
6.181868018984929547e-01
6.199666187072276902e-01
6.213569381773104139e-01
6.227811269811890371e-01
6.242730544526593484e-01
6.258327205917213476e-01
6.273923867307831248e-01
6.292568768740074425e-01
6.308165430130693307e-01
6.323931438190291132e-01
6.341729606277638487e-01
6.358173001013152081e-01
6.374785742417645729e-01
6.391567830491118318e-01
6.410382078592340438e-01
6.428010900010707740e-01
6.445301028091118267e-01
6.460220302805820269e-01
6.478526510900104451e-01
6.494800558966640214e-01
6.512260033716028573e-01
6.530058201803375928e-01
6.546501596538889522e-01
6.563791724619297829e-01
6.582436626051541007e-01
6.599726754131949313e-01
6.617863615557254553e-01
6.635492436975624075e-01
6.649564978345430255e-01
6.662960133039320665e-01
6.678726141098918490e-01
6.693645415813621602e-01
6.709242077204239374e-01
6.724330698587921429e-01
6.740774093323433913e-01
6.757048141389968565e-01
6.773999576132421208e-01
6.792136437557725337e-01
6.807055712272427339e-01
6.822313680325089447e-01
6.838587728391625209e-01
6.852998963099390384e-01
6.871643864531633561e-01
6.885716405901440851e-01
6.899788947271245920e-01
6.915046915323906918e-01
6.931151616721463737e-01
6.948103051463915270e-01
6.961667552826785732e-01
6.977264214217403504e-01
6.993368915614960324e-01
7.010828390364347573e-01
7.027441131768841220e-01
7.045747339863125402e-01
7.062529427936600213e-01
7.081174329368841169e-01
7.098125764111293812e-01
7.113722425501912694e-01
7.129827126899469514e-01
7.146270521634984219e-01
7.162375223032539928e-01
7.181020124464784216e-01
7.195431359172547170e-01
7.210689327225208167e-01
7.225777948608890222e-01
7.242729383351342864e-01
7.260696898107669162e-01
7.279511146208892391e-01
7.296123887613384928e-01
7.312397935679919581e-01
7.325962437042790043e-01
7.344099298468094172e-01
7.357833146499942467e-01
7.374276541235457172e-01
7.392752095998720296e-01
7.410211570748109766e-01
7.424792152124852773e-01
7.439372733501598001e-01
7.453783968209364286e-01
7.470735402951815818e-01
7.487348144356309465e-01
7.503960885760803112e-01
7.520065587158359932e-01
7.533799435190208227e-01
7.551936296615513466e-01
7.567871651344089123e-01
7.583129619396750121e-01
7.597371507435536353e-01
7.615847062198799478e-01
7.634153270293083660e-01
7.652798171725326837e-01
7.669072219791862599e-01
7.687039734548188896e-01
7.703483129283701381e-01
7.720434564026154023e-01
7.737047305430647670e-01
7.753829393504119150e-01
7.772135601598404442e-01
7.785530756292294852e-01
7.801635457689850561e-01
7.815707999059660072e-01
7.830965967112319959e-01
7.848594788530688371e-01
7.866392956618035726e-01
7.882836351353548210e-01
7.897247586061314495e-01
7.912166860776016497e-01
7.928102215504593264e-01
7.945561690253981624e-01
7.962005084989497439e-01
7.977940439718073096e-01
7.996246647812357278e-01
8.014383509237663628e-01
8.032859064000927862e-01
8.051165272095210934e-01
8.067778013499704581e-01
8.084221408235219286e-01
8.099648722956858116e-01
8.118462971058081346e-01
8.135075712462573883e-01
8.153889960563796002e-01
8.170672048637266371e-01
8.185760670020949537e-01
8.202034718087484189e-01
8.215768566119332483e-01
8.233905427544637723e-01
8.249332742266278773e-01
8.263913323643021780e-01
8.278324558350784734e-01
8.294767953086299439e-01
8.308671147787126676e-01
8.325453235860599266e-01
8.342912710609988736e-01
8.360880225366315033e-01
8.374783420067143380e-01
8.392581588154490735e-01
8.410379756241835869e-01
8.427669884322247507e-01
8.445468052409594861e-01
8.461911447145108456e-01
8.477508108535727338e-01
8.495475623292053635e-01
8.514120524724297923e-01
8.528193066094104102e-01
8.543451034146763989e-01
8.557354228847591227e-01
8.572950890238212329e-01
8.588886244966787986e-01
8.602958786336594166e-01
8.617539367713339393e-01
8.635506882469663470e-01
8.651611583867221400e-01
8.668054978602734995e-01
8.685514453352124464e-01
8.703990008115387589e-01
8.719756016174986524e-01
8.736538104248459113e-01
8.754674965673763243e-01
8.772642480430089540e-01
8.791287381862333827e-01
8.807730776597848532e-01
8.822480704643570482e-01
8.839601486055002066e-01
8.856214227459495714e-01
8.871472195512154491e-01
8.888931670261545070e-01
8.904697678321144005e-01
8.920294339711761777e-01
8.934197534412590125e-01
8.947931382444438420e-01
8.963358697166078359e-01
8.980987518584445661e-01
8.997769606657918251e-01
9.011164761351809771e-01
9.024559916045701291e-01
9.040833964112237053e-01
9.056769318840812710e-01
9.073212713576328525e-01
9.086607868270220045e-01
9.101357796315944215e-01
9.120002697748185172e-01
9.136276745814720934e-01
9.151026673860443994e-01
9.167978108602892195e-01
9.185098890014323780e-01
9.203235751439630130e-01
9.221203266195956427e-01
9.239001434283304892e-01
9.254936789011881659e-01
9.271888223754332081e-01
9.290702471855555311e-01
9.305113706563320486e-01
9.323250567988625725e-01
9.341218082744953133e-01
9.357830824149446780e-01
9.372750098864147672e-01
9.388177413585788722e-01
9.402419301624574954e-01
9.418354656353149501e-01
9.433104584398871451e-01
9.450225365810304146e-01
9.468531573904588328e-01
9.486499088660914625e-01
9.503789216741325152e-01
9.520401958145818799e-01
9.535321232860518581e-01
9.550409854244200636e-01
9.564313048945030094e-01
9.580417750342585803e-01
9.597030491747077230e-01
9.613135193144635160e-01
9.631780094576877227e-01
9.650086302671160299e-01
9.666529697406677224e-01
9.681787665459338221e-01
9.699416486877706634e-01
9.716706614958114940e-01
9.735012823052401343e-01
9.751117524449955942e-01
9.766375492502619160e-01
9.779939993865487402e-01
9.796214041932023164e-01
9.815028290033246394e-01
9.831641031437738931e-01
9.848423119511211521e-01
9.866559980936516761e-01
9.880293828968365055e-01
9.896737223703880870e-01
9.910132378397772390e-01
9.926575773133285985e-01
9.942680474530842805e-01
9.958785175928394073e-01
9.976075304008805711e-01
9.993534778758192960e-01
1.001014752016268883e+00
1.002794568825003507e+00
1.004252626962677919e+00
1.005710685100352331e+00
1.007558240576678532e+00
1.009405796053005178e+00
1.011084004860352215e+00
1.012711409667005791e+00
1.014474291808842299e+00
1.016321847285168944e+00
1.017712166755251779e+00
1.019593591565373991e+00
1.021085519036844191e+00
1.022492773173824920e+00
1.023933896644601660e+00
1.025764517454029745e+00
1.027527399595866697e+00
1.029205608403213734e+00
1.030900751877458887e+00
1.032308006014439616e+00
1.033833802819705827e+00
1.035410403625665499e+00
1.037037808432319075e+00
1.038783755907258133e+00
1.040614376716686662e+00
1.041987761519871381e+00
1.043767578328606227e+00
1.045344179134565898e+00
1.046920779940525792e+00
1.048683662082362522e+00
1.050107850886241145e+00
1.051650582358405250e+00
1.053142509829875451e+00
1.054786849303426699e+00
1.056651339446651017e+00
1.058515829589875334e+00
1.060160169063427027e+00
1.061973855205957440e+00
1.063347240009142602e+00
1.065093187484081216e+00
1.066906873626611851e+00
1.068449605098775734e+00
1.070026205904735850e+00
1.071670545378287098e+00
1.073213276850451203e+00
1.074654400321227499e+00
1.076535825131349711e+00
1.078400315274574250e+00
1.080281740084696240e+00
1.082095426227226653e+00
1.083502680364207604e+00
1.085299431839840345e+00
1.086757489977514535e+00
1.088384894784168111e+00
1.089944560923229888e+00
1.091588900396781581e+00
1.093250174537230945e+00
1.094945318011476099e+00
1.096555788151231781e+00
1.098233996958579040e+00
1.099810597764538711e+00
1.101336394569804922e+00
1.102845256708173016e+00
1.104472661514826592e+00
1.105829111651113639e+00
1.107659732460541946e+00
1.108999247929931098e+00
1.110389567400013933e+00
1.111830690870790672e+00
1.113593573012627402e+00
1.115187108485484968e+00
1.117000794628015603e+00
1.118645134101566851e+00
1.120289473575118322e+00
1.121967682382465359e+00
1.123696695190506523e+00
1.125273295996466194e+00
1.126832962135527971e+00
1.128595844277365146e+00
1.130460334420589019e+00
1.132070804560344479e+00
1.133782882701487749e+00
1.135427222175038997e+00
1.137088496315488140e+00
1.138597358453856456e+00
1.140055416591530868e+00
1.141835233400265492e+00
1.143479572873816741e+00
1.145225520348755799e+00
1.146937598489899068e+00
1.148531133962756412e+00
1.150310950771491036e+00
1.151667400907778083e+00
1.153498021717206390e+00
1.155142361190757416e+00
1.156956047333288051e+00
1.158617321473737638e+00
1.160498746283859628e+00
1.162312432426390263e+00
1.164143053235818792e+00
1.165838196710063723e+00
1.167482536183615194e+00
1.169008332988881627e+00
1.170415587125862356e+00
1.172178469267698864e+00
1.173636527405373498e+00
1.175026846875456110e+00
1.176518774346926088e+00
1.178281656488762819e+00
1.180129211965089464e+00
1.181570335435865982e+00
1.183316282910805040e+00
1.184926753050560722e+00
1.186689635192397230e+00
1.188333974665948700e+00
1.190198464809173240e+00
1.191588784279255631e+00
1.192996038416236582e+00
1.194335553885625734e+00
1.195793612023299923e+00
1.197302474161667796e+00
1.199150029637994441e+00
1.201031454448116431e+00
1.202370969917505583e+00
1.203998374724159381e+00
1.205558040863220937e+00
1.207405596339547138e+00
1.209134609147588080e+00
1.210778948621139328e+00
1.212524896096078386e+00
1.214423255573098492e+00
1.216203072381833117e+00
1.217796607854690683e+00
1.219627228664118768e+00
1.221356241472159931e+00
1.223017515612609740e+00
1.224644920419263094e+00
1.226221521225222988e+00
1.227679579362897400e+00
1.229527134839223823e+00
1.231086800978285378e+00
1.232900487120816013e+00
1.234646434595754849e+00
1.236460120738285484e+00
1.238104460211836955e+00
1.239799603686081886e+00
1.241460877826531251e+00
1.243308433302857674e+00
1.244664883439144942e+00
1.246292288245798074e+00
1.248156778389022614e+00
1.249733379194982508e+00
1.251479326669921122e+00
1.253259143478655524e+00
1.254801874950820073e+00
1.256598626426452592e+00
1.258209096566208052e+00
1.259751828038372157e+00
1.261226820842944241e+00
1.262617140313027075e+00
1.264430826455557488e+00
1.266007427261517160e+00
1.267380812064702100e+00
1.269042086205151243e+00
1.270821903013885867e+00
1.272466242487437338e+00
1.273958169958907094e+00
1.275788790768335845e+00
1.277433130241887538e+00
1.279145208383030585e+00
1.280992763859357009e+00
1.282552429998418786e+00
1.284129030804378679e+00
1.285807239611726160e+00
1.287688664421848150e+00
1.289095918558828879e+00
1.290435434028217809e+00
1.292198316170054539e+00
1.293690243641525184e+00
1.295419256449566126e+00
1.297063595923117374e+00
1.298691000729770728e+00
1.300369209537118209e+00
1.301996614343771785e+00
1.303624019150424918e+00
1.305454639959853225e+00
1.307234456768588071e+00
1.309098946911812611e+00
1.310607809050180705e+00
1.312336821858221869e+00
1.314133573333854610e+00
1.315777912807405636e+00
1.317574664283038377e+00
1.319066591754508799e+00
1.320423041890795623e+00
1.322253662700223931e+00
1.323965740841367200e+00
1.325830230984591296e+00
1.327593113126428026e+00
1.329423733935856333e+00
1.331051138742510132e+00
1.332661608882265369e+00
1.334187405687531136e+00
1.335950287829368310e+00
1.337442215300838733e+00
1.338900273438512922e+00
1.340595416912758520e+00
1.342324429720799461e+00
1.344002638528146498e+00
1.345630043334799852e+00
1.347359056142840794e+00
1.349257415619860900e+00
1.350867885759616804e+00
1.352444486565576698e+00
1.353767067368067734e+00
1.355123517504354558e+00
1.356852530312395722e+00
1.358683151121823807e+00
1.360327490595375055e+00
1.361751679399253678e+00
1.363243606870724101e+00
1.364684730341500618e+00
1.366176657812971040e+00
1.367973409288603559e+00
1.369854834098725993e+00
1.371312892236400405e+00
1.372940297043053981e+00
1.374601571183502680e+00
1.376245910657054372e+00
1.377907184797503071e+00
1.379737805606931822e+00
1.381432949081176975e+00
1.383145027222320245e+00
1.384789366695871937e+00
1.386196620832852222e+00
1.387976437641586847e+00
1.389739319783423355e+00
1.391180443254200316e+00
1.392960260062934941e+00
1.394621534203384083e+00
1.396452155012812835e+00
1.397910213150487024e+00
1.399452944622650907e+00
1.400927937427222991e+00
1.402707754235958060e+00
1.404521440378488695e+00
1.406216583852733848e+00
1.408030269995264483e+00
1.409623805468122049e+00
1.411522164945142377e+00
1.413352785754570462e+00
1.415234210564692452e+00
1.416895484705141817e+00
1.418472085511101932e+00
1.419862404981184767e+00
1.421269659118165274e+00
1.422829325257227495e+00
1.424355122062493484e+00
1.425982526869146616e+00
1.427423650339923134e+00
1.428915577811393778e+00
1.430797002621515768e+00
1.432661492764740085e+00
1.434288897571393218e+00
1.435984041045638371e+00
1.437611445852291947e+00
1.439391262661026571e+00
1.441137210135965407e+00
1.442967830945393715e+00
1.444781517087924572e+00
1.446578268563557090e+00
1.447934718699844137e+00
1.449765339509272888e+00
1.451595960318700973e+00
1.453155626457762750e+00
1.454766096597518210e+00
1.456596717406946739e+00
1.458190252879804083e+00
1.459868461687151564e+00
1.461682147829682421e+00
1.463292617969438325e+00
1.465174042779560315e+00
1.466936924921396823e+00
1.468784480397723469e+00
1.470462689205070284e+00
1.472191702013111225e+00
1.473971518821845850e+00
1.475327968958132896e+00
1.476786027095807308e+00
1.478244085233481497e+00
1.479820686039441613e+00
1.481312613510911591e+00
1.482804540982381791e+00
1.484398076455239801e+00
1.486076285262587060e+00
1.487856102071322129e+00
1.489686722880750436e+00
1.491060107683935154e+00
1.492772185825078646e+00
1.494416525298630338e+00
1.496314884775649778e+00
1.498077766917486287e+00
1.499840649059323461e+00
1.501654335201853874e+00
1.503298674675405122e+00
1.504909144815160360e+00
1.506502680288018148e+00
1.508096215760876158e+00
1.509655881899937713e+00
1.511503437376264358e+00
1.513080038182224030e+00
1.514453422985408970e+00
1.515826807788593911e+00
1.517301800593166439e+00
1.518810662731534533e+00
1.520150178200923463e+00
1.521472759003414721e+00
1.523269510479047684e+00
1.525049327287782308e+00
1.526761405428924911e+00
1.528371875568681260e+00
1.530083953709823863e+00
1.531796031850967132e+00
1.533440371324518381e+00
1.535152449465661428e+00
1.536729050271621322e+00
1.538271781743785205e+00
1.540119337220111850e+00
1.541458852689500780e+00
1.543374146833419003e+00
1.545255571643541215e+00
1.547153931120561543e+00
1.548798270594112569e+00
1.550662760737337109e+00
1.552391773545377829e+00
1.554086917019622760e+00
1.555765125826970241e+00
1.557595746636398770e+00
1.559409432778929405e+00
1.561172314920765913e+00
1.563002935730193999e+00
1.564613405869949903e+00
1.566156137342114008e+00
1.567766607481869467e+00
1.569275469620237784e+00
1.570818201092401667e+00
1.572699625902524101e+00
1.574225422707789868e+00
1.575700415512362174e+00
1.577107669649343125e+00
1.578650401121507230e+00
1.580260871261262690e+00
1.582057622736895652e+00
1.583769700878038700e+00
1.585261628349508678e+00
1.587075314492039535e+00
1.588973673969059419e+00
1.590618013442611112e+00
1.592076071580285745e+00
1.593703476386939100e+00
1.595330881193592232e+00
1.597246175337510676e+00
1.599059861480041533e+00
1.600704200953592782e+00
1.602551756429918983e+00
1.604450115906939311e+00
1.606331540717061745e+00
1.608196030860285619e+00
1.610077455670407609e+00
1.611823403145346445e+00
1.613637089287876858e+00
1.615518514097999736e+00
1.617061245570163619e+00
1.618671715709918857e+00
1.620214447182082962e+00
1.621757178654246845e+00
1.623367648794002305e+00
1.624757968264085584e+00
1.626436177071432398e+00
1.627945039209800493e+00
1.629538574682658281e+00
0.000000000000000000e+00
