4.090534646577692612e-02
4.068819738044082701e-02
4.047747186192892505e-02
4.027015282112511585e-02
4.006651071991132462e-02
3.987148665930315139e-02
3.967720622506160782e-02
3.948413700679011956e-02
3.929341521822249383e-02
3.910547741450873249e-02
3.891829307426711987e-02
3.873636426411086742e-02
3.855835493671214143e-02
3.838113593314339961e-02
3.820545955083277934e-02
3.803133923678253536e-02
3.785920983169380888e-02
3.768856551156466589e-02
3.752258111407849595e-02
3.735781235487243418e-02
3.719486288494899817e-02
3.703287842176239408e-02
3.687099788472218698e-02
3.670972318017854535e-02
3.655164225236725434e-02
3.639453037814412845e-02
3.623951027421122573e-02
3.608459776532547958e-02
3.593074958830712318e-02
3.577703375752121218e-02
3.562428413168432229e-02
3.547184963521792661e-02
3.532022646980009090e-02
3.516915728578145356e-02
3.501875028864756545e-02
3.487111417302880129e-02
3.472412841826166829e-02
3.457813795034996723e-02
3.443529940618689222e-02
3.429408042414790192e-02
3.415453197690364318e-02
3.401500444169507087e-02
3.387585419804861608e-02
3.373772999866768429e-02
3.359975599072724528e-02
3.346193602723408766e-02
3.332544677623498763e-02
3.318957742631151869e-02
3.305503688584107702e-02
3.292110575483722656e-02
3.278994443267880393e-02
3.265899993121752082e-02
3.252815143548489635e-02
3.239752132180485911e-02
3.226853410197602634e-02
3.214073203434818921e-02
3.201381046016487514e-02
3.188796362963389197e-02
3.176215599105745857e-02
3.163649601274939188e-02
3.151117706459236750e-02
3.138624602487286031e-02
3.126294105797627898e-02
3.113956475875413743e-02
3.101646696896297878e-02
3.089431153227466600e-02
3.077233835740263851e-02
3.065108801568570268e-02
3.053187728114314936e-02
3.041396779822005958e-02
3.029653981919081321e-02
3.017951182352314465e-02
3.006247140422369998e-02
2.994685666465316670e-02
2.983148672754010883e-02
2.971635173019619366e-02
2.960180102851797321e-02
2.948858022330369186e-02
2.937684276884769755e-02
2.926533317711845633e-02
2.915446440374237086e-02
2.904441911597256676e-02
2.893516288308868589e-02
2.882592229654597216e-02
2.871707492905297560e-02
2.860833228388368066e-02
2.850036806328160033e-02
2.839304415232265719e-02
2.828411284027842684e-02
2.817746175596985009e-02
2.807099340586261330e-02
2.796501152828700931e-02
2.785959996829108151e-02
2.775421024730254441e-02
2.764955162695504828e-02
2.754513523769681546e-02
2.744085822558315832e-02
2.733729145199200253e-02
2.723393909923823089e-02
2.713075713320473731e-02
2.702822656548698257e-02
2.692594821238845915e-02
2.682336927831628637e-02
2.672141293350036376e-02
2.661980600385466245e-02
2.651820464878187553e-02
2.641733419538931649e-02
2.631680427065956340e-02
2.621676279744257834e-02
2.611699183283891154e-02
2.601729572403843269e-02
2.591770480705958557e-02
2.581872156110178937e-02
2.572105242569186143e-02
2.562340675534684545e-02
2.552634509509546512e-02
2.542937809423083742e-02
2.533252459388268471e-02
2.523605153094400644e-02
2.513991752381217540e-02
2.504412735550631472e-02
2.494669926857518219e-02
2.485110748140614487e-02
2.475581088945007224e-02
2.466060947361137581e-02
2.456589290146112339e-02
2.447135149963284434e-02
2.437744032314241582e-02
2.428405624127217069e-02
2.419075052230267031e-02
2.409844764444138421e-02
2.400624531051427646e-02
2.391452028991959342e-02
2.382313242050331653e-02
2.373234473676888792e-02
2.364158777366420078e-02
2.355096542316722358e-02
2.346061853052391552e-02
2.337090539662348490e-02
2.328286714157678378e-02
2.319505343791156138e-02
2.310737202347856734e-02
2.301937651553754433e-02
2.293227689452931664e-02
2.284539746830117207e-02
2.275910511983735354e-02
2.267324123405866851e-02
2.258738810090050661e-02
2.250175634297145108e-02
2.241619785567832562e-02
2.233074320623156667e-02
2.224456718535859634e-02
2.215938676847761801e-02
2.207443052684718993e-02
2.198956236062250130e-02
2.190503803974395980e-02
2.182052953264899259e-02
2.173596793179517761e-02
2.165152131760885931e-02
2.156726458034431346e-02
2.148316404873170868e-02
2.139942005994524207e-02
2.131579076217230903e-02
2.123277404387201306e-02
2.115002130870270378e-02
2.106727568419319158e-02
2.098563731878888908e-02
2.090548181436020433e-02
2.082557600634030864e-02
2.074651547584120334e-02
2.066763307140992087e-02
2.058876885557110736e-02
2.051020353848278382e-02
2.042997823496498985e-02
2.035171440830400164e-02
2.027347759099642696e-02
2.019602548252887042e-02
2.011857472659006260e-02
2.004152589586590677e-02
1.996469580784834830e-02
1.988788118991562104e-02
1.981089135820987557e-02
1.973424196775589584e-02
1.965777077236198142e-02
1.958151486792939974e-02
1.950528067811614641e-02
1.942907176362834026e-02
1.935342926446136438e-02
1.927785789845215883e-02
1.920241318281939655e-02
1.912781172879629912e-02
1.905264798025061573e-02
1.897819471329454180e-02
1.890155400307386505e-02
1.882710513104693742e-02
1.875277193076268015e-02
1.867868729750741391e-02
1.860502818193559074e-02
1.853182264583680405e-02
1.845900595710561060e-02
1.838648836736969661e-02
1.831412524222192709e-02
1.824191705266810931e-02
1.817022469506721430e-02
1.809868173241508532e-02
1.802727317502835283e-02
1.795633119936735494e-02
1.788557111095474481e-02
1.781482573963961286e-02
1.774410650774800938e-02
1.767340450667485505e-02
1.760310340285040076e-02
1.753303155704672919e-02
1.746317223002047392e-02
1.739362109814122925e-02
1.732460126976378273e-02
1.725560885912090850e-02
1.718665510365068733e-02
1.711790362612133215e-02
1.704883441579374895e-02
1.698092564384660538e-02
1.691314432757549599e-02
1.684538907906569724e-02
1.677427217917670105e-02
1.670658468432479823e-02
1.663909087802359008e-02
1.657189787281737950e-02
1.650474667724740815e-02
1.643852395859250054e-02
1.637271054279355875e-02
1.630700371341631955e-02
1.624151784421314776e-02
1.617651182071702318e-02
1.611180757534953420e-02
1.604716152170145710e-02
1.598294281946156456e-02
1.591507946244902216e-02
1.585090016543623526e-02
1.578685911798946573e-02
1.572265166545449774e-02
1.565876968096739652e-02
1.559554479283985565e-02
1.553237861502479271e-02
1.546968291224157591e-02
1.540746764081648082e-02
1.534535357253566552e-02
1.528330591281474964e-02
1.522137075577731889e-02
1.515946232730573835e-02
1.509823795500689000e-02
1.503681245647388483e-02
1.497560083993515131e-02
1.491441051117005714e-02
1.485388422234526842e-02
1.479339606674786277e-02
1.473295670151477527e-02
1.467263322571815860e-02
1.461231928865463353e-02
1.455244209286488989e-02
1.449284544480119487e-02
1.443345777355981366e-02
1.437327030621084363e-02
1.431430127019052249e-02
1.425453192803471068e-02
1.419567357995862866e-02
1.413683651676393531e-02
1.407862268219531483e-02
1.402057932207944300e-02
1.396259918997877145e-02
1.390463629849713473e-02
1.384674098301116353e-02
1.378894413057012158e-02
1.373180675011372205e-02
1.367449096305738826e-02
1.361731807710485007e-02
1.356041386524142398e-02
1.350371004602025221e-02
1.344699839778920603e-02
1.339172102985742435e-02
1.333663786709762822e-02
1.328076324572734050e-02
1.322571406387802566e-02
1.317077579734002996e-02
1.311585201752561193e-02
1.306124249554987439e-02
1.300670607474937145e-02
1.295231372035643078e-02
1.289794473369240344e-02
1.284363876879897684e-02
1.278927026614381547e-02
1.273519212459699179e-02
1.268110989775533132e-02
1.262716303313900744e-02
1.257345119266117112e-02
1.251985324446661108e-02
1.246649799542792238e-02
1.241318031669792592e-02
1.235986902102106239e-02
1.230687886408394355e-02
1.225399050068784121e-02
1.220123633538337631e-02
1.214876879761988410e-02
1.209537255759079652e-02
1.204293937480100871e-02
1.199057490506033261e-02
1.193835095125058560e-02
1.188620173976317508e-02
1.183400818929611527e-02
1.178300788536346122e-02
1.173204005404861541e-02
1.168134626019237850e-02
1.163065638651220729e-02
1.158017629094710774e-02
1.152981149571264199e-02
1.148026394048128236e-02
1.143088006674769681e-02
1.138153897766125064e-02
1.133253983456644111e-02
1.128365448905367316e-02
1.123488609878016929e-02
1.118628549585215862e-02
1.113783240632395220e-02
1.108969911661083704e-02
1.104147614171235338e-02
1.099335825863509246e-02
1.094532860255888543e-02
1.089735891410551806e-02
1.084978632225336477e-02
1.080242446363103258e-02
1.075525917260386835e-02
1.070823255122002431e-02
1.066129224175886916e-02
1.061455266336800568e-02
1.056788000716821392e-02
1.052169885068991381e-02
1.047332571471651722e-02
1.042730492218787997e-02
1.038149419263418444e-02
1.033535204177670440e-02
1.028964350950966819e-02
1.024399213638580754e-02
1.019923588959201731e-02
1.015466309067021740e-02
1.011011304908548090e-02
1.006580381748792968e-02
1.002030759033811953e-02
9.976126150289281111e-03
9.931966431223663086e-03
9.888073580599846674e-03
9.844321289451681001e-03
9.800630643489852828e-03
9.756965308527980330e-03
9.713663981890304291e-03
9.670839224266401107e-03
9.628128488506283722e-03
9.585114262961743140e-03
9.542389551278762302e-03
9.499815265291608121e-03
9.457372589078230987e-03
9.415019973819724677e-03
9.372947053288132116e-03
9.330971632913208358e-03
9.289258814750100610e-03
9.247557085171607613e-03
9.206089499923023750e-03
9.164630217801436607e-03
9.123208874189124573e-03
9.082490138069042665e-03
9.041686552615269684e-03
9.001148192782106733e-03
8.961005177029430363e-03
8.920960012921357041e-03
8.880709430679999128e-03
8.840695899031424804e-03
8.800687303217907126e-03
8.760909499116405208e-03
8.721433802830450346e-03
8.681984332464993265e-03
8.642169335471046668e-03
8.602874969667700239e-03
8.563602174821724825e-03
8.524710697208821505e-03
8.485939054130304041e-03
8.447210850372146099e-03
8.408599853880600883e-03
8.370178681385453956e-03
8.331849634247599432e-03
8.293691471902581852e-03
8.254792534550870961e-03
8.216977909903770694e-03
8.179379036156453342e-03
8.141467310868901255e-03
8.104004850465112986e-03
8.067054773253404601e-03
8.030161917916724471e-03
7.993401724756852428e-03
7.956714224364707516e-03
7.919585831349952240e-03
7.883062314059609624e-03
7.846691253871388577e-03
7.810413660317911885e-03
7.773671077107212335e-03
7.737458175953903367e-03
7.702086356780536019e-03
7.666807274394512629e-03
7.631509354855450442e-03
7.596740024534668831e-03
7.562478686450393138e-03
7.528257797725940864e-03
7.494176021675144281e-03
7.460142476297479223e-03
7.426203478780568287e-03
7.391899682400277297e-03
7.358047008574408916e-03
7.324072116821190789e-03
7.290220613761548563e-03
7.256806938116162203e-03
7.223521209319666743e-03
7.189788439660300262e-03
7.156551455921887628e-03
7.123487575874165589e-03
7.090511494733970667e-03
7.057769762503652428e-03
7.025023395428739263e-03
6.992279864649360473e-03
6.959774462120300528e-03
6.927403115316792086e-03
6.895151546093834620e-03
6.863089450038347035e-03
6.831042957938226849e-03
6.798883911644976880e-03
6.767099938077438155e-03
6.735560095165711927e-03
6.704086670716573153e-03
6.672642250100711304e-03
6.641295399040286242e-03
6.610088299712902141e-03
6.578914787148416703e-03
6.547044768078756106e-03
6.514949707363102901e-03
6.483355132700112725e-03
6.452372045053273233e-03
6.421396435394873155e-03
6.390446232733708321e-03
6.359700922658353614e-03
6.329068497471722864e-03
6.298496856101126404e-03
6.267975808731339124e-03
6.237554981774149146e-03
6.207309494315161984e-03
6.177118256622964737e-03
6.146942527565761767e-03
6.116789449845165538e-03
6.086707449685114894e-03
6.056766145604659292e-03
6.027032400872397652e-03
5.997346905418733665e-03
5.967964508962562281e-03
5.938773648111356739e-03
5.909587199094799674e-03
5.880420892012474220e-03
5.851733308601943934e-03
5.823034360300312524e-03
5.794452539778579755e-03
5.765928354805278065e-03
5.737460848882948092e-03
5.708897484802877634e-03
5.680572778625286694e-03
5.652596103336514008e-03
5.624991084682961356e-03
5.597488376426018250e-03
5.570000331845370058e-03
5.542545448296952795e-03
5.515129574940894931e-03
5.487931802625690449e-03
5.460848980719389296e-03
5.433999983161632089e-03
5.407131363327585816e-03
5.380758332432028328e-03
5.354541947000262918e-03
5.328707279746670508e-03
5.302966415693507497e-03
5.277344572167377498e-03
5.251807864436970619e-03
5.226401558526333133e-03
5.201356859155291043e-03
5.176318587530671748e-03
5.151313824710302032e-03
5.125454767983810000e-03
5.100567183236542554e-03
5.075618804367559161e-03
5.050751858535823188e-03
5.025879630670240447e-03
5.001280507586362140e-03
4.976718270439607975e-03
4.952379998080672606e-03
4.928115256827847457e-03
4.903876605970478378e-03
4.879688883872167378e-03
4.855598821186300415e-03
4.830928269500835669e-03
4.807553906632994374e-03
4.784295205572344778e-03
4.761078591800480334e-03
4.737570414884484382e-03
4.713632856028587143e-03
4.690389089232723310e-03
4.667379026676450257e-03
4.644408030482043148e-03
4.621503745840241026e-03
4.598665674718564050e-03
4.576119173026424805e-03
4.553158111625813485e-03
4.530715471570771410e-03
4.508191264088848814e-03
4.485809874258331852e-03
4.463433079377064107e-03
4.441106048549270727e-03
4.418812038653496463e-03
4.396621712080908857e-03
4.374426217717081178e-03
4.352354272389819152e-03
4.330207337298043642e-03
4.308247354383980786e-03
4.286559833294222369e-03
4.264948049923378108e-03
4.243340893201150155e-03
4.221829450868359000e-03
4.200474787618861672e-03
4.179168593115221465e-03
4.157913137928560127e-03
4.136712386521247155e-03
4.115607545695671235e-03
4.094579674003929158e-03
4.073482986423974418e-03
4.052502310703939500e-03
4.031683971206786316e-03
4.010876792419105184e-03
3.990077698625757799e-03
3.969301874547337058e-03
3.948568747461711839e-03
3.928017303421139569e-03
3.907144609070446403e-03
3.886548405270074964e-03
3.866136630473123847e-03
3.845855340868211715e-03
3.825580862094743115e-03
3.805366659123205798e-03
3.785477479187217015e-03
3.765761918240621842e-03
3.746139683847357973e-03
3.726880946747393279e-03
3.707739081600482274e-03
3.688571123996056342e-03
3.669570803075331965e-03
3.650572908914418921e-03
3.631789202751906261e-03
3.612192020023977882e-03
3.593556436872055813e-03
3.575337475005704955e-03
3.557210973247698898e-03
3.539289334486930057e-03
3.521377252192726785e-03
3.503507143271697346e-03
3.485727506980267759e-03
3.467976241920511186e-03
3.450251092613190653e-03
3.432732446849804959e-03
3.415238536894003776e-03
3.397956141451071929e-03
3.380485921485807711e-03
3.363096452924665535e-03
3.345964262237277782e-03
3.328822865479515690e-03
3.311586886994067648e-03
3.294665894967059236e-03
3.277823126074463390e-03
3.260984922492881754e-03
3.244320839074965948e-03
3.227740602353189239e-03
3.211271341098160051e-03
3.194720104744662448e-03
3.178271355076593436e-03
3.162141220169452371e-03
3.146045608574533307e-03
3.130024374798890188e-03
3.112952273147723183e-03
3.097021095539297109e-03
3.081206364213247197e-03
3.065547773302647674e-03
3.049971292176101734e-03
3.034345010869090274e-03
3.018831189394646265e-03
3.003422975426199397e-03
2.988079368627625208e-03
2.972934181461167266e-03
2.957829590766267430e-03
2.943038333162993105e-03
2.927397982798086388e-03
2.912895366626373772e-03
2.898619306938877808e-03
2.884483714508416594e-03
2.870463144274963685e-03
2.856278572076517523e-03
2.842369546378540474e-03
2.828485515088373804e-03
2.814634862461274593e-03
2.800832033757680306e-03
2.787056614216457638e-03
2.773300654488705230e-03
2.759660649523400927e-03
2.746070544514905148e-03
2.732642941061537260e-03
2.719425800489114371e-03
2.706361087887836341e-03
2.692758471668355805e-03
2.679706818958597133e-03
2.666433087048056434e-03
2.653457975063556930e-03
2.640608875885281856e-03
2.627306625381607436e-03
2.614451762789966882e-03
2.600793231015659408e-03
2.587932784668210001e-03
2.575142263969022304e-03
2.562183905462183959e-03
2.549495342332392181e-03
2.537011556646900923e-03
2.524612926028027126e-03
2.512502972930663776e-03
2.500404494201452672e-03
2.488466134220198699e-03
2.475058556337117032e-03
2.463248958238418215e-03
2.451494348539531246e-03
2.439769606348355692e-03
2.428116480320016094e-03
2.416645811315671580e-03
2.405190857209010130e-03
2.393645551665590180e-03
2.382196175516603041e-03
2.370750243268646140e-03
2.359361191089530407e-03
2.347421281032453962e-03
2.336088004649631861e-03
2.324981588196371220e-03
2.313764044494038500e-03
2.302644467767736829e-03
2.291539327957065140e-03
2.280619387551026216e-03
2.269913689815937149e-03
2.259235315272451004e-03
2.248605275771929039e-03
2.238020889710277527e-03
2.227262450859162756e-03
2.216311308572397124e-03
2.205408017356132004e-03
2.194909876674699077e-03
2.184445146279208067e-03
2.173526842379027053e-03
2.163226812429355859e-03
2.153091411072012573e-03
2.142981084428919117e-03
2.132886858225029741e-03
2.122836067587089912e-03
2.112826881561715494e-03
2.102754231812997698e-03
2.092077643252263433e-03
2.082104935890858721e-03
2.072286403484937308e-03
2.062470770349830208e-03
2.052702548966687645e-03
2.043012328718203999e-03
2.033465708521801484e-03
2.024094345302587025e-03
2.013863408778025169e-03
2.003925523252787604e-03
1.994110452992382647e-03
1.984883192272993320e-03
1.975770131802263071e-03
1.966721349351708854e-03
1.957676104438122421e-03
1.948683360164564721e-03
1.939697837306953582e-03
1.930867576038807105e-03
1.922205836021325482e-03
1.913618297277400356e-03
1.904842824898575785e-03
1.896249814896873095e-03
1.887443602558440360e-03
1.878799557809922175e-03
1.870224169730433459e-03
1.861717047781678716e-03
1.853285665459524813e-03
1.844335069772523161e-03
1.835797600277134112e-03
1.825848547933051286e-03
1.817582747406898402e-03
1.809483437931983180e-03
1.801566952098080168e-03
1.793680399947340841e-03
1.786088241931631107e-03
1.778571500683266389e-03
1.771126420039226095e-03
1.763799685801807626e-03
1.756527630908560119e-03
1.749283036051354091e-03
1.741842364525830701e-03
1.734613620835909892e-03
1.727398818085201576e-03
1.720279442595106087e-03
1.713225165656249863e-03
1.706223037021975314e-03
1.699375348554751615e-03
1.692454231391691318e-03
1.685312757429706636e-03
1.678489298038383492e-03
1.671728839090317990e-03
1.664771880138749644e-03
1.658018906836167174e-03
1.651376662083414975e-03
1.644763147111582722e-03
1.637995323367766537e-03
1.631440482705557877e-03
1.624908068537251173e-03
1.618516642681141126e-03
1.612139787885208527e-03
1.605908916892027872e-03
1.599823308882467130e-03
1.593757418074010423e-03
1.587737711982676681e-03
1.581449782027928271e-03
1.575502305590020628e-03
1.569679054080769850e-03
1.563856549056030863e-03
1.558238412902291552e-03
1.552368888642637057e-03
1.546860986594980570e-03
1.541298713035892023e-03
1.535801973253822636e-03
1.530348799967136755e-03
1.524665720881027316e-03
1.519271314157693556e-03
1.513907737361079846e-03
1.508241044993890567e-03
1.502687050788618700e-03
1.497236334350139251e-03
1.491898168663486788e-03
1.486560112783898158e-03
1.481361519731441961e-03
1.476301508086727164e-03
1.471339075584699634e-03
1.466427061770801763e-03
1.461357475918344164e-03
1.456491324874862334e-03
1.451689378032889428e-03
1.446905301267860768e-03
1.442209913643213021e-03
1.437515971837692889e-03
1.432840920716157507e-03
1.428240128425995858e-03
1.423109460674559573e-03
1.418388427836686679e-03
1.413760853339505628e-03
1.408706485590047576e-03
1.403867539923205369e-03
1.399286876094208267e-03
1.394711979424712858e-03
1.390187429059286340e-03
1.385607063214286958e-03
1.381182579396354792e-03
1.376777509156765613e-03
1.372481144097750056e-03
1.368234628053078801e-03
1.364001892075343168e-03
1.359815449293038433e-03
1.355577287625477642e-03
1.351460670705727793e-03
1.347418963043227379e-03
1.343402981248856091e-03
1.339497439180276821e-03
1.335554894171517293e-03
1.331667103289029593e-03
1.327311807512261558e-03
1.323461062697279611e-03
1.319612784226823626e-03
1.315828141488122873e-03
1.311349941419882436e-03
1.307616653884999692e-03
1.303925945835412211e-03
1.300244733044756068e-03
1.296235792437894782e-03
1.292563557042492690e-03
1.288944306046443814e-03
1.285454347457043716e-03
1.281893760183555522e-03
1.278556009513703113e-03
1.275223677046976017e-03
1.271846994888545983e-03
1.268630965027421013e-03
1.265447151809212609e-03
1.261575579462224320e-03
1.258429583377921419e-03
1.255341539919077641e-03
1.252306077943294953e-03
1.248655721809440551e-03
1.245805238020662210e-03
1.242995122297331978e-03
1.240179124716376440e-03
1.237459410682819347e-03
1.234363853997130431e-03
1.231661516773391654e-03
1.228988028967069063e-03
1.225922565936142083e-03
1.223287320428836662e-03
1.220645257762775337e-03
1.218049281555777519e-03
1.215257031386808703e-03
1.212609483339814045e-03
1.209975767536686838e-03
1.207394985454736999e-03
1.204757298784354122e-03
1.202216715054728845e-03
1.199795425366185879e-03
1.197059018749099596e-03
1.194520351500703674e-03
1.191799357514802381e-03
1.189402884971118299e-03
1.187053685020928416e-03
1.184732158086603893e-03
1.182497297732758388e-03
1.180272092515451034e-03
1.178053484060390598e-03
1.175843990562978197e-03
1.173590791444675168e-03
1.171474182652943374e-03
1.169146475461652502e-03
1.167013208279494728e-03
1.164861573432681655e-03
1.162812545145864261e-03
1.160734992584046927e-03
1.158695685697367543e-03
1.156669043335520211e-03
1.154722217880597632e-03
1.152835207980082433e-03
1.150968177005567148e-03
1.148860539495172523e-03
1.146425252847059007e-03
1.144231922695587147e-03
1.142155967495003116e-03
1.140167606837157004e-03
1.138302727449591340e-03
1.136109414044307250e-03
1.134269420146040387e-03
1.132475014436377199e-03
1.130578540454530876e-03
1.128801487773714455e-03
1.127038128148386996e-03
1.125282294485615165e-03
1.123221044606063619e-03
1.121485883453755003e-03
1.118719416689367262e-03
1.116963980850937260e-03
1.115203038382762838e-03
1.113488581516812069e-03
1.111781249279665974e-03
1.110042455311731780e-03
1.108296599889506276e-03
1.106597226499759449e-03
1.104931997912848027e-03
1.103274083238106303e-03
1.101467824220034092e-03
1.099818995674746230e-03
1.098318406085585118e-03
1.096744728850344418e-03
1.095351707303632597e-03
1.093901694750225220e-03
1.092548816249757065e-03
1.091223711798946496e-03
1.089998533881793817e-03
1.088795534600404350e-03
1.087401059881833642e-03
1.086186072844607569e-03
1.084788411601272538e-03
1.083618919275377126e-03
1.082219513475340955e-03
1.080488220722501365e-03
1.079169141108733253e-03
1.077925266751166922e-03
1.076548197759134460e-03
1.075388701958856965e-03
1.074233381680646466e-03
1.072822463056894663e-03
1.071551222342592702e-03
1.070114581176477000e-03
1.068845594651394006e-03
1.067651832349089365e-03
1.066012659927159222e-03
1.064859982974186671e-03
1.063726295070667851e-03
1.062602250258222946e-03
1.061382748997161639e-03
1.060251102034218866e-03
1.059126636592046299e-03
1.057193639900028039e-03
1.056098884035451936e-03
1.055030244928663492e-03
1.053948527658308838e-03
1.052905585846032957e-03
1.051834538866811171e-03
1.050792886626422500e-03
1.049675988503840978e-03
1.048492952966183656e-03
1.046876285395888532e-03
1.045829863604675475e-03
1.044816291519509981e-03
1.043815343296270121e-03
1.042819852921496185e-03
1.041721793009177215e-03
1.040679656730202204e-03
1.039706431675909044e-03
1.038640836375729704e-03
1.037267481136757308e-03
1.036155149139431899e-03
1.035027588777106492e-03
1.033924708909407389e-03
1.031004601777257878e-03
1.029468934229300003e-03
1.028457659066559773e-03
1.027423449990200448e-03
1.026420672687503250e-03
1.025280284549915039e-03
1.024346207751668280e-03
1.023261380493933372e-03
1.022264768742200047e-03
1.021218572135999770e-03
1.020289579395681785e-03
1.019362683655493113e-03
1.018431061870251524e-03
1.017175246846026195e-03
1.015802214557045202e-03
1.014622201868223489e-03
1.013005658387493377e-03
1.011880364518056522e-03
1.010851160079391476e-03
1.009750090576328786e-03
1.008809797235472134e-03
1.007885121070494806e-03
1.006995429843259189e-03
1.006006917721640696e-03
1.005114783009362954e-03
1.004213409768770025e-03
1.003120724018000641e-03
1.002234332156382978e-03
1.001130867659281694e-03
9.998296569712918601e-04
9.989567369808383980e-04
9.977059931748227545e-04
9.964916377337327495e-04
9.954943010999073565e-04
9.946153445527367281e-04
9.937410571151500914e-04
9.928698915199281501e-04
9.920113829472655860e-04
9.911558520813927142e-04
9.903130453765235462e-04
9.894580118233874556e-04
9.885993100413039900e-04
9.877545094213507817e-04
9.869498682631497322e-04
9.861618870650676067e-04
9.853844431370044777e-04
9.846340150198235660e-04
9.838434806974704142e-04
9.830844480469014008e-04
9.822713284121022560e-04
9.815349121934284840e-04
9.808178946193741709e-04
9.800928095122527026e-04
9.790494680852425066e-04
9.781326992705579541e-04
9.773638253932378887e-04
9.766836198994454689e-04
9.757992049275799641e-04
9.751387514545698616e-04
9.741953498258057670e-04
9.722311194905615926e-04
9.711645543962137790e-04
9.704865888977371119e-04
9.697962600205084710e-04
9.691058051102236599e-04
9.684501863970171103e-04
9.678143053084251350e-04
9.671816331537466714e-04
9.663787130134071559e-04
9.656842638977600549e-04
9.650269879650725038e-04
9.643995451519842173e-04
9.637780155986386873e-04
9.631823885357108017e-04
