1.943205708910001883e+00
1.723796441755535369e+00
1.528835441431198428e+00
1.341852366795772911e+00
1.186503251360861322e+00
1.033407810677748007e+00
9.083966366137169457e-01
7.931276068675314761e-01
6.922602285812382572e-01
6.177695446802837775e-01
5.600291418542133748e-01
5.170934692882237504e-01
4.938067520194047155e-01
4.720926277802600657e-01
4.522888319004536029e-01
4.365094690946843548e-01
4.227873412916616780e-01
4.148928015000570846e-01
4.096529567847049802e-01
4.045879669206030593e-01
4.016409384982187469e-01
3.968121279718045402e-01
3.939267309010185403e-01
3.933018342769262765e-01
3.926185953974079546e-01
3.918563944090404649e-01
3.914254738956635116e-01
3.903173881644447230e-01
3.901917044418932723e-01
3.902091442894429774e-01
3.899388340459581936e-01
3.894279609187892843e-01
3.894221262962056507e-01
3.893876725380063242e-01
3.892669245516687249e-01
3.892722975156499010e-01
3.892234688918133623e-01
3.891513962697775719e-01
3.892037006118946318e-01
3.891359299343624123e-01
3.890178457624325903e-01
3.890033011543195252e-01
3.890210753507972741e-01
3.889307394409598495e-01
3.889824210746756772e-01
3.889701175668826005e-01
3.889209382774099777e-01
3.888743590949102491e-01
3.888472658814661753e-01
3.887886285142831411e-01
3.886032715180017250e-01
3.885920062251448925e-01
3.884817759219852951e-01
3.885421843999687930e-01
3.885102435671148324e-01
3.884974903920478395e-01
3.884640102238535175e-01
3.883779814956377363e-01
3.884058712092159360e-01
3.884339286105832345e-01
3.882802540817891224e-01
3.882727841144726910e-01
3.882620741898313299e-01
3.883110865123207689e-01
3.882589628225892042e-01
3.882467185512789021e-01
3.881514572103134109e-01
3.882592374449133632e-01
3.881958987207033696e-01
3.881854394707424660e-01
3.881314137520852636e-01
3.881478924106142592e-01
3.881313119980274173e-01
3.880059673729022718e-01
3.880114267857450172e-01
3.880702073773847904e-01
3.879780929464005101e-01
3.880146923905754552e-01
3.878022424735621532e-01
3.873516070378933418e-01
3.872305010009570725e-01
3.874439280270702834e-01
3.866500503201701910e-01
3.862478860085977739e-01
3.861385943659286779e-01
3.860954808655870374e-01
3.861330257095322294e-01
3.859552358976389153e-01
3.859846396266294888e-01
3.859421559940647839e-01
3.859210287680720497e-01
3.859468956721641697e-01
3.859438304376223150e-01
3.860858299685557271e-01
3.859858477927569642e-01
3.860343017724069958e-01
3.857765014286223537e-01
3.857927001963264435e-01
3.857143070415738895e-01
3.858328898291233378e-01
3.857878215305909908e-01
3.857566113587206913e-01
3.856396408429976219e-01
3.855174625669549604e-01
3.855244112114987187e-01
3.855259544612621991e-01
3.852910434634307935e-01
3.852108768880129763e-01
3.852028325020845356e-01
3.852015925501788840e-01
3.852662970956983735e-01
3.851668031195640274e-01
3.851375830641987075e-01
3.854455789545734867e-01
3.850771954724770407e-01
3.851943614268545368e-01
3.854681070087406791e-01
3.853679094921498849e-01
3.853240952827819976e-01
3.851498909418732408e-01
3.851228967462370645e-01
3.849266951195667863e-01
3.848153178445573031e-01
3.846791203377959989e-01
3.847873382907311401e-01
3.845936613531538151e-01
3.845238332133040782e-01
3.842331555744217253e-01
3.840407301689026665e-01
3.839741966776754611e-01
3.838594009602187551e-01
3.840059399739668700e-01
3.832991724404087308e-01
3.831230627848638548e-01
3.829054674037816186e-01
3.829881227754653450e-01
3.831439137142466644e-01
3.827881716306870685e-01
3.827254621268939005e-01
3.829217467774022610e-01
3.828174949129962701e-01
3.828209156422983650e-01
3.825461635540084449e-01
3.824020321058175798e-01
3.825073790855906264e-01
3.825026523788011001e-01
3.824634247953149768e-01
3.822955242363246797e-01
3.824823628706233714e-01
3.823598530327956269e-01
3.824565440390483850e-01
3.823778353046998202e-01
3.824971611988191578e-01
3.824609602993009339e-01
3.821224783735152064e-01
3.821400316251466478e-01
3.821334231090507405e-01
3.813767793576880449e-01
3.812769682101779245e-01
3.814933605548969098e-01
3.809249854107157329e-01
3.806378308334333882e-01
3.804924193110016395e-01
3.803907822141027739e-01
3.802631755642902900e-01
3.800536555373860703e-01
3.800510839530689688e-01
3.797191496671428745e-01
3.792983619487022007e-01
3.794583188532283380e-01
3.792114835444394538e-01
3.793083338205284760e-01
3.793171358918112079e-01
3.789595206067175592e-01
3.788842519577411139e-01
3.788369126683289179e-01
3.783124309979903344e-01
3.788550580463128648e-01
3.787731942310096911e-01
3.787644621459649863e-01
3.787011046412498971e-01
3.786967771045672837e-01
3.785791541199157173e-01
3.785554149711561900e-01
3.782171531512845686e-01
3.779292119732109989e-01
3.768977340888733929e-01
3.768103852043666602e-01
3.771317237623831309e-01
3.766754636909627751e-01
3.765271711347219497e-01
3.766525938350460678e-01
3.767861781016004774e-01
3.767146188265299567e-01
3.761468414299354857e-01
3.762359210347391292e-01
3.762953386293509395e-01
3.762783849225805333e-01
3.761383181729271441e-01
3.761108584797885346e-01
3.757917540429368541e-01
3.756122360345947597e-01
3.756110984626929716e-01
3.755756509535647658e-01
3.757371891731600133e-01
3.756127571226804407e-01
3.756580302413632388e-01
3.755537067370221527e-01
3.754257301426963678e-01
3.758192012768971635e-01
3.754794441045722353e-01
3.751704269617675003e-01
3.750464594916738670e-01
3.746661754175311110e-01
3.742550797789975792e-01
3.743006010840032038e-01
3.741656132357108477e-01
3.737616324142069013e-01
3.732407744345110356e-01
3.735787755385904241e-01
3.739174176189328236e-01
3.732417757214491205e-01
3.730269709410467538e-01
3.734726611272762842e-01
3.730547064309241989e-01
3.727472879154334340e-01
3.725798861396285577e-01
3.722094872015505040e-01
3.717523612885739737e-01
3.715745508906972971e-01
3.712859100355373476e-01
3.707504926155686387e-01
3.704108644310486476e-01
3.701142540114297774e-01
3.695438301567224859e-01
3.691420777477983362e-01
3.691990304633921416e-01
3.686126535645150581e-01
3.690653675766107922e-01
3.685504642027560007e-01
3.676197146909701563e-01
3.677039906766237376e-01
3.676228632453561462e-01
3.674110512225428060e-01
3.672970920770188830e-01
3.674349133596035433e-01
3.670698831622639102e-01
3.669590713849383290e-01
3.674830264503585742e-01
3.669724331277228746e-01
3.674611518593849935e-01
3.673948682311712899e-01
3.671357554177703819e-01
3.670538167537695795e-01
3.658162174603423744e-01
3.662949992331028803e-01
3.653923037917433114e-01
3.654794832262401871e-01
3.654192287976538167e-01
3.646928566594765386e-01
3.651830818673558188e-01
3.652301684819008742e-01
3.649777165402440793e-01
3.642255972319210500e-01
3.640511221670292286e-01
3.641293685200883146e-01
3.635814875296854431e-01
3.637212324413522380e-01
3.633505806678894445e-01
3.624398333717923082e-01
3.626022820355609966e-01
3.626725683705362968e-01
3.626446284877749560e-01
3.618641293775939349e-01
3.608597409084107754e-01
3.610829401078078926e-01
3.603172439098585866e-01
3.601613434005104253e-01
3.594526051382468945e-01
3.596550814860949852e-01
3.592909302596153376e-01
3.584848106155071323e-01
3.586571010390872671e-01
3.582071922187393120e-01
3.575835526806119269e-01
3.574061914509131799e-01
3.569198477692596683e-01
3.568164213689336006e-01
3.556903945130865941e-01
3.556389962285925743e-01
3.543010339356369998e-01
3.542762882466945484e-01
3.545322471355456528e-01
3.541072060004757383e-01
3.541495142979840804e-01
3.532255599456181061e-01
3.532167666176661558e-01
3.531461759436484438e-01
3.536746493220174203e-01
3.538676989534887407e-01
3.534040153623194125e-01
3.531647301442191744e-01
3.524327950393812969e-01
3.518902068092225610e-01
3.513301457523258509e-01
3.521191059262042677e-01
3.512903543052750543e-01
3.503681193421586126e-01
3.506565019916187409e-01
3.503473175409030915e-01
3.501652338688189259e-01
3.499321033709202333e-01
3.491863518021888213e-01
3.490398857423201995e-01
3.492158895179174882e-01
3.486839398082233754e-01
3.487285169965224085e-01
3.477514740468122811e-01
3.482772563172458202e-01
3.475524610622904853e-01
3.476261440655998847e-01
3.472208447486586080e-01
3.475300783056498033e-01
3.475862095033434573e-01
3.476726985575523954e-01
3.468407660812964366e-01
3.474154456459381812e-01
3.461945061592363038e-01
3.462398468403071194e-01
3.467463103481663866e-01
3.470861894987802287e-01
3.466646648246067275e-01
3.472358706107972481e-01
3.469999306986389920e-01
3.465842112605969083e-01
3.465793610442329253e-01
3.463171602749630651e-01
3.457237007354790892e-01
3.444424258000379768e-01
3.445187609985095878e-01
3.433972304837619172e-01
3.426653213614563875e-01
3.422065779011959075e-01
3.416569862343897257e-01
3.418350974622791361e-01
3.413479379256103563e-01
3.410378872584339249e-01
3.399509906577377616e-01
3.389635003302390870e-01
3.385275633867522171e-01
3.392625800901210575e-01
3.387041256014622359e-01
3.388107361478745472e-01
3.391003893105080103e-01
3.390632165142991039e-01
3.377211279622034379e-01
3.377265245262421889e-01
3.384793394077833528e-01
3.385775323565957673e-01
3.379987164992808157e-01
3.377052589837528096e-01
3.374218667123095594e-01
3.367007567616758790e-01
3.367251280453391615e-01
3.386696775687579875e-01
3.392512463091252317e-01
3.372708268397265341e-01
3.357837002912257285e-01
3.362942782738082559e-01
3.359283621877389159e-01
3.353594052754926280e-01
3.358319523605585166e-01
3.342106886377907426e-01
3.331239559315927190e-01
3.337745626477109928e-01
3.347089206541717932e-01
3.338191368866678665e-01
3.339821244504194153e-01
3.328547598909804006e-01
3.331205282049435334e-01
3.330723591605243561e-01
3.308028684342921855e-01
3.306024204504816044e-01
3.294169904645716795e-01
3.297507762935079634e-01
3.292462159257827925e-01
3.287977665713291420e-01
3.275390359043873212e-01
3.275886960912436363e-01
3.285721799669747978e-01
3.283186841415235424e-01
3.282861736429676935e-01
3.288646943757402852e-01
3.294248992176652679e-01
3.299864821710163376e-01
3.288153077744405128e-01
3.285278229755820290e-01
3.294211784370255636e-01
3.274809332848347965e-01
3.269183712621829829e-01
3.281877536801062756e-01
3.287562142808318488e-01
3.292685071905478988e-01
3.290722700153760893e-01
3.281154722152351821e-01
3.253390464555542816e-01
3.255510140234990080e-01
3.238617797593643655e-01
3.258838947903551220e-01
3.249745896242459686e-01
3.264728262722280117e-01
3.264230293733219046e-01
3.248012153702275473e-01
3.256658034196464047e-01
3.244905040862671175e-01
3.245997523599762347e-01
3.256818283213965270e-01
3.269889286720803478e-01
3.266204781461167217e-01
3.274838290017883513e-01
3.277164540097144974e-01
3.283470060805505075e-01
3.281848231205685140e-01
3.304196256913567997e-01
3.308773596558277075e-01
3.306693511158980692e-01
3.310886873861668689e-01
3.324309900314189048e-01
3.329922729354334865e-01
3.326483106628423392e-01
3.337237700544425922e-01
3.348458285168015025e-01
3.340445970133484321e-01
3.343103406421328305e-01
3.322717167739664412e-01
3.306493115553293949e-01
3.334941340776748642e-01
3.333267950353771547e-01
3.332159397047202432e-01
3.320864395596648255e-01
3.328272038034780222e-01
3.324012416780496304e-01
3.327216605659367721e-01
3.323917526729887051e-01
3.343986951746575897e-01
3.373117628930232259e-01
3.385472593144068787e-01
3.371600861945055483e-01
3.391928821149258755e-01
3.396738284510014139e-01
3.412711169575149972e-01
3.438787948896266933e-01
3.468424014194583238e-01
3.486816826670038338e-01
3.507015649176958294e-01
3.504080761114459763e-01
3.548376566877959326e-01
3.547974053617393708e-01
3.562510781017669270e-01
3.589075101121385614e-01
3.609891290189756741e-01
3.626470203795451042e-01
3.638941772937191454e-01
3.671945818797597849e-01
3.684339219562558498e-01
3.719343955293136217e-01
3.718050112239693616e-01
3.733093731094579981e-01
3.736569429769597828e-01
3.794484413076465446e-01
3.782904849417760285e-01
3.817038769898145056e-01
3.862305635184395403e-01
3.897470218226490868e-01
3.873907938116529226e-01
3.928209668753601114e-01
3.945158707014822519e-01
3.963378495246180355e-01
3.964574179662543330e-01
4.014090694013321969e-01
4.024269381829707060e-01
4.057404921133150877e-01
4.063048518090211503e-01
4.139848819583147876e-01
4.167391901781541397e-01
4.220845690057969946e-01
4.277516019887545040e-01
4.319474992441363903e-01
4.334515773580282505e-01
4.397371554723750742e-01
4.429994559924104180e-01
4.473811786912165189e-01
4.520190826212304724e-01
4.536723906694975494e-01
4.577334211170231426e-01
4.604783058442590837e-01
4.624804838586993871e-01
4.705257662640527361e-01
4.772570279326654452e-01
4.834052192823086180e-01
4.914262504676774612e-01
4.971575110291646116e-01
5.000711752081706818e-01
5.058264712995867995e-01
5.123620927243656142e-01
5.194749359483247231e-01
5.247662035815224835e-01
5.271808434341791472e-01
5.323744383394187762e-01
5.414296594310268329e-01
5.454318295433974173e-01
5.557808811146440764e-01
5.616118138006044314e-01
5.660430494902216614e-01
5.747539331006227270e-01
5.780890951571960867e-01
5.828003491741451381e-01
5.874211601924219650e-01
5.946935755481144170e-01
6.023648666926306738e-01
6.085887131785455706e-01
6.194062378527191992e-01
6.250189886522068416e-01
6.334025060809207464e-01
6.458106308967089815e-01
6.547642927434521587e-01
6.644848567144334694e-01
6.783850152580451764e-01
6.842672770277600236e-01
6.927382562130646182e-01
7.028409431068752822e-01
7.138295845251001470e-01
7.235139438588999994e-01
7.302157205575582344e-01
7.400772664613921581e-01
7.512979226614903139e-01
7.637199443735355198e-01
7.775632436388886237e-01
7.803120388869378976e-01
7.878458451791958694e-01
8.073148058762210644e-01
8.180686423822773889e-01
8.358084108967320791e-01
8.408328141834646718e-01
8.611908085884291131e-01
8.790577144551463551e-01
8.933977110933203347e-01
9.098554477044473732e-01
9.361613625290374774e-01
9.584123275886584636e-01
9.736003265755339697e-01
9.960487545396580211e-01
1.011760257578580458e+00
1.041139569152019995e+00
1.055880144330146431e+00
1.071544853518000107e+00
1.093247081911778773e+00
1.115635947014750329e+00
1.131386103214591321e+00
1.143150841293747888e+00
1.163161597689321924e+00
1.171658959620727858e+00
1.190734989029739843e+00
1.206030836337797396e+00
1.232128040272336689e+00
1.255420043236253003e+00
1.287250202299902169e+00
1.304940051974018633e+00
1.325199759878457062e+00
1.358401978177917746e+00
1.396495388976922714e+00
1.438020945346611512e+00
1.493932140542189035e+00
1.535413996458998120e+00
1.595463629629037650e+00
1.631571370249594866e+00
1.684759840987398061e+00
1.757253095580861402e+00
1.823520251743879328e+00
1.875225648151738200e+00
1.970638312134910919e+00
