5.991312884588878215e-03
1.265057804676861797e-01
2.581692482901622454e-01
3.894197901778463922e-01
5.183304184350439048e-01
6.484798244966166747e-01
7.773904527538142428e-01
9.104303403589296684e-01
1.040442104442238724e+00
1.169903300612491703e+00
1.300190348652328964e+00
1.432404384387860663e+00
1.564618420123392584e+00
1.693666690358853755e+00
1.826981861920497385e+00
1.960847601395195872e+00
2.100494303956979891e+00
2.226789734627162343e+00
2.347441844188523863e+00
2.485574484989402144e+00
2.619853150398891994e+00
2.752204828112684964e+00
2.893640876391899930e+00
3.017458751453331534e+00
3.156692528080324855e+00
3.287392502054952370e+00
3.434609513421251759e+00
3.584166438418038947e+00
3.744184153762884826e+00
3.903238375259881376e+00
4.040132238256386898e+00
4.196984188101163582e+00
4.355900767619896641e+00
4.516331408899532995e+00
4.680203099635769526e+00
4.844074790372009609e+00
5.004918357586439548e+00
5.164798430953022823e+00
5.322751516623907442e+00
5.479328182512154477e+00
5.639758823791791720e+00
5.799638897158372330e+00
5.956628488981409397e+00
6.114031006739237384e+00
6.268680684931791092e+00
6.425807918733092094e+00
6.585137424186618738e+00
6.746118633379310836e+00
6.908751546311171943e+00
7.069457471547335281e+00
7.225758853479050003e+00
7.382610803323825799e+00
7.540426247016445593e+00
7.699480468513442588e+00
7.857433554184326319e+00
8.018139479420490545e+00
8.179946540482767148e+00
8.342717095392886861e+00
8.503973588542105944e+00
8.661926674212988786e+00
8.823458451318733964e+00
8.975905857859059367e+00
9.131381387921193138e+00
9.289059189635544556e+00
9.447975769154272285e+00
9.608956978346968825e+00
9.771314607322297618e+00
9.931469964645410542e+00
1.009135003801199382e+01
1.025136775335683836e+01
1.040560450561459582e+01
1.056039182578539659e+01
1.071517914595619558e+01
1.087092995997486788e+01
1.102764426784137086e+01
1.118711141527316322e+01
1.134410100709621005e+01
1.150081531496272902e+01
1.163179057289388751e+01
1.176359168269462252e+01
1.191755315099585566e+01
1.207000055753618106e+01
1.220758263042400671e+01
1.236195702466003610e+01
1.251880897450481456e+01
1.267469743050174102e+01
1.283443986189006480e+01
1.299019067590872822e+01
1.314346393431862658e+01
1.329632426679373225e+01
1.345482792037767439e+01
1.361126694428767259e+01
1.376715540028460794e+01
1.391836402902056768e+01
1.407232549732179727e+01
1.422463526188385075e+01
1.437956022403291811e+01
1.453476047013852579e+01
1.469037364217892083e+01
1.484419746850189092e+01
1.499967299856404424e+01
1.514633944201728966e+01
1.529328116942705229e+01
1.545123425509794934e+01
1.561207782231238106e+01
1.577319667348334065e+01
1.593362731476298677e+01
1.608855227691206835e+01
1.624155025136544950e+01
1.639826455923197557e+01
1.655167545962014941e+01
1.670150766857346269e+01
1.685753376654866642e+01
1.700970588913246573e+01
1.716160272775974960e+01
1.731955581343064310e+01
1.747214086194923155e+01
1.762114721903295589e+01
1.777208056381237000e+01
1.792466561233095845e+01
1.807972821645828887e+01
1.823616724036824976e+01
1.839191805438692029e+01
1.854147497938369327e+01
1.870107976879374689e+01
1.884926027400788939e+01
1.900528637198308601e+01
1.915773377852341142e+01
1.931073175297678546e+01
1.946331680149534904e+01
1.962085696123142853e+01
1.977261615788044580e+01
1.991570390989881645e+01
2.007007830413482452e+01
2.022459034034913117e+01
2.037951530249818077e+01
2.053430262266899575e+01
2.068702531316584015e+01
2.083520581837995422e+01
2.098379924952888587e+01
2.113569608815616618e+01
2.128759292678340742e+01
2.143357116034532339e+01
2.158161402358119574e+01
2.173268501033888001e+01
2.187852560192252227e+01
2.203207414428894850e+01
2.218039229148135050e+01
2.233160092021729071e+01
2.248308483290976056e+01
2.263718394318923544e+01
2.278811728796865310e+01
2.294414338594384972e+01
2.308654292807089448e+01
2.320595625982788235e+01
2.335633903669421585e+01
2.350479482586488444e+01
2.364870842975284404e+01
2.378890570022767292e+01
2.393639799555047176e+01
2.407108958689475742e+01
2.418128090610804648e+01
2.431542192953928705e+01
2.446057431123161408e+01
2.460531376698915906e+01
2.474867680296404870e+01
2.490539111083054280e+01
2.505150698637075379e+01
2.519638408410654051e+01
2.534525279921200536e+01
2.548476185979551545e+01
2.562358271048771385e+01
2.577203849965837534e+01
2.591898022706814686e+01
2.606908771997796848e+01
2.622621495377924461e+01
2.638127755790658213e+01
2.653166033477293340e+01
2.666525079029108269e+01
2.680641155461378489e+01
2.695376620795835620e+01
2.709644103404190929e+01
2.723994171199508330e+01
2.739225147655713855e+01
2.754208368551040564e+01
2.769439345007246445e+01
2.783816941198216455e+01
2.798111952202227926e+01
2.812778596547551402e+01
2.827954516212450642e+01
2.843185492668656522e+01
2.858526582707474262e+01
2.873771323361506802e+01
2.888355382519871029e+01
2.903696472558685926e+01
2.918418173695315687e+01
2.933965726701527643e+01
2.949265524146860429e+01
2.963546770953045240e+01
2.978406114067938759e+01
2.993003937424130712e+01
3.007780695352065692e+01
3.022846501434354849e+01
3.037444324790547512e+01
3.052441309883705145e+01
3.066020582600743793e+01
3.079076815800382505e+01
3.092779966297858252e+01
3.107116269895349703e+01
3.120668014216737163e+01
3.132609347392435239e+01
3.144234104018127240e+01
3.155528519895984019e+01
3.165928262915124591e+01
3.179493771434336225e+01
3.191627803379601858e+01
3.205289661283598690e+01
3.218689999428895732e+01
3.232833604256817495e+01
3.245889837456455496e+01
3.259180062019143520e+01
3.273488837220978098e+01
3.287412214883677564e+01
3.299711417202864538e+01
3.312602480028584750e+01
3.327255360176084764e+01
3.342004589708363937e+01
3.356671234053688124e+01
3.369865109231587752e+01
3.382701115266002034e+01
3.394959024991708674e+01
3.405799222341293842e+01
3.416267786349565938e+01
3.428979914603542056e+01
3.441884741627090705e+01
3.456207281026754430e+01
3.471231794515563962e+01
3.486531591960898879e+01
3.501308349888832794e+01
3.514433404077600187e+01
3.528205375564208168e+01
3.541977347050817571e+01
3.556850454363538461e+01
3.572164016006698972e+01
3.587725333210737233e+01
3.602488326940847685e+01
3.617375198451398433e+01
3.631904200818461703e+01
3.643914354983288462e+01
3.658388300559045803e+01
3.673357757256552247e+01
3.688148279382316730e+01
3.699373874271037721e+01
3.710544412368459177e+01
3.721646129476749820e+01
3.733945331795936795e+01
3.748433041569515467e+01
3.762039842682210633e+01
3.776458731466660623e+01
3.787422806596687508e+01
3.802309678107231861e+01
3.815544845878613245e+01
3.827334772878226232e+01
3.839565154208282394e+01
3.852621387407918974e+01
3.864232379835782893e+01
3.878761382202848296e+01
3.893249091976432652e+01
3.907901972123934797e+01
3.920779270751824441e+01
3.932816953312308783e+01
3.946437518622831675e+01
3.959947970350743418e+01
3.975055069026515753e+01
3.990010761526189498e+01
4.002874295956259232e+01
4.014292589614556306e+01
4.026206394394606747e+01
4.039372741176853054e+01
4.050873620022105115e+01
4.064053731002183412e+01
4.077591711125745633e+01
4.089409166521007677e+01
4.102837033061953775e+01
4.116278663800732573e+01
4.130243334056914506e+01
4.142927933915244409e+01
4.156355800456192640e+01
4.169384505260173057e+01
4.184230084177247022e+01
4.196721985266000132e+01
4.210328786378698140e+01
4.225188129493590594e+01
4.238244362693227174e+01
4.252511845301587812e+01
4.265113859972954913e+01
4.276545917829076870e+01
4.290194011535251661e+01
4.302754733613137716e+01
4.316334006330176010e+01
4.330876772895067717e+01
4.345364482668652073e+01
4.357415929426965562e+01
4.370320756450512789e+01
4.382496080989258047e+01
4.395634899375853166e+01
4.408525962201574089e+01
4.423495418899082665e+01
4.438423583003105222e+01
4.452112969302760348e+01
4.466394216108950133e+01
4.481831655532553071e+01
4.495245757875674286e+01
4.508467161449222971e+01
4.521936320583653668e+01
4.533216972263685562e+01
4.545695109154611657e+01
4.559921299169496223e+01
4.574711821295259995e+01
4.587382656955755778e+01
4.601072043255404509e+01
4.613825464102861673e+01
4.627652492380774873e+01
4.638823030478192777e+01
4.651232346379989480e+01
4.665582414175304393e+01
4.678335835022762268e+01
4.692052749718070004e+01
4.706526695293824503e+01
4.720642771726095788e+01
4.734841433345322770e+01
4.748544583842800648e+01
4.763610389925091226e+01
4.778579846622591276e+01
4.792530752680945483e+01
4.807569030367584872e+01
4.820928075919405131e+01
4.833089636260324085e+01
4.845884349701258742e+01
4.860248181694406355e+01
4.873854982807101521e+01
4.888838203702437113e+01
4.903339677673842090e+01
4.915542530608237826e+01
4.927029645255669266e+01
4.939686716718342296e+01
4.953031998072338382e+01
4.964464055928463182e+01
4.975786000201973991e+01
4.988112730916808601e+01
5.000934972753396579e+01
5.013784742985637877e+01
5.025037866270017162e+01
5.039332877274032541e+01
5.052595573441067955e+01
5.065335230090698104e+01
5.078295113905547709e+01
5.092411190337818994e+01
5.107642166794029492e+01
5.120877334565412298e+01
5.134676834447675731e+01
5.147554133075568217e+01
5.160486488494769475e+01
5.173391315518314570e+01
5.185869452409244929e+01
5.197975955958859373e+01
5.209545655793246510e+01
5.221376875386333438e+01
5.233648549309866382e+01
5.248287665259542223e+01
5.261701767602662727e+01
5.272886069897911199e+01
5.286272643845380514e+01
5.299714274584156470e+01
5.311352795407674421e+01
5.325689099005166582e+01
5.340231865570047631e+01
5.355394021037125185e+01
5.370046901184627330e+01
5.382965492406002284e+01
5.395526214483890470e+01
5.407797888407426257e+01
5.420854121607059284e+01
5.435507001754559298e+01
5.448824754712897800e+01
5.461371712592955419e+01
5.473698443307793582e+01
5.487181366640052005e+01
5.500622997378829382e+01
5.513679230578465962e+01
5.526363830436789470e+01
5.540906597001676914e+01
5.554995145038289195e+01
5.569014872085777768e+01
5.581300310207139148e+01
5.592787424854569167e+01
5.605279325943324409e+01
5.617661113449464949e+01
5.628872944140366741e+01
5.640883098305200605e+01
5.655067995726603414e+01
5.669817225258881876e+01
5.683589196745489147e+01
5.696893185506005608e+01
5.711257017499158195e+01
5.726267766790141422e+01
5.740053502474579972e+01
5.752889508508996386e+01
5.766606423204294884e+01
5.781204246560487547e+01
5.795389143981888225e+01
5.809560277205463308e+01
5.822974379548584523e+01
5.836402246089536305e+01
5.850009047202231471e+01
5.863175393984484174e+01
5.877979680308071408e+01
5.891820472783808071e+01
5.904766592400833503e+01
5.917506249050462941e+01
5.930122027919655636e+01
5.943893999406266460e+01
5.955986738758055310e+01
5.969042971957690469e+01
5.981878977992104751e+01
5.994935211191747015e+01
6.007729924632685936e+01
6.019629965214910783e+01
6.032149394699318634e+01
6.046760982253336891e+01
6.061345041411704671e+01
6.075185833887443465e+01
6.088930276978395284e+01
6.103376694158498594e+01
6.116212700192913587e+01
6.128374260533833251e+01
6.141981061646523443e+01
6.155340107198339439e+01
6.168355047804499947e+01
6.181659036565007881e+01
6.193077330223305665e+01
6.204261632518555558e+01
6.215955210133382280e+01
6.230016229774345504e+01
6.243678087678342337e+01
6.257890513495404150e+01
6.272116703510286584e+01
6.284360849038164076e+01
6.296302182213860021e+01
6.308862904291747498e+01
6.320762944873966660e+01
6.332869448423581105e+01
6.345168650742764527e+01
6.358913093833714214e+01
6.371694043076820435e+01
6.383181157724248322e+01
6.395728115604313047e+01
6.407669448780012544e+01
6.419335497999182394e+01
6.430299573129205726e+01
6.445103859452797224e+01
6.457416825969814056e+01
6.470252832004236154e+01
6.484465257821290152e+01
6.499242015749220513e+01
6.512546004509734132e+01
6.524996613005006907e+01
6.539484322778591263e+01
6.553985796749999793e+01
6.567771532434437631e+01
6.582107836031933346e+01
6.596237676662028093e+01
6.609789420983413777e+01
6.623520099876547818e+01
6.637154429384889909e+01
6.650774994695410669e+01
6.665579281018993640e+01
6.677575670985994805e+01
6.690549318998672845e+01
6.704569046046161418e+01
6.716634257002301922e+01
6.730447521082392370e+01
6.744715003690755850e+01
6.758748494936068596e+01
6.772190125674845262e+01
6.785315179863613366e+01
6.798371413063247815e+01
6.812267262330297513e+01
6.827112841247365793e+01
6.839632270731772223e+01
6.852619682942273016e+01
6.865538274163644417e+01
6.879227660463295990e+01
6.893495143071653786e+01
6.906565140469119513e+01
6.919249740327450127e+01
6.931934340185779320e+01
6.945458556111515236e+01
6.958679959685066763e+01
6.971171860773822004e+01
6.983209543334307057e+01
6.995357339477402547e+01
7.009528472700979762e+01
7.022956339241929413e+01
7.034567331669795465e+01
7.046742656208542144e+01
7.060500863497323110e+01
7.074864695490462907e+01
7.088705487966203123e+01
7.103372132311527309e+01
7.116758706259000178e+01
7.130585734536919063e+01
7.141852622019126784e+01
7.155018968801371670e+01
7.169369036596690137e+01
7.182149985839808437e+01
7.194696943719870319e+01
7.209638872021724865e+01
7.224511979334437228e+01
7.238256422425388337e+01
7.250321633381521735e+01
7.263198932009417774e+01
7.276268929406877817e+01
7.290192307069580124e+01
7.304900244008383936e+01
7.317199446327575174e+01
7.330062980757641355e+01
7.342664995429007035e+01
7.355872634804737231e+01
7.369796012467428170e+01
7.382466848127927506e+01
7.393719971412308212e+01
7.406762440414117066e+01
7.419391983481146724e+01
7.432324338900339455e+01
7.445050231352142589e+01
7.458423041101785600e+01
7.473034628655794620e+01
7.486806600142405443e+01
7.499945418529000563e+01
7.512850245552543527e+01
7.526580924445683252e+01
7.539513279864878825e+01
7.553009967394959290e+01
7.566451598133726009e+01
7.579397717750755703e+01
7.591531749696024178e+01
7.603335440893458497e+01
7.616185211125693399e+01
7.629145094940545846e+01
7.642834481240200262e+01
7.657239605826823947e+01
7.670378424213416224e+01
7.682980438884784746e+01
7.695775152325724378e+01
7.709161726273190141e+01
7.722507007627173437e+01
7.735301721068105962e+01
7.748784644400366517e+01
7.762474030700006722e+01
7.776012010823565390e+01
7.791022760114545065e+01
7.804973666172902824e+01
7.819007157418219833e+01
7.832104683211335328e+01
7.845243501597927605e+01
7.858189621214957299e+01
7.871920300108084234e+01
7.885293109857728666e+01
7.898404399848662649e+01
7.911364283663515096e+01
7.924558158841418276e+01
7.938041082173677410e+01
7.951840582055942264e+01
7.964594002903390901e+01
7.977278602761711568e+01
7.990954224863533284e+01
8.004175628437080547e+01
8.017699844362806516e+01
8.031334173871154292e+01
8.043722454793194743e+01
