2.198293436244948273e-02
1.578991923047915261e-02
1.222287812706905792e-02
9.586819823760608233e-03
7.517474342075894204e-03
5.852441987993031031e-03
4.564398970557360935e-03
3.583643419197001401e-03
2.860878049651141130e-03
2.394935389078994663e-03
2.049805736286436798e-03
1.816903235009995976e-03
1.666160975350132771e-03
1.555185793378176902e-03
1.462989504132513338e-03
1.386627775377704836e-03
1.327598782878828751e-03
1.285750393041238011e-03
1.254362721224904637e-03
1.225057012320470698e-03
1.211850026493325322e-03
1.196288846312535672e-03
1.186856201439993180e-03
1.178465352130625291e-03
1.175766163554052860e-03
1.170912211784260132e-03
1.169692603840161420e-03
1.166809989937415666e-03
1.166598039849376864e-03
1.166548371381228829e-03
1.165153713938977533e-03
1.163066317885878571e-03
1.163053873708397995e-03
1.163001135648019605e-03
1.162925536692177879e-03
1.162899344439149735e-03
1.162872251475307933e-03
1.162843020548261219e-03
1.162813025355262115e-03
1.162709305157222459e-03
1.162619982434922195e-03
1.162543271171234596e-03
1.162515205217289158e-03
1.162464657271341942e-03
1.162447995262118859e-03
1.162415470007011802e-03
1.162372869212706860e-03
1.162300609272814067e-03
1.162243619327712031e-03
1.162187363171355041e-03
1.161937455943483095e-03
1.161834832236421965e-03
1.161756677159618643e-03
1.161703391049419450e-03
1.161526693165263000e-03
1.161476757206630558e-03
1.161403967530361689e-03
1.161366932088351211e-03
1.161305906047938779e-03
1.161270324723686145e-03
1.161184307171455156e-03
1.160900962594138813e-03
1.160891293846176174e-03
1.160845913730319031e-03
1.160785861985932400e-03
1.160732190625987908e-03
1.160666400320922763e-03
1.160603519239920226e-03
1.160565416003737655e-03
1.160500284477828086e-03
1.160165272452674031e-03
1.160083991361714195e-03
1.160067703767683756e-03
1.159982082740252090e-03
1.159959997522328097e-03
1.159895560392831728e-03
1.159762130858293114e-03
1.159708763999113068e-03
1.158034704873330554e-03
1.156302290149933487e-03
1.156110033714330063e-03
1.155888232317438388e-03
1.153759420738268305e-03
1.153112710352529376e-03
1.152898198352692851e-03
1.152804208771192069e-03
1.152686326136741516e-03
1.152553070543043149e-03
1.152463474897406177e-03
1.152341479016021162e-03
1.152268059749063248e-03
1.152066740564581648e-03
1.151989212548676107e-03
1.151839420768283268e-03
1.151612334017487055e-03
1.151585199694858414e-03
1.151053362984034512e-03
1.150957637944082087e-03
1.150838289824639496e-03
1.150759307763296732e-03
1.150635474616140339e-03
1.150402337522849535e-03
1.150063552130027459e-03
1.149946937411672372e-03
1.149908787492784790e-03
1.149874959375797286e-03
1.149641115748508725e-03
1.149450751553275770e-03
1.149369087100635643e-03
1.149352290044476470e-03
1.149192058140737502e-03
1.149045336770418858e-03
1.148965356011025186e-03
1.148890059905972828e-03
1.148703353252210303e-03
1.148621455337128089e-03
1.148605930915571650e-03
1.148256915985890496e-03
1.147967465581945998e-03
1.147859705200295283e-03
1.147751855886479117e-03
1.147653709025463339e-03
1.147562500768658286e-03
1.147268318377625594e-03
1.147199376129360519e-03
1.147000681340148162e-03
1.146851842484566649e-03
1.146072236894748108e-03
1.145857761963702112e-03
1.145674567893081473e-03
1.145532812940777299e-03
1.145312116927850107e-03
1.139002046461986021e-03
1.138841107959054485e-03
1.138468374619969279e-03
1.138219550956883191e-03
1.138125489476573670e-03
1.137944476007441688e-03
1.137499880744970594e-03
1.137254680540104390e-03
1.136840805184233163e-03
1.136293088893839797e-03
1.135471950669863887e-03
1.135246780982336438e-03
1.135139672995978026e-03
1.134848709528576234e-03
1.134733915251393737e-03
1.134600808684707455e-03
1.134526787955950989e-03
1.134364855143327796e-03
1.134287747689418507e-03
1.134091386995445070e-03
1.133866281082689977e-03
1.133296710649486089e-03
1.131893384098333353e-03
1.131726363626948863e-03
1.131681221654700070e-03
1.130034087703953288e-03
1.127798634228745428e-03
1.127630010614621720e-03
1.127029679031311526e-03
1.124159067092792485e-03
1.122739171088044325e-03
1.121992672463394472e-03
1.121852855795144608e-03
1.121319584788824531e-03
1.121070120258145942e-03
1.120918114587846634e-03
1.120400291712322395e-03
1.119992702828011494e-03
1.118248554066012977e-03
1.118109115461904304e-03
1.117792230805290726e-03
1.117491177173317220e-03
1.117280859012222041e-03
1.117083547382325499e-03
1.116965980028577317e-03
1.116721195464835930e-03
1.116645579983711542e-03
1.116446487137926456e-03
1.115747444913859276e-03
1.115619368036064284e-03
1.115068661836405867e-03
1.114938657067965572e-03
1.114338702831805215e-03
1.113723889182147457e-03
1.109805951855193573e-03
1.109690905596860937e-03
1.109554489569942971e-03
1.109347431518492924e-03
1.109399277842464809e-03
1.109339882968306528e-03
1.108974301411788524e-03
1.108304239363336503e-03
1.107966980430511676e-03
1.107620520362365742e-03
1.107239668785112889e-03
1.105766234509616801e-03
1.105562043307891599e-03
1.105236403227056021e-03
1.104929041939541837e-03
1.104909492114761107e-03
1.104536207967832121e-03
1.104542255365487243e-03
1.104405230228019735e-03
1.103149420645124735e-03
1.103011468201976633e-03
1.102869500540735190e-03
1.101769456507533220e-03
1.101401522453851782e-03
1.099635565020428297e-03
1.098800562042330899e-03
1.097219888576623061e-03
1.096417017318762448e-03
1.095703924770415148e-03
1.094633383010479907e-03
1.094287342390554271e-03
1.093495184030516838e-03
1.092417172500680014e-03
1.091192068280047358e-03
1.090462384578881269e-03
1.089187097438234705e-03
1.088646671987621335e-03
1.087256249702215271e-03
1.086133022518105413e-03
1.085748331904652511e-03
1.085411498128646939e-03
1.084688344214749254e-03
1.084352124869070611e-03
1.082692029429655660e-03
1.082067384438298611e-03
1.079439712233224184e-03
1.078685198378498975e-03
1.078514514941930928e-03
1.075482235024558626e-03
1.074480942262092406e-03
1.074161487797271018e-03
1.073822049835730912e-03
1.073277086409469292e-03
1.071998776451356774e-03
1.071080409801817125e-03
1.070555468362796624e-03
1.069227062523777239e-03
1.068471044320353034e-03
1.068049605049277775e-03
1.067521154859731904e-03
1.066225112736911024e-03
1.066266997651995263e-03
1.065331447636166939e-03
1.064128482002824278e-03
1.064339500282323681e-03
1.063220982937399797e-03
1.061503393473325852e-03
1.058982079228952588e-03
1.055730327383029056e-03
1.054785181470212045e-03
1.054014294902438226e-03
1.052259504339241210e-03
1.051351928175036895e-03
1.049492248135601002e-03
1.048925269753788131e-03
1.047785775360372557e-03
1.047422122526716314e-03
1.044849781201313528e-03
1.044633921827928767e-03
1.043956496633010288e-03
1.043363690518286490e-03
1.042649309526121840e-03
1.042371328735834830e-03
1.040333972586647776e-03
1.038836431494092423e-03
1.037651946797795224e-03
1.037385288958498448e-03
1.036357177648956429e-03
1.034615510618333871e-03
1.033220316234957116e-03
1.032112896340512840e-03
1.030342023795374371e-03
1.027019936535799758e-03
1.025562811983175187e-03
1.023388735753743813e-03
1.023283712092892513e-03
1.021341236117738254e-03
1.020393708489001272e-03
1.018868255555363577e-03
1.016235286254310068e-03
1.014943852173064674e-03
1.013714485254410200e-03
1.012697673065403444e-03
1.011282435116257327e-03
1.008430547927825554e-03
1.008103677747028415e-03
1.007838077208210795e-03
1.005956112691602051e-03
1.005341555522604353e-03
1.002629404907170400e-03
1.002036152547949518e-03
1.001612590069572012e-03
1.001180566288652641e-03
1.000108807593150760e-03
9.987358488622124532e-04
9.976506432376646208e-04
9.981972731139853502e-04
9.977042158142870962e-04
9.965962264779652715e-04
9.953236181090604606e-04
9.942161882477863061e-04
9.925375468801960095e-04
9.903260300688141154e-04
9.882006350611077100e-04
9.865298175428204291e-04
9.863530746955359238e-04
9.849623197777041331e-04
9.839498720558275281e-04
9.825190751343586444e-04
9.809423715450402322e-04
9.776493161719409814e-04
9.757700771929440301e-04
9.751974112761207115e-04
9.730147942874680647e-04
9.728113977215808962e-04
9.705281573016095792e-04
9.704481496335324014e-04
9.700226338616702547e-04
9.693095687271216163e-04
9.678931791942796924e-04
9.674777762100595594e-04
9.653844914702574068e-04
9.638187143435403411e-04
9.635054587612414774e-04
9.633947359909293467e-04
9.613598244730852446e-04
9.609222604336868905e-04
9.601232052062712557e-04
9.575770375295323622e-04
9.584345401920141456e-04
9.557382800273187462e-04
9.551027976891107198e-04
9.525937579949405286e-04
9.515115414408303668e-04
9.495700562671733789e-04
9.478431801533791648e-04
9.460297098443728753e-04
9.416123345966827003e-04
9.401497366576984241e-04
9.393810609527357891e-04
9.371398438350851678e-04
9.350568854922124053e-04
9.311565854066171030e-04
9.298165221475915244e-04
9.280652570718106150e-04
9.265930520435994343e-04
9.257079610888313548e-04
9.255988355619793311e-04
9.238663501591396062e-04
9.217866708992449726e-04
9.206749472185954582e-04
9.212995409436789459e-04
9.221782211553644810e-04
9.216103735597446682e-04
9.208517959134323661e-04
9.204485742973381266e-04
9.183053935085138710e-04
9.172274520437321502e-04
9.176587361679266553e-04
9.167325881493257550e-04
9.121784096232089757e-04
9.101499576686578790e-04
9.076224715789917496e-04
9.063017654237087717e-04
9.059152166710727691e-04
9.021201940872080726e-04
9.001657923511732513e-04
8.986824720184566958e-04
8.997239369661097930e-04
9.004152324985901547e-04
8.995551850555613856e-04
8.981083411378785802e-04
8.958848984557024175e-04
8.885744788623962899e-04
8.899902274793909098e-04
8.822434596705360128e-04
8.807501230534356277e-04
8.784730467474357327e-04
8.790260073123587091e-04
8.772538875865393531e-04
8.773693932748275479e-04
8.762179752749229850e-04
8.762561711752548050e-04
8.745662311475570563e-04
8.741420577695652346e-04
8.737246080527787942e-04
8.704873286160951396e-04
8.719793827554568263e-04
8.713898690275004343e-04
8.625180834660010898e-04
8.615972996597278831e-04
8.593587064531531998e-04
8.523655556342955202e-04
8.478722793125902579e-04
8.473139308686102045e-04
8.470292003268404136e-04
8.471862509889361128e-04
8.470707320616271442e-04
8.404696284913595883e-04
8.377068743200289389e-04
8.381766316165381982e-04
8.325962615367597059e-04
8.302579948179706661e-04
8.280223170436036995e-04
8.300528148268382323e-04
8.289439381574458887e-04
8.248708191518675480e-04
8.287287454971350911e-04
8.222881697970234587e-04
8.257836467508328660e-04
8.252365812841506131e-04
8.290525420638655179e-04
8.272183614371390143e-04
8.257814923375582416e-04
8.268076935591837581e-04
8.296642343635545272e-04
8.264068358075584873e-04
8.270318032990058629e-04
8.297068806536937822e-04
8.314373508611682187e-04
8.310815200797633338e-04
8.343743207761611987e-04
8.345953697853894168e-04
8.330775911001423503e-04
8.340707157040642798e-04
8.375819961216710453e-04
8.361316865306678671e-04
8.378928541872288907e-04
8.266106249590445595e-04
8.262906367637776976e-04
8.340691239285709640e-04
8.320701133148484651e-04
8.334751029792904307e-04
8.306576475036574073e-04
8.331157432417647321e-04
8.322741887194067814e-04
8.333508994335637153e-04
8.316830899674338383e-04
8.396286666943185992e-04
8.456962630729638599e-04
8.528925030223225316e-04
8.446701661136750633e-04
8.487413002475815418e-04
8.514362355537152165e-04
8.585506528963842256e-04
8.696409195501294837e-04
8.814181471128693275e-04
8.860369489138176244e-04
8.944882852114157150e-04
8.994139839361573255e-04
9.144064912234981706e-04
9.229351307067201315e-04
9.269530405930983272e-04
9.357773519098054908e-04
9.411972965090480625e-04
9.565337848268109329e-04
9.567873059958216303e-04
9.696174072350378838e-04
9.747345663994125015e-04
9.865989318509384154e-04
9.803082484245925765e-04
9.856690553364875606e-04
9.976211995604965677e-04
1.018462302549777041e-03
1.020023616258406178e-03
1.030753552489807080e-03
1.043053686566536211e-03
1.058096272111827552e-03
1.051581394923170121e-03
1.070617414365267412e-03
1.073291138097934218e-03
1.087897548927216611e-03
1.097496130298892441e-03
1.111019670977425730e-03
1.119524533857721481e-03
1.127872811639282075e-03
1.143695779317111406e-03
1.180308685291617428e-03
1.190727922482090646e-03
1.222831521733380635e-03
1.247396282125538651e-03
1.266921608299782353e-03
1.273838893594001322e-03
1.297410523011756009e-03
1.308396624430792528e-03
1.326158689358269711e-03
1.346989678301157905e-03
1.360818800519521081e-03
1.376879864925364093e-03
1.389748973329681938e-03
1.408382431681074907e-03
1.475769158663351810e-03
1.506978861014700039e-03
1.544184665784739501e-03
1.589690357334604988e-03
1.632397850051863809e-03
1.655474218197890189e-03
1.675917665791308445e-03
1.732337179413136067e-03
1.769762810374001655e-03
1.815114792068274084e-03
1.817491125053553305e-03
1.853885255056716844e-03
1.908119182942817366e-03
1.931898736814148141e-03
2.001534258096910723e-03
2.062545084468393047e-03
2.071561776468036544e-03
2.114851733662814585e-03
2.163473815475667420e-03
2.199727387542795443e-03
2.240396107116265911e-03
2.277950202956290169e-03
2.328971692430042116e-03
2.378051547419025857e-03
2.457729441765541326e-03
2.507042163929015452e-03
2.565988967629499046e-03
2.662037818434526224e-03
2.763813220851283389e-03
2.868888904753064562e-03
2.990099798251290557e-03
3.028675168740738166e-03
3.090700779947816446e-03
3.145535176456739496e-03
3.277371710658196630e-03
3.370693616719415680e-03
3.424908062188999121e-03
3.496603489807003154e-03
3.638902058344060334e-03
3.800602891612102005e-03
3.940771481040138309e-03
3.972648946933352541e-03
4.100352310104126222e-03
4.274650500418471916e-03
4.351356771760656918e-03
4.529268594969547077e-03
4.559923234893873030e-03
4.796649231541571558e-03
5.054097048302875171e-03
5.261241128531480432e-03
5.489364586952434621e-03
5.733998003218877121e-03
6.134963684919078272e-03
6.379898114784333246e-03
6.595154842498478741e-03
6.844642851430391209e-03
7.263611697508144671e-03
7.553252665671079773e-03
7.807394346813937430e-03
8.167110906406862755e-03
8.489247223389789418e-03
8.688372408355822876e-03
8.921321084378415131e-03
9.298754153106349868e-03
9.420369436656535200e-03
9.689732235855764986e-03
1.001300045252527353e-02
1.055130407096078159e-02
1.095012164937610687e-02
1.149159293738046504e-02
1.175720895289796009e-02
1.219219341391103266e-02
1.279570984714086326e-02
1.362013583331139928e-02
1.446654226435662577e-02
1.550659642535573597e-02
1.628050437452199795e-02
1.773399313683721168e-02
1.855582859037266732e-02
1.966563006562135202e-02
2.147621385433117619e-02
2.313501254609762886e-02
2.442741930378791726e-02
2.689302040326026558e-02
