9.384958312711663142e-01
6.123665972019430859e-01
3.698695788168208654e-01
2.420432514252267853e-01
2.055549389389170478e-01
1.952894498156488856e-01
1.907311610259105339e-01
1.899577350460425196e-01
1.896012569953542115e-01
1.886341199416864678e-01
1.885215147487696863e-01
1.885363569340947065e-01
1.879925443926610262e-01
1.877560287414255236e-01
1.876759372910216939e-01
1.876197565261299993e-01
1.874020759263524127e-01
1.870025581752210453e-01
1.867924391621274549e-01
1.866113063541836314e-01
1.864833601371734262e-01
1.864560986864817471e-01
1.862701826153937978e-01
1.862794686183724679e-01
1.860040647736446451e-01
1.859106705600582776e-01
1.857724740504868022e-01
1.857387656515580576e-01
1.857495594478870693e-01
1.854992243459628876e-01
1.854097299008635180e-01
1.853690347057774523e-01
1.853134351827698811e-01
1.852266746873506564e-01
1.851153338443608520e-01
1.850511787409575559e-01
1.848725511422383561e-01
1.847555964704468145e-01
1.846930360826357087e-01
1.845920596152631488e-01
1.845881252914795545e-01
1.845526482388992195e-01
1.844814697708328510e-01
1.842950372043452023e-01
1.841737773223975361e-01
1.839876601963966463e-01
1.839455752765792595e-01
1.838619406465746287e-01
1.838842241420282075e-01
1.837282021653426078e-01
1.837144630079170504e-01
1.835949217442115755e-01
1.833529439287578389e-01
1.830330541690403379e-01
1.828417708033230060e-01
1.828224684984369186e-01
1.827217418170521135e-01
1.825396536856526697e-01
1.824169943641614222e-01
1.824770223718829576e-01
1.823129481052997436e-01
1.821725142703982669e-01
1.819560232661861787e-01
1.816708049474941578e-01
1.815050410094078970e-01
1.812673797957896349e-01
1.809366711687921681e-01
1.807118023203080071e-01
1.806544486747992395e-01
1.805261986157568888e-01
1.804194986475715079e-01
1.802039803972395327e-01
1.800660612395482696e-01
1.799620889896734466e-01
1.797880515481661834e-01
1.795131926396154598e-01
1.793822343120606844e-01
1.793118817031626455e-01
1.792394354890121111e-01
1.789328385840006086e-01
1.787229778650419043e-01
1.785644684074145505e-01
1.783251843731443187e-01
1.782605794429226176e-01
1.779059907583125100e-01
1.776251454257619933e-01
1.774268449777877676e-01
1.773801978855815698e-01
1.771845665377213552e-01
1.768182450537492123e-01
1.764535584249674327e-01
1.762170015239635235e-01
1.759230440656357752e-01
1.757383660715448603e-01
1.757442968408408079e-01
1.755269359268531726e-01
1.752747126042936143e-01
1.750865351552886862e-01
1.748503710368582431e-01
1.745847558261238164e-01
1.743778482285494591e-01
1.742584560960207807e-01
1.741114600026754111e-01
1.736263906711451588e-01
1.734410073986942802e-01
1.729077527417457738e-01
1.719939854653456113e-01
1.717416960706809048e-01
1.716650130929816276e-01
1.712787340061701358e-01
1.711824187530140429e-01
1.708882559478757945e-01
1.706941841383300129e-01
1.707504747022029479e-01
1.701721500619578220e-01
1.699646962483652990e-01
1.698688691419287800e-01
1.693554162935921592e-01
1.688851161984616378e-01
1.689075731956818649e-01
1.689126523712128902e-01
1.687090363997254261e-01
1.685266196041581288e-01
1.682207847758896979e-01
1.678843006763491574e-01
1.676592028292073766e-01
1.671031286665867754e-01
1.668274518917647609e-01
1.663011883162930082e-01
1.658068568785567853e-01
1.657304914307834165e-01
1.650434449199803533e-01
1.646329616370789672e-01
1.640795441686122846e-01
1.640693072337310876e-01
1.638881084018151690e-01
1.635651768166357101e-01
1.632803329276319992e-01
1.633679865254778485e-01
1.629059526734226160e-01
1.626533790991072648e-01
1.625097866619829301e-01
1.622151549605362064e-01
1.616276046060827476e-01
1.616884713576061672e-01
1.613053957957407136e-01
1.608981900335483550e-01
1.605543371651486084e-01
1.600301059287070060e-01
1.593933313381986350e-01
1.593396420384536882e-01
1.592423316483471962e-01
1.591906520821262105e-01
1.591571819543014521e-01
1.585480025429716888e-01
1.582286238957784918e-01
1.581509720650080830e-01
1.579168709138003557e-01
1.566321662074535714e-01
1.564225310618772291e-01
1.559313739891635409e-01
1.554944744939987522e-01
1.554185978137447022e-01
1.546175501746778480e-01
1.545297310862213114e-01
1.544661143260462610e-01
1.540953225492282808e-01
1.539600569786672424e-01
1.536860309068897867e-01
1.535682750388940587e-01
1.527923619000092215e-01
1.529880386965214445e-01
1.524913188519446405e-01
1.519544177868187296e-01
1.518573596035567019e-01
1.513417017945044296e-01
1.515059899528920784e-01
1.507830787853556287e-01
1.502129264908827200e-01
1.494169362660227873e-01
1.496830513954865161e-01
1.495838209315950573e-01
1.496488323713432156e-01
1.495655196340719695e-01
1.487998069165955284e-01
1.487249421952768769e-01
1.479306851571207115e-01
1.477932327366669463e-01
1.483249139185667531e-01
1.479585309575475738e-01
1.474445450877459596e-01
1.480345129585303177e-01
1.470055698066586036e-01
1.466304397698107442e-01
1.462205070280040986e-01
1.451737077003348864e-01
1.443736860416745815e-01
1.441141708061104143e-01
1.437811924635061522e-01
1.439521191928204713e-01
1.439860597879106807e-01
1.434013943526632751e-01
1.423519929922663629e-01
1.410309241167614913e-01
1.410600584232406807e-01
1.407933824345287133e-01
1.411140178886027274e-01
1.412326691766662701e-01
1.409063274993271886e-01
1.405929732527957110e-01
1.405269534425277744e-01
1.400676163211237446e-01
1.399164323221830653e-01
1.406220736891231060e-01
1.407487367106458609e-01
1.412190896839377319e-01
1.398903756533730613e-01
1.399811671567859628e-01
1.393854072037194192e-01
1.393552700829496505e-01
1.391281599968414162e-01
1.398745110235871392e-01
1.397336082429386783e-01
1.394505378754107849e-01
1.394592288250002254e-01
1.403396874924497661e-01
1.400221245627895073e-01
1.403620600243045413e-01
1.398601378253005179e-01
1.401833633681362767e-01
1.419423855237094412e-01
1.416189189715391372e-01
1.414469092957132690e-01
1.411143448559606661e-01
1.418480756200921900e-01
1.419871169515349585e-01
1.419208833751960386e-01
1.431530897081796649e-01
1.449525888311667954e-01
1.460759714362073192e-01
1.469677182204395804e-01
1.480652974767334706e-01
1.492581643369594868e-01
1.484329999994614402e-01
1.494670910052312562e-01
1.495545128461071849e-01
1.500928789176041167e-01
1.503522162389146488e-01
1.514503506930453547e-01
1.514247300355129056e-01
1.533369586370106619e-01
1.542022335694950841e-01
1.550131681892078228e-01
1.551951513979824004e-01
1.546926174087921158e-01
1.568687228067879580e-01
1.572318115273505235e-01
1.583560097370751707e-01
1.580825968019064776e-01
1.602576211310899057e-01
1.611194199528797055e-01
1.616648819552989058e-01
1.647726783053137800e-01
1.653270068822297600e-01
1.689983129245713200e-01
1.696047970981168773e-01
1.713782869658899144e-01
1.726948690631703309e-01
1.759509977583735285e-01
1.796877235230195380e-01
1.826346630832599849e-01
1.843254919906976708e-01
1.871839077274449759e-01
1.902927415750375328e-01
1.921773598857364207e-01
1.958701649060444749e-01
1.982868114046371644e-01
2.008592589929215078e-01
2.027641547358677299e-01
2.067252502289179394e-01
2.096021588107994382e-01
2.143660301358341624e-01
2.185747068744303134e-01
2.238099140818779476e-01
2.282560541598951942e-01
2.332216717586005905e-01
2.377579580106743695e-01
2.419413739613707481e-01
2.484869173422834254e-01
2.537897068434772918e-01
2.597657907943473066e-01
2.651981594752109150e-01
2.725926560355073081e-01
2.771030857111792534e-01
2.851743082708844690e-01
2.954527444749697751e-01
3.064280180531112618e-01
3.116106060509368780e-01
3.189602341951943698e-01
3.298462498359676087e-01
3.426434613138518714e-01
3.477080482931687588e-01
3.589965599850510891e-01
3.697814364466852077e-01
3.780250872721035438e-01
3.861988871511117805e-01
3.988092199186563103e-01
4.161859118890549047e-01
4.332905810785581124e-01
4.451485582506751193e-01
4.620960910136429622e-01
4.829559838758074597e-01
5.022135044747206845e-01
5.218424120915884368e-01
5.400604784844367234e-01
5.577400559928888946e-01
5.775730364409726869e-01
6.036801138911653819e-01
6.254840508740117100e-01
6.601652853438602087e-01
7.017353317577913474e-01
7.672589223731441921e-01
