1.468560727080469664e-03
1.595919291664715245e-01
3.215831752449805903e-01
4.856765287360541028e-01
6.476005073773616338e-01
8.123160846625547826e-01
9.726256448110129904e-01
1.148053561470632866e+00
1.328190198734394478e+00
1.512346065370977710e+00
1.699764402711861244e+00
1.886930487163238412e+00
2.058524159902340056e+00
2.247119677394258108e+00
2.436875558177925338e+00
2.625185189061748581e+00
2.807104413411374289e+00
2.987358768690248745e+00
3.167125435049408466e+00
3.355720952541341173e+00
3.542063010887007479e+00
3.732491566042698938e+00
3.918766356951162155e+00
4.113315042635472985e+00
4.294208438567766351e+00
4.480802749802935914e+00
4.660703951036466286e+00
4.840302448802596302e+00
5.020136382598927582e+00
5.182144445536718713e+00
5.369192811972968826e+00
5.561319869917974223e+00
5.744130387810516325e+00
5.931901879196688654e+00
6.099543590000157778e+00
6.276014151936390562e+00
6.466896762293157686e+00
6.657224416293010094e+00
6.843230137452633421e+00
7.025082094365030727e+00
7.212399530550094084e+00
7.402727184549947381e+00
7.584612775180947786e+00
7.768045516867610800e+00
7.954774362977142133e+00
8.135566857753618208e+00
8.323540151451398472e+00
8.505459375801013522e+00
8.685141957863653062e+00
8.853254540727549582e+00
9.033323910554091896e+00
9.213006492616694132e+00
9.383776139250070258e+00
9.557707355431938723e+00
9.714350840252867769e+00
9.877132478718484876e+00
1.006478625208955968e+01
1.023787662530636844e+01
1.042410096563690303e+01
1.060057152757313226e+01
1.076145286093780662e+01
1.095062015164591074e+01
1.112920963785398065e+01
1.130290541800564519e+01
1.146662880059211886e+01
1.163252155802832455e+01
1.181329723594548753e+01
1.198420141745325118e+01
1.217040894092445846e+01
1.231353167086781042e+01
1.249043947114588704e+01
1.266559831805665937e+01
1.284449050773216072e+01
1.301500790147600206e+01
1.319664123921749876e+01
1.336339165647803462e+01
1.355282801693494044e+01
1.373340189254048305e+01
1.391707007025731713e+01
1.408444271131201475e+01
1.425684359329751594e+01
1.443085889377583619e+01
1.460282253741953618e+01
1.479135078747422583e+01
1.497000754111953391e+01
1.514055856858199078e+01
1.531919850536795735e+01
1.548199696069286624e+01
1.562977796066248182e+01
1.577876977450171481e+01
1.593453878263903434e+01
1.610149100221118701e+01
1.626472669587792907e+01
1.643795160396914312e+01
1.661879454932352829e+01
1.678756298970009553e+01
1.693827012318799063e+01
1.708465532383561580e+01
1.725695530466529348e+01
1.742035916692506348e+01
1.760063033906320129e+01
1.778991534778637629e+01
1.798247964407321930e+01
1.816054780764318011e+01
1.834825203159224927e+01
1.851974480317558047e+01
1.868363635435525794e+01
1.884382819648871887e+01
1.899774735010306159e+01
1.915888093635735956e+01
1.932776709474916998e+01
1.949441661085405642e+01
1.967298928020293047e+01
1.983064177658201999e+01
1.998160116295953515e+01
2.013775695886081252e+01
2.031656506423992781e+01
2.050003143964532271e+01
2.068422094000052525e+01
2.086856179208961493e+01
2.102935904115783572e+01
2.117650100047405459e+01
2.133770185416560139e+01
2.150352734416467726e+01
2.166361828514235910e+01
2.184165281499370792e+01
2.201921647278453165e+01
2.219736872065099931e+01
2.237501646273835831e+01
2.254539932160793114e+01
2.269395389710544819e+01
2.286566528785967378e+01
2.304339711424360715e+01
2.321761421703359574e+01
2.339818809263936217e+01
2.354420332238241542e+01
2.370637955391332596e+01
2.388537264474482669e+01
2.406359216004835488e+01
2.421090228795765498e+01
2.437178362132244303e+01
2.453332081219995331e+01
2.467622492297241621e+01
2.483372606761787438e+01
2.500580742927676781e+01
2.514667670007386491e+01
2.529800605735593777e+01
2.546593365476767445e+01
2.563920901343691483e+01
2.579975400961562571e+01
2.597230624333503002e+01
2.612400557152179559e+01
2.629171454976254196e+01
2.645649739448504079e+01
2.663549048531649177e+01
2.681177606180044393e+01
2.697879554880994846e+01
2.713863423689817722e+01
2.729339423347751037e+01
2.744361367804579288e+01
2.760353645043050719e+01
2.778670012236831610e+01
2.795595625166485121e+01
2.812687725003207717e+01
2.830618986119018388e+01
2.846895468279669927e+01
2.864488710523546544e+01
2.881563993500968834e+01
2.896365637100948121e+01
2.914046327013180360e+01
2.931124973362467045e+01
2.947969865367469922e+01
2.962702559844320760e+01
2.980136041924834345e+01
2.998193429485404948e+01
3.015364568560846337e+01
3.032631563734292968e+01
3.049515134515684878e+01
3.065118942304306415e+01
3.081455965158427546e+01
3.098122598454842702e+01
3.115882327605795865e+01
3.133536110543162678e+01
3.148684181444735586e+01
3.165154057487329808e+01
3.181383452441932747e+01
3.195727677468946482e+01
3.211247400961064358e+01
3.227369168016142709e+01
3.242095135749275414e+01
3.258063869384726274e+01
3.272233199075007803e+01
3.288329740841131610e+01
3.306444305723320554e+01
3.323738207871654993e+01
3.338980453185311603e+01
3.354814651946350068e+01
3.373009937753186449e+01
3.390993331132838762e+01
3.408304050140458230e+01
3.425105218311274058e+01
3.442626148060163160e+01
3.459740109813978393e+01
3.476926384062777231e+01
3.494094159766349605e+01
3.510488359942100089e+01
3.527082680743523468e+01
3.545003851743761203e+01
3.561117210369195618e+01
3.576246782725549878e+01
3.592506448026892940e+01
3.607962267453646632e+01
3.622762229367667430e+01
3.638559431038201808e+01
3.654309545502692913e+01
3.670337138145645639e+01
3.686743110122868927e+01
3.703606500673058832e+01
3.721552896962207768e+01
3.738209440143000961e+01
3.755767366982296807e+01
3.772148113670576208e+01
3.786430116318142325e+01
3.802144915378106305e+01
3.820308249152223112e+01
3.837316264692405099e+01
3.853207640775025311e+01
3.870067667953347268e+01
3.887741631121814834e+01
3.903380754314926548e+01
3.920773875933082309e+01
3.937425374056083172e+01
3.954884081425517195e+01
3.971412816475629626e+01
3.987125933849657855e+01
4.005198456583555355e+01
4.022371277344888796e+01
4.039586140254460389e+01
4.056052652925156821e+01
4.073713162606197358e+01
4.090621958676496206e+01
4.107211234420088886e+01
4.123608797967651185e+01
4.138761913926980895e+01
4.154345541484406112e+01
4.168903340624498099e+01
4.183427506045983080e+01
4.200497743965565434e+01
4.216394165105977265e+01
4.234034494555859851e+01
4.251180408342300154e+01
4.268898095344942334e+01
4.284826468518019738e+01
4.301106314050488777e+01
4.316856428514995514e+01
4.333233811831406967e+01
4.350060205291148208e+01
4.366720111843802954e+01
4.383253891951697767e+01
4.400493980150220352e+01
4.416533344594681409e+01
4.432063158202344511e+01
4.449901926591968504e+01
4.467654928999158415e+01
4.484459460541794584e+01
4.500850297345641593e+01
4.515877286860218476e+01
4.533958218023767728e+01
4.550332237968313365e+01
4.566482593684160207e+01
4.583028145593571168e+01
4.598811893776664306e+01
4.615756005251491700e+01
4.631556570293886921e+01
4.649072454984930403e+01
4.666241912374395895e+01
4.684248849357028632e+01
4.700779266093074682e+01
4.715592681494531746e+01
4.732642739182970359e+01
4.747819398745318864e+01
4.762454555438186077e+01
4.777742206271918946e+01
4.794782173844767215e+01
4.812230791098605209e+01
4.830293223716920181e+01
4.847896556076334207e+01
4.864896163186864442e+01
4.880880031995641843e+01
4.896816813598375973e+01
4.912469390278928927e+01
4.928707193663141339e+01
4.945040853145366810e+01
4.962139679725765973e+01
4.978639826115064437e+01
4.994768319913821131e+01
5.009938252732445818e+01
5.026601522656949328e+01
5.043473321636786721e+01
5.060336712186982311e+01
5.077247189943227568e+01
5.095694728639534077e+01
5.111725684654349777e+01
5.128609255435700476e+01
5.144934506488275616e+01
5.161579277867563320e+01
5.178874861701781640e+01
5.195985460083691265e+01
5.211565724269249955e+01
5.228175180243992770e+01
5.243913522906974123e+01
5.260450666386736174e+01
5.275761860823489258e+01
5.293010357451665726e+01
5.310524560456793353e+01
5.327292094908971620e+01
5.344654946180386901e+01
5.361161819313402788e+01
5.378381727280766000e+01
5.394466497245348080e+01
5.411479557843314581e+01
5.428196092320799693e+01
