5.279426766233356536e-03
2.004459566412559318e-03
7.727088761612388185e-04
3.816890807646527756e-04
3.029125905152756917e-04
2.808078831753410705e-04
2.731422977242177648e-04
2.709349849036834222e-04
2.698820379457846324e-04
2.685904424242633779e-04
2.682885797548347330e-04
2.681555111717520722e-04
2.674273592361104085e-04
2.672798077028860604e-04
2.671538850717511404e-04
2.670576002956633987e-04
2.667746338979127348e-04
2.664493122184660159e-04
2.661698319250830409e-04
2.659919047720035561e-04
2.658053460752133885e-04
2.656680355896226032e-04
2.655509326114360792e-04
2.654816654709449253e-04
2.651237764266859407e-04
2.649487489461606077e-04
2.647937158014104786e-04
2.645714186227567512e-04
2.644128095610715021e-04
2.639719387036288767e-04
2.638355789790037078e-04
2.637142093404737375e-04
2.634826491441956951e-04
2.633691486555741297e-04
2.629697215196596070e-04
2.627422809441495627e-04
2.625636643430668865e-04
2.624231844315331606e-04
2.623081694368175460e-04
2.621183147269051140e-04
2.619899897238235284e-04
2.619038870520375259e-04
2.618149750655187485e-04
2.617051378642983625e-04
2.616258113387549995e-04
2.614012978416145171e-04
2.611686145408082600e-04
2.610100098273831527e-04
2.607259639707113679e-04
2.605812458775211607e-04
2.604284217701338406e-04
2.602606793651277440e-04
2.599281773155932341e-04
2.596122816985991740e-04
2.592058766084675463e-04
2.589437384710547370e-04
2.587230761579685859e-04
2.586268566038461511e-04
2.585166425123091205e-04
2.584054229098664318e-04
2.580105074421602633e-04
2.578930861678692594e-04
2.575842055119256118e-04
2.571598909356709642e-04
2.568366420736987120e-04
2.565249414353469419e-04
2.562526349760584402e-04
2.559103533933371438e-04
2.557976506801070619e-04
2.555125323594085660e-04
2.552179608333976198e-04
2.545490510378572275e-04
2.541844907250942042e-04
2.538856722913554790e-04
2.536955729107350909e-04
2.533539726737351195e-04
2.530661986341133682e-04
2.528324276665769375e-04
2.524941537019372712e-04
2.522259455931438439e-04
2.514024091366539888e-04
2.510445244288044366e-04
2.506959481762708946e-04
2.504502538756741615e-04
2.501272838891760008e-04
2.495830454514948887e-04
2.493296950424415807e-04
2.488494654747876091e-04
2.484541138399174224e-04
2.480512211034085861e-04
2.474890934313691833e-04
2.470265894984390660e-04
2.466306752314261809e-04
2.463864073455331407e-04
2.460561193801533630e-04
2.457161775395560717e-04
2.449316806395504076e-04
2.443132039917377441e-04
2.438928953458743473e-04
2.435595290438629886e-04
2.433989456170277180e-04
2.431789381372540871e-04
2.428376934911642671e-04
2.423891202082252094e-04
2.420392044884570558e-04
2.399122665898009645e-04
2.371258577310659187e-04
2.366068501610390791e-04
2.360292281919247875e-04
2.353564284179006708e-04
2.351630689115921560e-04
2.346433456964044277e-04
2.342784787471044418e-04
2.340521772193664889e-04
2.331347479642599399e-04
2.324395961148443916e-04
2.319392622186283379e-04
2.316220122362908508e-04
2.311488375161268748e-04
2.309013740483394658e-04
2.304967260122280483e-04
2.301741610262454337e-04
2.296132527756845378e-04
2.292044865045625977e-04
2.285861606866646813e-04
2.284092322881401673e-04
2.273296327240628050e-04
2.270213423820802276e-04
2.263287875599514500e-04
2.255613277296327835e-04
2.250009738759002457e-04
2.240823504694692961e-04
2.233720729645006814e-04
2.224295468870239015e-04
2.219158774494924512e-04
2.210209171714900634e-04
2.205709933803358727e-04
2.200401488565653803e-04
2.196121452419916081e-04
2.188513247597641341e-04
2.183533747623656322e-04
2.177942349085014190e-04
2.164653609240234648e-04
2.149026950069254341e-04
2.147280170840666863e-04
2.143102675412062027e-04
2.128047661014707858e-04
2.122590579657448768e-04
2.116529333565862997e-04
2.110658120507357901e-04
2.107046729530704461e-04
2.096609737724745696e-04
2.091161342577005735e-04
2.085435529031046196e-04
2.079875474932816942e-04
2.076937689447446887e-04
2.072731100371617342e-04
2.062743562452584419e-04
2.043395229852929809e-04
2.026815020519451217e-04
2.014847313852718286e-04
2.004177180400760355e-04
1.996728290530035978e-04
1.989701047138707675e-04
1.985353218907290058e-04
1.981858666484645275e-04
1.978569544138963823e-04
1.968712615555037564e-04
1.961173203555431383e-04
1.954909454928555447e-04
1.950633259063701004e-04
1.947893464523690259e-04
1.931694162123794554e-04
1.923634931791960235e-04
1.920101205604115072e-04
1.912886346049226364e-04
1.909464380899591367e-04
1.901738948758955228e-04
1.893116502714031616e-04
1.881151604598860574e-04
1.880616345518915827e-04
1.875565890276523011e-04
1.872221465969024681e-04
1.859891605257447261e-04
1.850742602852804407e-04
1.844217718458157379e-04
1.835740532963034204e-04
1.828010840388667811e-04
1.827468943821970076e-04
1.813291797064031717e-04
1.799399476200048715e-04
1.800051713067860124e-04
1.787238247036639647e-04
1.777673312336808178e-04
1.771418786054989192e-04
1.744374820768232004e-04
1.728200615664760541e-04
1.725490320767129806e-04
1.715194246007368086e-04
1.708666957055598524e-04
1.703515958664494803e-04
1.685823765889193839e-04
1.671324971877986745e-04
1.649335496443487810e-04
1.647181792028831141e-04
1.645120202655925756e-04
1.641266257518394578e-04
1.641552922645324027e-04
1.630476444698476454e-04
1.618370491138017731e-04
1.598102737991051903e-04
1.580665238254145774e-04
1.584264686141032550e-04
1.586070829384318465e-04
1.587522858450624778e-04
1.591216728228767279e-04
1.563948475687250233e-04
1.556366101172458269e-04
1.548465265035149001e-04
1.537799225309268597e-04
1.531557017470569005e-04
1.531055576343523820e-04
1.520062701931949064e-04
1.517249665329213246e-04
1.514768017958242582e-04
1.517852556534001808e-04
1.505635987496851014e-04
1.507670624568372840e-04
1.500822711424289885e-04
1.499500437144937889e-04
1.509578835170648594e-04
1.505993054503923956e-04
1.502343978760973424e-04
1.503445056343074638e-04
1.504255467169653842e-04
1.502166798702079826e-04
1.504882083537017502e-04
1.519257874175067606e-04
1.532136600390324882e-04
1.544939766903865935e-04
1.557967974234877938e-04
1.541130891236975643e-04
1.562756126012046444e-04
1.556299976961150516e-04
1.569871175458421799e-04
1.563028402955066610e-04
1.573262185782946015e-04
1.572185620557008481e-04
1.577168969328880069e-04
1.579472311589002326e-04
1.604461809745301090e-04
1.617284341536458757e-04
1.612070990386220469e-04
1.611244612281160951e-04
1.604726775470298656e-04
1.622658229553288075e-04
1.631295178844051493e-04
1.628470473184189936e-04
1.642922638355117249e-04
1.669022337080140641e-04
1.688435038634544685e-04
1.695046469465147875e-04
1.737768556728788770e-04
1.755080309978335868e-04
1.821995377120011407e-04
1.840904532142233468e-04
1.870930143916301597e-04
1.884632212052745714e-04
1.938806980843789656e-04
2.011161813818543504e-04
2.080640549218617011e-04
2.112143453019202637e-04
2.163725020512298751e-04
2.228104163180709895e-04
2.280220656801718385e-04
2.350378294156675010e-04
2.407911071743798774e-04
2.507229681814032024e-04
2.529318125012987393e-04
2.623976397013368122e-04
2.722532080717445912e-04
2.861223793359944016e-04
2.948676347858124368e-04
3.098379989125082468e-04
3.192499983180598576e-04
3.322743030886252938e-04
3.460774668646942297e-04
3.576512714005044007e-04
3.761212365724091091e-04
3.904248348995539527e-04
4.084559245340398255e-04
4.259377891375134575e-04
4.490150227793235490e-04
4.686234109606289056e-04
4.957722810376239547e-04
5.282558327747836381e-04
5.689923481023667455e-04
5.894144604951199193e-04
6.138842481699957089e-04
6.552251541781449170e-04
7.134894070482357062e-04
7.349635129599382420e-04
7.921089456963193495e-04
8.524696955129295976e-04
8.861620518848329275e-04
9.283466451502597446e-04
9.868794698181544006e-04
1.069382272585992421e-03
1.156879717050708070e-03
1.202550318307026283e-03
1.289588653389037902e-03
1.424000116981249042e-03
1.537544217777721484e-03
1.673050709084817917e-03
1.775285227610146803e-03
1.882678140195266680e-03
2.003992578908962881e-03
2.197968544846929956e-03
2.372632646948091839e-03
2.692834047084165846e-03
3.030308233125215099e-03
3.550675410388918259e-03
