1.000000000000000 0.157439512467330 0.000002605008273 0.020318819280415
2.866792667777777 0.451346439959851 0.000013526251901 0.043941430996740
4.733585335555555 0.745253367452371 0.000031823921053 0.067112677015174
6.600378003333333 1.039160294944892 0.000057677359262 0.090350087061095
8.467170671111109 1.333067222437412 0.000098896557294 0.115023966313746
10.333963338888887 1.626974149929933 0.000149950043714 0.140183363368136
12.200756006666666 1.920881077422453 0.000202981100839 0.163919292909317
14.067548674444442 2.214788004914974 0.000247861393137 0.183885770559245
15.934341342222220 2.508694932407494 0.000279239738254 0.198838969405870
17.801134009999998 2.802601859900015 0.000320130404015 0.220267905076929
